# CREATED BY GENE DIAGNOSTICS TOOL on Wed May  7 16:04:54 2025 /home/unix/ottink/gene/diagnostics
# diag: phases, run(s): ky03v4, time window: 128.69256-134.51656(1 steps), species: i
# original data path: /Differ/Data/IMT/lottink/Tokamak_nTEM/vgrid/
# normalization: L_ref=1.65m
#
# x axis
#  phase    
 -3.1416E+00
 -3.0403E+00
 -2.9389E+00
 -2.8376E+00
 -2.7362E+00
 -2.6349E+00
 -2.5335E+00
 -2.4322E+00
 -2.3309E+00
 -2.2295E+00
 -2.1282E+00
 -2.0268E+00
 -1.9255E+00
 -1.8242E+00
 -1.7228E+00
 -1.6215E+00
 -1.5201E+00
 -1.4188E+00
 -1.3174E+00
 -1.2161E+00
 -1.1148E+00
 -1.0134E+00
 -9.1208E-01
 -8.1073E-01
 -7.0939E-01
 -6.0805E-01
 -5.0671E-01
 -4.0537E-01
 -3.0402E-01
 -2.0268E-01
 -1.0134E-01
  0.0000E+00
  1.0134E-01
  2.0268E-01
  3.0403E-01
  4.0537E-01
  5.0671E-01
  6.0805E-01
  7.0939E-01
  8.1073E-01
  9.1208E-01
  1.0134E+00
  1.1148E+00
  1.2161E+00
  1.3174E+00
  1.4188E+00
  1.5201E+00
  1.6215E+00
  1.7228E+00
  1.8242E+00
  1.9255E+00
  2.0268E+00
  2.1282E+00
  2.2295E+00
  2.3309E+00
  2.4322E+00
  2.5335E+00
  2.6349E+00
  2.7362E+00
  2.8376E+00
  2.9389E+00
  3.0403E+00
  3.1416E+00


# y axis
#  ky       
  3.0000E-01


#  time[Lref
  1.3452E+02


# time = 134.51656
#  phi_x_n,p
  0.0000E+00
  0.0000E+00
  0.0000E+00
  0.0000E+00
  0.0000E+00
  0.0000E+00
  0.0000E+00
  0.0000E+00
  0.0000E+00
  0.0000E+00
  0.0000E+00
  0.0000E+00
  0.0000E+00
  0.0000E+00
  0.0000E+00
  0.0000E+00
  0.0000E+00
  8.6146E-12
  0.0000E+00
  0.0000E+00
  0.0000E+00
  0.0000E+00
  0.0000E+00
  0.0000E+00
  0.0000E+00
  0.0000E+00
  0.0000E+00
  0.0000E+00
  0.0000E+00
  0.0000E+00
  2.9654E-10
  3.4703E-10
  7.3695E-09
  7.6112E-09
  2.4139E-08
  5.5106E-08
  8.7946E-08
  1.4990E-07
  1.6056E-07
  4.4906E-07
  1.8304E-06
  4.3947E-06
  5.3057E-07
  6.4380E-07
  2.6440E-07
  9.4822E-08
  1.2475E-07
  4.4891E-08
  5.0860E-08
  0.0000E+00
  0.0000E+00
  0.0000E+00
  0.0000E+00
  0.0000E+00
  0.0000E+00
  0.0000E+00
  0.0000E+00
  0.0000E+00
  0.0000E+00
  0.0000E+00
  0.0000E+00
  0.0000E+00
  0.0000E+00


# time = 134.51656
#  phi_x_Tpa
  0.0000E+00
  0.0000E+00
  0.0000E+00
  0.0000E+00
  0.0000E+00
  0.0000E+00
  1.1164E-09
  7.8864E-10
  0.0000E+00
  7.3612E-10
  5.6822E-09
  4.1638E-09
  5.2034E-09
  1.3569E-09
  1.9480E-08
  7.7555E-09
  9.7571E-09
  1.7644E-08
  1.8345E-09
  2.9122E-08
  3.4961E-08
  2.3947E-08
  2.8756E-08
  2.0195E-08
  5.9441E-08
  7.3248E-08
  5.0626E-08
  6.8231E-08
  3.2633E-08
  8.9880E-08
  9.6377E-08
  1.5634E-07
  2.5916E-07
  1.7760E-07
  6.5462E-07
  1.4122E-06
  1.5543E-06
  3.1561E-06
  6.7132E-07
  7.6540E-07
  4.0620E-08
  0.0000E+00
  1.5154E-08
  2.0451E-08
  1.7757E-08
  4.0503E-09
  6.3905E-09
  0.0000E+00
  8.7733E-09
  2.7779E-09
  0.0000E+00
  0.0000E+00
  0.0000E+00
  0.0000E+00
  0.0000E+00
  0.0000E+00
  0.0000E+00
  0.0000E+00
  0.0000E+00
  0.0000E+00
  0.0000E+00
  0.0000E+00
  0.0000E+00


# time = 134.51656
#  phi_x_Tpe
  2.5688E-09
  3.1137E-09
  1.2349E-08
  1.7453E-08
  2.9206E-08
  2.5920E-08
  4.4457E-08
  5.5729E-08
  8.5632E-08
  1.1361E-07
  3.6065E-07
  5.6074E-06
  1.6681E-06
  6.1030E-07
  4.1649E-07
  2.1472E-07
  4.4070E-08
  6.5280E-08
  0.0000E+00
  0.0000E+00
  0.0000E+00
  0.0000E+00
  0.0000E+00
  0.0000E+00
  0.0000E+00
  0.0000E+00
  0.0000E+00
  0.0000E+00
  0.0000E+00
  0.0000E+00
  0.0000E+00
  0.0000E+00
  0.0000E+00
  0.0000E+00
  0.0000E+00
  0.0000E+00
  0.0000E+00
  0.0000E+00
  0.0000E+00
  0.0000E+00
  0.0000E+00
  0.0000E+00
  0.0000E+00
  0.0000E+00
  0.0000E+00
  0.0000E+00
  0.0000E+00
  0.0000E+00
  0.0000E+00
  0.0000E+00
  3.8194E-12
  0.0000E+00
  0.0000E+00
  0.0000E+00
  0.0000E+00
  0.0000E+00
  0.0000E+00
  0.0000E+00
  0.0000E+00
  0.0000E+00
  0.0000E+00
  0.0000E+00
  0.0000E+00


# time = 134.51656
#  phi_x_n,t
  0.0000E+00
  0.0000E+00
  0.0000E+00
  0.0000E+00
  0.0000E+00
  0.0000E+00
  0.0000E+00
  0.0000E+00
  0.0000E+00
  0.0000E+00
  0.0000E+00
  0.0000E+00
  0.0000E+00
  0.0000E+00
  0.0000E+00
  0.0000E+00
  0.0000E+00
  0.0000E+00
  0.0000E+00
  0.0000E+00
  0.0000E+00
  0.0000E+00
  0.0000E+00
  0.0000E+00
  0.0000E+00
  0.0000E+00
  0.0000E+00
  0.0000E+00
  0.0000E+00
  0.0000E+00
  0.0000E+00
  0.0000E+00
  0.0000E+00
  0.0000E+00
  0.0000E+00
  0.0000E+00
  0.0000E+00
  0.0000E+00
  8.5256E-09
  8.7093E-07
  4.2152E-06
  3.8503E-06
  8.8356E-07
  8.5520E-07
  4.6099E-08
  2.9922E-08
  1.5748E-08
  9.9848E-09
  2.7581E-09
  5.5731E-09
  2.6146E-09
  1.7600E-09
  6.8060E-10
  6.3409E-10
  0.0000E+00
  0.0000E+00
  0.0000E+00
  0.0000E+00
  0.0000E+00
  0.0000E+00
  0.0000E+00
  0.0000E+00
  0.0000E+00


# time = 134.51656
#  phi_x_Tpa
  0.0000E+00
  0.0000E+00
  0.0000E+00
  0.0000E+00
  0.0000E+00
  0.0000E+00
  0.0000E+00
  7.7587E-08
  9.6705E-07
  3.8945E-06
  3.8504E-06
  8.7846E-07
  8.2793E-07
  6.0855E-08
  2.4368E-08
  1.3287E-08
  1.1737E-08
  2.5489E-09
  6.6211E-09
  9.3574E-10
  3.0282E-09
  0.0000E+00
  7.9377E-10
  0.0000E+00
  0.0000E+00
  0.0000E+00
  0.0000E+00
  0.0000E+00
  0.0000E+00
  0.0000E+00
  0.0000E+00
  0.0000E+00
  0.0000E+00
  0.0000E+00
  0.0000E+00
  0.0000E+00
  0.0000E+00
  0.0000E+00
  0.0000E+00
  0.0000E+00
  0.0000E+00
  0.0000E+00
  0.0000E+00
  0.0000E+00
  0.0000E+00
  0.0000E+00
  0.0000E+00
  0.0000E+00
  0.0000E+00
  0.0000E+00
  0.0000E+00
  0.0000E+00
  0.0000E+00
  0.0000E+00
  0.0000E+00
  0.0000E+00
  0.0000E+00
  0.0000E+00
  0.0000E+00
  0.0000E+00
  0.0000E+00
  0.0000E+00
  0.0000E+00


# time = 134.51656
#  phi_x_Tpe
  0.0000E+00
  0.0000E+00
  0.0000E+00
  0.0000E+00
  0.0000E+00
  0.0000E+00
  0.0000E+00
  0.0000E+00
  0.0000E+00
  0.0000E+00
  0.0000E+00
  0.0000E+00
  0.0000E+00
  0.0000E+00
  0.0000E+00
  0.0000E+00
  0.0000E+00
  0.0000E+00
  0.0000E+00
  0.0000E+00
  0.0000E+00
  0.0000E+00
  0.0000E+00
  0.0000E+00
  0.0000E+00
  0.0000E+00
  1.5947E-08
  5.0758E-07
  9.3935E-07
  6.1212E-07
  6.9909E-07
  1.2545E-06
  1.2554E-06
  1.8838E-06
  2.7371E-06
  4.0327E-07
  5.8892E-07
  9.0910E-09
  4.5241E-10
  3.5473E-09
  5.2317E-09
  5.3132E-09
  4.6910E-09
  2.7863E-09
  2.3063E-09
  7.4597E-10
  4.9507E-09
  0.0000E+00
  3.4998E-10
  7.5420E-10
  0.0000E+00
  1.2685E-09
  8.7544E-10
  1.0862E-09
  1.6419E-09
  7.2799E-10
  7.4179E-10
  0.0000E+00
  6.0570E-10
  0.0000E+00
  0.0000E+00
  0.0000E+00
  0.0000E+00
