# CREATED BY GENE DIAGNOSTICS TOOL on Wed May  7 16:06:57 2025 /home/unix/ottink/gene/diagnostics
# diag: phases, run(s): ky01275v2, time window: 254.12701-267.09385(1 steps), species: e
# original data path: /Differ/Data/IMT/lottink/RFP_nTEM/vgrid/
# normalization: L_ref=1.5m
#
# x axis
#  phase    
 -3.1416E+00
 -3.0403E+00
 -2.9389E+00
 -2.8376E+00
 -2.7362E+00
 -2.6349E+00
 -2.5335E+00
 -2.4322E+00
 -2.3309E+00
 -2.2295E+00
 -2.1282E+00
 -2.0268E+00
 -1.9255E+00
 -1.8242E+00
 -1.7228E+00
 -1.6215E+00
 -1.5201E+00
 -1.4188E+00
 -1.3174E+00
 -1.2161E+00
 -1.1148E+00
 -1.0134E+00
 -9.1208E-01
 -8.1073E-01
 -7.0939E-01
 -6.0805E-01
 -5.0671E-01
 -4.0537E-01
 -3.0402E-01
 -2.0268E-01
 -1.0134E-01
  0.0000E+00
  1.0134E-01
  2.0268E-01
  3.0403E-01
  4.0537E-01
  5.0671E-01
  6.0805E-01
  7.0939E-01
  8.1073E-01
  9.1208E-01
  1.0134E+00
  1.1148E+00
  1.2161E+00
  1.3174E+00
  1.4188E+00
  1.5201E+00
  1.6215E+00
  1.7228E+00
  1.8242E+00
  1.9255E+00
  2.0268E+00
  2.1282E+00
  2.2295E+00
  2.3309E+00
  2.4322E+00
  2.5335E+00
  2.6349E+00
  2.7362E+00
  2.8376E+00
  2.9389E+00
  3.0403E+00
  3.1416E+00


# y axis
#  ky       
  1.2750E-01


#  time[Lref
  2.6709E+02


# time = 267.09385
#  phi_x_n,p
  0.0000E+00
  0.0000E+00
  1.9948E-10
  2.8199E-10
  4.0728E-10
  2.6674E-10
  0.0000E+00
  0.0000E+00
  1.7465E-10
  2.3490E-09
  0.0000E+00
  0.0000E+00
  1.0487E-09
  8.2283E-10
  5.5821E-10
  1.0131E-09
  2.4494E-10
  6.3956E-10
  9.7401E-10
  1.5127E-09
  2.0978E-09
  1.1429E-09
  7.9239E-10
  1.8258E-09
  1.1341E-09
  2.1639E-09
  7.1291E-09
  3.1623E-09
  2.3413E-08
  5.3361E-08
  7.7865E-07
  1.0262E-05
  1.7604E-06
  6.0989E-07
  3.0989E-07
  4.5412E-09
  7.6209E-08
  3.7787E-08
  4.8820E-10
  1.2807E-08
  1.9119E-08
  1.4581E-09
  3.3405E-09
  1.6612E-08
  6.1945E-10
  0.0000E+00
  4.8874E-10
  2.2453E-09
  4.4156E-09
  6.1551E-09
  0.0000E+00
  1.1446E-10
  6.7132E-09
  4.9424E-09
  7.6032E-09
  2.0676E-09
  1.7079E-08
  1.0292E-08
  2.4919E-08
  1.7498E-08
  0.0000E+00
  2.8278E-10
  0.0000E+00


# time = 267.09385
#  phi_x_Tpa
  0.0000E+00
  0.0000E+00
  1.1811E-10
  0.0000E+00
  0.0000E+00
  5.0648E-11
  7.3895E-11
  0.0000E+00
  0.0000E+00
  0.0000E+00
  0.0000E+00
  0.0000E+00
  1.0116E-10
  3.8758E-10
  2.9048E-10
  1.4084E-09
  4.1802E-10
  0.0000E+00
  2.0872E-10
  0.0000E+00
  1.5119E-10
  4.8899E-10
  1.3071E-09
  5.5238E-11
  9.4369E-10
  4.2360E-09
  1.4870E-08
  8.9742E-09
  6.7396E-08
  1.0629E-08
  4.4148E-07
  1.1879E-05
  2.0134E-06
  6.3412E-07
  1.0753E-09
  4.2717E-09
  2.8565E-09
  3.1131E-09
  9.0420E-10
  1.8378E-10
  0.0000E+00
  4.2633E-10
  0.0000E+00
  1.1896E-10
  2.2940E-10
  4.0817E-10
  0.0000E+00
  0.0000E+00
  0.0000E+00
  0.0000E+00
  0.0000E+00
  0.0000E+00
  0.0000E+00
  0.0000E+00
  0.0000E+00
  0.0000E+00
  0.0000E+00
  0.0000E+00
  7.8047E-11
  2.6432E-10
  0.0000E+00
  3.6519E-11
  0.0000E+00


# time = 267.09385
#  phi_x_Tpe
  5.2619E-06
  6.0987E-08
  6.8540E-09
  2.4454E-08
  9.3469E-09
  1.1269E-08
  9.1726E-09
  2.6186E-08
  6.1414E-09
  2.6980E-09
  5.7586E-09
  5.7505E-10
  0.0000E+00
  0.0000E+00
  3.4476E-09
  0.0000E+00
  0.0000E+00
  0.0000E+00
  0.0000E+00
  0.0000E+00
  0.0000E+00
  0.0000E+00
  0.0000E+00
  0.0000E+00
  3.8895E-10
  0.0000E+00
  0.0000E+00
  0.0000E+00
  2.2648E-10
  8.1294E-10
  0.0000E+00
  0.0000E+00
  0.0000E+00
  2.4467E-10
  0.0000E+00
  0.0000E+00
  3.4417E-10
  4.1113E-10
  0.0000E+00
  0.0000E+00
  0.0000E+00
  5.1292E-10
  0.0000E+00
  2.7978E-10
  6.7564E-10
  8.6595E-10
  2.4660E-09
  2.3557E-09
  2.2174E-09
  2.3091E-09
  1.4145E-09
  1.7197E-09
  1.9952E-09
  3.2082E-10
  5.2060E-09
  1.4250E-09
  1.1186E-08
  1.0573E-07
  1.0095E-07
  2.2888E-07
  3.5261E-07
  4.4189E-07
  5.2954E-06


# time = 267.09385
#  phi_x_n,t
  0.0000E+00
  0.0000E+00
  9.8481E-11
  0.0000E+00
  0.0000E+00
  8.6322E-11
  6.1929E-11
  1.8020E-11
  0.0000E+00
  4.6506E-11
  6.0005E-11
  0.0000E+00
  0.0000E+00
  0.0000E+00
  0.0000E+00
  0.0000E+00
  0.0000E+00
  3.8709E-11
  0.0000E+00
  2.1690E-11
  0.0000E+00
  0.0000E+00
  0.0000E+00
  2.5980E-11
  0.0000E+00
  1.5593E-11
  0.0000E+00
  0.0000E+00
  0.0000E+00
  0.0000E+00
  2.6215E-11
  0.0000E+00
  2.0742E-11
  8.2249E-12
  0.0000E+00
  0.0000E+00
  0.0000E+00
  2.8182E-10
  3.9653E-10
  6.8337E-11
  0.0000E+00
  1.2488E-10
  5.1834E-11
  3.6976E-10
  8.2260E-10
  3.2052E-09
  1.7538E-09
  6.7426E-09
  5.6147E-09
  3.4124E-09
  5.5426E-06
  5.8918E-06
  2.7416E-06
  4.0890E-07
  1.9311E-07
  9.8659E-08
  6.8795E-08
  2.6835E-08
  3.2279E-08
  1.5466E-08
  7.2720E-09
  4.1641E-11
  0.0000E+00


# time = 267.09385
#  phi_x_Tpa
  3.3805E-11
  0.0000E+00
  1.3208E-11
  0.0000E+00
  0.0000E+00
  1.0539E-10
  4.4942E-10
  6.4769E-10
  0.0000E+00
  1.9308E-10
  0.0000E+00
  1.9230E-10
  5.9546E-10
  2.5155E-09
  3.7235E-09
  5.8536E-09
  1.2940E-08
  5.8154E-09
  5.3159E-07
  7.2034E-06
  4.6428E-06
  9.5490E-07
  1.8017E-07
  1.2571E-07
  9.8813E-08
  5.1758E-08
  2.9129E-08
  3.3888E-08
  2.4269E-08
  1.5339E-09
  1.5047E-11
  0.0000E+00
  0.0000E+00
  1.5548E-10
  0.0000E+00
  0.0000E+00
  1.3422E-10
  1.0047E-10
  2.9224E-11
  0.0000E+00
  7.2701E-11
  9.4006E-11
  0.0000E+00
  0.0000E+00
  0.0000E+00
  0.0000E+00
  0.0000E+00
  0.0000E+00
  6.2848E-11
  0.0000E+00
  3.5230E-11
  0.0000E+00
  0.0000E+00
  0.0000E+00
  0.0000E+00
  4.1215E-11
  0.0000E+00
  2.4477E-11
  0.0000E+00
  0.0000E+00
  0.0000E+00
  0.0000E+00
  4.2637E-11


# time = 267.09385
#  phi_x_Tpe
  1.1041E-10
  4.8047E-11
  1.4123E-11
  0.0000E+00
  1.6323E-11
  1.0566E-10
  1.4120E-10
  0.0000E+00
  3.7556E-12
  0.0000E+00
  3.3041E-11
  0.0000E+00
  1.0876E-10
  3.4490E-11
  0.0000E+00
  0.0000E+00
  0.0000E+00
  2.7906E-12
  1.4190E-11
  0.0000E+00
  0.0000E+00
  0.0000E+00
  0.0000E+00
  0.0000E+00
  2.6508E-11
  0.0000E+00
  0.0000E+00
  0.0000E+00
  0.0000E+00
  0.0000E+00
  0.0000E+00
  0.0000E+00
  8.5531E-12
  0.0000E+00
  0.0000E+00
  0.0000E+00
  0.0000E+00
  5.3295E-11
  2.8787E-11
  1.0743E-10
  2.2192E-10
  7.5229E-11
  1.7831E-10
  0.0000E+00
  9.8031E-11
  5.4382E-10
  4.5680E-10
  2.8936E-09
  2.5335E-09
  8.7764E-09
  5.7550E-09
  4.9800E-09
  3.1683E-08
  3.0949E-08
  2.8532E-07
  1.3022E-05
  1.0287E-06
  2.2125E-07
  1.0397E-07
  3.3606E-08
  3.7828E-08
  1.5100E-08
  0.0000E+00
