# CREATED BY GENE DIAGNOSTICS TOOL on Wed May  7 16:06:37 2025 /home/unix/ottink/gene/diagnostics
# diag: phases, run(s): ky01275v0, time window: 228.16148-244.19156(1 steps), species: e
# original data path: /Differ/Data/IMT/lottink/RFP_nTEM/vgrid/
# normalization: L_ref=1.5m
#
# x axis
#  phase    
 -3.1416E+00
 -3.0403E+00
 -2.9389E+00
 -2.8376E+00
 -2.7362E+00
 -2.6349E+00
 -2.5335E+00
 -2.4322E+00
 -2.3309E+00
 -2.2295E+00
 -2.1282E+00
 -2.0268E+00
 -1.9255E+00
 -1.8242E+00
 -1.7228E+00
 -1.6215E+00
 -1.5201E+00
 -1.4188E+00
 -1.3174E+00
 -1.2161E+00
 -1.1148E+00
 -1.0134E+00
 -9.1208E-01
 -8.1073E-01
 -7.0939E-01
 -6.0805E-01
 -5.0671E-01
 -4.0537E-01
 -3.0402E-01
 -2.0268E-01
 -1.0134E-01
  0.0000E+00
  1.0134E-01
  2.0268E-01
  3.0403E-01
  4.0537E-01
  5.0671E-01
  6.0805E-01
  7.0939E-01
  8.1073E-01
  9.1208E-01
  1.0134E+00
  1.1148E+00
  1.2161E+00
  1.3174E+00
  1.4188E+00
  1.5201E+00
  1.6215E+00
  1.7228E+00
  1.8242E+00
  1.9255E+00
  2.0268E+00
  2.1282E+00
  2.2295E+00
  2.3309E+00
  2.4322E+00
  2.5335E+00
  2.6349E+00
  2.7362E+00
  2.8376E+00
  2.9389E+00
  3.0403E+00
  3.1416E+00


# y axis
#  ky       
  1.2750E-01


#  time[Lref
  2.4419E+02


# time = 244.19156
#  phi_x_n,p
  0.0000E+00
  0.0000E+00
  0.0000E+00
  0.0000E+00
  1.0751E-09
  0.0000E+00
  0.0000E+00
  8.1541E-10
  1.9902E-09
  1.0650E-09
  0.0000E+00
  0.0000E+00
  1.0584E-09
  7.6615E-10
  1.6735E-09
  3.0649E-10
  1.6186E-09
  7.2339E-10
  1.1751E-09
  1.7538E-09
  7.4716E-10
  1.0280E-09
  2.2249E-09
  1.2530E-09
  2.8988E-09
  2.4041E-09
  7.9019E-09
  2.9535E-09
  2.9726E-08
  5.9825E-08
  8.7893E-07
  9.6129E-06
  1.1762E-06
  1.0437E-06
  3.1668E-07
  7.7243E-09
  1.0726E-07
  2.0148E-08
  2.1889E-09
  1.4558E-08
  2.2051E-08
  1.1655E-09
  8.3594E-09
  8.5647E-09
  7.6433E-09
  2.2871E-10
  5.4617E-10
  4.9633E-09
  1.0020E-08
  0.0000E+00
  0.0000E+00
  0.0000E+00
  1.1160E-08
  7.1076E-09
  2.6718E-09
  1.1928E-08
  1.3915E-08
  2.1064E-08
  2.4027E-08
  1.0200E-08
  0.0000E+00
  0.0000E+00
  1.8825E-10


# time = 244.19156
#  phi_x_Tpa
  8.2091E-11
  9.1628E-11
  0.0000E+00
  6.2253E-11
  1.3970E-10
  0.0000E+00
  1.4603E-10
  0.0000E+00
  4.6519E-10
  0.0000E+00
  0.0000E+00
  6.2174E-11
  2.4106E-10
  0.0000E+00
  9.5729E-10
  8.4722E-10
  4.2061E-10
  6.3519E-10
  1.7991E-10
  2.6163E-10
  1.1060E-09
  7.9598E-10
  2.5262E-09
  2.8783E-09
  5.5926E-09
  1.7769E-08
  4.6947E-08
  7.3927E-08
  1.1111E-08
  1.9598E-08
  1.9176E-07
  1.1750E-05
  2.1324E-06
  1.4255E-07
  4.8018E-09
  5.0647E-09
  3.8174E-09
  6.0032E-10
  8.6588E-10
  3.3382E-10
  0.0000E+00
  0.0000E+00
  4.7799E-10
  6.1863E-10
  0.0000E+00
  0.0000E+00
  0.0000E+00
  0.0000E+00
  0.0000E+00
  0.0000E+00
  0.0000E+00
  1.2538E-10
  0.0000E+00
  0.0000E+00
  0.0000E+00
  9.1590E-11
  0.0000E+00
  0.0000E+00
  0.0000E+00
  2.2603E-10
  0.0000E+00
  0.0000E+00
  0.0000E+00


# time = 244.19156
#  phi_x_Tpe
  7.0176E-06
  1.1653E-07
  2.0646E-09
  2.1996E-08
  7.9939E-09
  8.8884E-09
  4.8652E-09
  1.3081E-08
  1.8211E-08
  1.0610E-08
  8.3668E-09
  4.9792E-09
  7.9513E-09
  0.0000E+00
  2.6065E-09
  2.9961E-10
  2.0919E-09
  9.4374E-10
  0.0000E+00
  0.0000E+00
  0.0000E+00
  0.0000E+00
  0.0000E+00
  0.0000E+00
  0.0000E+00
  5.1933E-10
  1.8558E-10
  0.0000E+00
  6.5924E-11
  0.0000E+00
  0.0000E+00
  0.0000E+00
  6.2202E-10
  0.0000E+00
  1.7063E-10
  0.0000E+00
  0.0000E+00
  0.0000E+00
  6.6170E-10
  2.0568E-10
  0.0000E+00
  0.0000E+00
  1.1045E-10
  3.9504E-10
  2.0082E-10
  7.2276E-11
  0.0000E+00
  1.0648E-09
  1.4118E-09
  2.4967E-09
  2.9822E-09
  1.4594E-09
  1.7168E-09
  2.1772E-09
  6.8974E-09
  2.4214E-09
  0.0000E+00
  6.2721E-09
  5.6286E-09
  2.6621E-09
  1.0312E-07
  5.6339E-07
  3.6008E-06


# time = 244.19156
#  phi_x_n,t
  3.2859E-11
  0.0000E+00
  1.3198E-10
  0.0000E+00
  1.6322E-11
  3.0553E-11
  4.8108E-11
  8.3139E-11
  0.0000E+00
  4.9565E-11
  2.5274E-11
  0.0000E+00
  0.0000E+00
  9.9554E-11
  0.0000E+00
  0.0000E+00
  0.0000E+00
  0.0000E+00
  2.2279E-11
  0.0000E+00
  8.1175E-11
  0.0000E+00
  3.8178E-11
  0.0000E+00
  5.3109E-11
  3.8375E-11
  1.7438E-11
  0.0000E+00
  0.0000E+00
  0.0000E+00
  0.0000E+00
  2.4500E-11
  2.5902E-10
  1.4422E-10
  0.0000E+00
  0.0000E+00
  3.3624E-10
  0.0000E+00
  1.6603E-10
  3.4468E-10
  1.3556E-10
  3.3008E-11
  1.1546E-09
  1.0628E-09
  2.8398E-09
  2.5717E-09
  3.3208E-06
  4.2596E-06
  3.3056E-06
  2.0157E-06
  1.2137E-06
  3.8994E-07
  1.3206E-07
  9.7765E-08
  9.5961E-08
  5.7301E-08
  2.4789E-08
  3.1281E-08
  1.4264E-08
  1.6972E-08
  1.1534E-09
  1.7900E-11
  0.0000E+00


# time = 244.19156
#  phi_x_Tpa
  1.2098E-10
  2.6247E-10
  2.0741E-10
  0.0000E+00
  2.7416E-10
  2.0640E-10
  1.7183E-10
  2.6232E-10
  3.0205E-10
  2.0441E-10
  3.5430E-10
  1.3133E-09
  3.2593E-06
  3.9929E-06
  2.2819E-06
  1.6909E-06
  1.0239E-06
  7.9046E-07
  7.0762E-07
  2.6387E-07
  5.4717E-08
  6.1960E-08
  5.8693E-08
  4.2103E-08
  3.6629E-08
  2.6901E-08
  1.3824E-08
  2.3089E-08
  9.9745E-09
  2.6670E-11
  4.4412E-11
  0.0000E+00
  0.0000E+00
  1.9097E-10
  0.0000E+00
  2.4116E-11
  4.4241E-11
  0.0000E+00
  1.8907E-10
  0.0000E+00
  0.0000E+00
  7.3677E-11
  3.2469E-11
  0.0000E+00
  9.6321E-12
  1.3454E-10
  0.0000E+00
  0.0000E+00
  0.0000E+00
  3.3135E-11
  0.0000E+00
  0.0000E+00
  1.1482E-10
  5.6813E-11
  0.0000E+00
  7.8885E-11
  0.0000E+00
  5.5726E-11
  2.6065E-11
  0.0000E+00
  0.0000E+00
  0.0000E+00
  3.3029E-11


# time = 244.19156
#  phi_x_Tpe
  2.9020E-08
  4.4469E-09
  3.6054E-11
  0.0000E+00
  2.3123E-11
  9.2514E-11
  0.0000E+00
  1.1669E-10
  0.0000E+00
  7.3006E-11
  0.0000E+00
  0.0000E+00
  0.0000E+00
  2.3911E-11
  1.2917E-10
  0.0000E+00
  4.7327E-11
  3.8204E-11
  0.0000E+00
  4.7527E-11
  0.0000E+00
  0.0000E+00
  0.0000E+00
  0.0000E+00
  0.0000E+00
  4.1479E-11
  0.0000E+00
  0.0000E+00
  0.0000E+00
  0.0000E+00
  1.6791E-12
  3.2571E-12
  0.0000E+00
  1.7450E-11
  0.0000E+00
  0.0000E+00
  4.6061E-11
  4.3686E-11
  4.7726E-11
  1.0672E-10
  1.6098E-10
  1.7074E-10
  2.6136E-11
  2.1738E-10
  1.9763E-10
  1.1282E-10
  3.0119E-10
  9.4028E-11
  3.5283E-09
  2.2910E-09
  6.6889E-09
  9.6564E-09
  7.1043E-09
  2.7885E-06
  5.1867E-06
  4.2028E-06
  1.3397E-06
  3.9601E-07
  2.0315E-07
  1.4934E-07
  4.4353E-08
  5.1436E-08
  1.1964E-08
