# CREATED BY GENE DIAGNOSTICS TOOL on Fri May 16 20:44:19 2025 /home/unix/ottink/gene/diagnostics
# diag: phases, run(s): RFPnTEMv8, time window: 268.02709-276.00774(1 steps), species: e
# original data path: /Differ/Data/IMT/lottink/RFP_nTEM/vgrid/
# normalization: L_ref=1.5m
#
# x axis
#  phase    
 -3.1416E+00
 -3.0403E+00
 -2.9389E+00
 -2.8376E+00
 -2.7362E+00
 -2.6349E+00
 -2.5335E+00
 -2.4322E+00
 -2.3309E+00
 -2.2295E+00
 -2.1282E+00
 -2.0268E+00
 -1.9255E+00
 -1.8242E+00
 -1.7228E+00
 -1.6215E+00
 -1.5201E+00
 -1.4188E+00
 -1.3174E+00
 -1.2161E+00
 -1.1148E+00
 -1.0134E+00
 -9.1208E-01
 -8.1073E-01
 -7.0939E-01
 -6.0805E-01
 -5.0671E-01
 -4.0537E-01
 -3.0402E-01
 -2.0268E-01
 -1.0134E-01
  0.0000E+00
  1.0134E-01
  2.0268E-01
  3.0403E-01
  4.0537E-01
  5.0671E-01
  6.0805E-01
  7.0939E-01
  8.1073E-01
  9.1208E-01
  1.0134E+00
  1.1148E+00
  1.2161E+00
  1.3174E+00
  1.4188E+00
  1.5201E+00
  1.6215E+00
  1.7228E+00
  1.8242E+00
  1.9255E+00
  2.0268E+00
  2.1282E+00
  2.2295E+00
  2.3309E+00
  2.4322E+00
  2.5335E+00
  2.6349E+00
  2.7362E+00
  2.8376E+00
  2.9389E+00
  3.0403E+00
  3.1416E+00


# y axis
#  ky       
  1.2750E-01


#  time[Lref
  2.7601E+02


# time = 276.00774
#  phi_x_n,p
  0.0000E+00
  8.2737E-10
  0.0000E+00
  4.3254E-10
  0.0000E+00
  1.1547E-09
  7.7276E-10
  1.9567E-09
  0.0000E+00
  6.7331E-10
  0.0000E+00
  6.7290E-10
  3.9432E-10
  1.4676E-09
  1.4150E-09
  9.7993E-10
  0.0000E+00
  2.2733E-09
  1.1149E-09
  5.7218E-10
  6.6249E-10
  0.0000E+00
  2.9201E-09
  7.2809E-10
  3.0204E-09
  2.6654E-09
  7.9399E-09
  7.6091E-09
  2.1583E-08
  5.5411E-08
  8.7383E-07
  9.9432E-06
  1.5770E-06
  8.0715E-07
  1.5417E-07
  1.0070E-07
  4.2572E-08
  2.1187E-08
  2.4602E-09
  2.3926E-08
  6.3589E-09
  6.8970E-09
  1.4956E-08
  3.1496E-10
  7.5030E-09
  3.3568E-10
  0.0000E+00
  9.8693E-09
  0.0000E+00
  2.3790E-09
  2.5468E-09
  1.1701E-09
  8.7110E-09
  5.3066E-09
  5.1444E-09
  4.6928E-09
  2.1505E-08
  1.1230E-08
  2.8044E-08
  1.0727E-08
  0.0000E+00
  0.0000E+00
  0.0000E+00


# time = 276.00774
#  phi_x_Tpa
  0.0000E+00
  1.5518E-10
  0.0000E+00
  6.0354E-11
  0.0000E+00
  0.0000E+00
  8.9474E-11
  0.0000E+00
  0.0000E+00
  0.0000E+00
  0.0000E+00
  4.6694E-10
  4.5082E-10
  3.9525E-10
  0.0000E+00
  2.0042E-10
  5.6696E-10
  6.1281E-10
  2.0217E-10
  5.6618E-10
  3.0547E-10
  3.3392E-10
  1.6048E-09
  3.3803E-10
  0.0000E+00
  2.0261E-09
  4.7255E-08
  5.9972E-08
  1.9485E-08
  2.5528E-08
  2.7652E-07
  1.1856E-05
  2.1892E-06
  2.2428E-07
  9.6014E-09
  6.7147E-09
  3.3694E-09
  1.4925E-09
  4.4468E-10
  5.9193E-10
  0.0000E+00
  0.0000E+00
  7.9875E-11
  1.7521E-10
  0.0000E+00
  0.0000E+00
  0.0000E+00
  0.0000E+00
  0.0000E+00
  0.0000E+00
  0.0000E+00
  4.1591E-11
  0.0000E+00
  0.0000E+00
  0.0000E+00
  0.0000E+00
  1.1751E-10
  0.0000E+00
  0.0000E+00
  0.0000E+00
  0.0000E+00
  0.0000E+00
  0.0000E+00


# time = 276.00774
#  phi_x_Tpe
  7.3210E-06
  6.7720E-08
  1.0636E-08
  2.3866E-08
  1.2908E-08
  5.9059E-09
  9.5887E-09
  1.9913E-08
  7.5922E-09
  1.2686E-08
  5.8370E-09
  2.3326E-09
  1.3392E-09
  0.0000E+00
  0.0000E+00
  8.2218E-11
  1.1413E-10
  3.6560E-10
  0.0000E+00
  0.0000E+00
  0.0000E+00
  0.0000E+00
  2.0459E-10
  0.0000E+00
  0.0000E+00
  0.0000E+00
  0.0000E+00
  0.0000E+00
  0.0000E+00
  0.0000E+00
  0.0000E+00
  0.0000E+00
  0.0000E+00
  0.0000E+00
  0.0000E+00
  3.2890E-10
  0.0000E+00
  1.3482E-10
  0.0000E+00
  2.8074E-10
  1.1100E-10
  0.0000E+00
  0.0000E+00
  0.0000E+00
  2.9291E-09
  4.0742E-10
  4.4621E-10
  4.3448E-10
  4.1675E-10
  7.9117E-10
  3.6818E-09
  2.3242E-09
  4.2874E-09
  2.0515E-09
  8.8425E-10
  0.0000E+00
  0.0000E+00
  9.4181E-09
  6.1528E-09
  9.8304E-08
  3.5695E-07
  4.7190E-07
  3.3953E-06


# time = 276.00774
#  phi_x_n,t
  7.7122E-11
  0.0000E+00
  0.0000E+00
  1.1124E-10
  0.0000E+00
  0.0000E+00
  6.1681E-11
  1.7282E-11
  2.6736E-11
  3.0098E-11
  0.0000E+00
  0.0000E+00
  0.0000E+00
  6.7903E-11
  2.3477E-11
  0.0000E+00
  0.0000E+00
  0.0000E+00
  5.4747E-11
  0.0000E+00
  0.0000E+00
  0.0000E+00
  2.4984E-11
  0.0000E+00
  0.0000E+00
  0.0000E+00
  1.1906E-11
  3.7228E-11
  8.6835E-12
  0.0000E+00
  3.1970E-11
  2.9018E-11
  2.4234E-12
  8.7069E-11
  0.0000E+00
  2.6895E-10
  4.8911E-12
  2.7966E-10
  8.9269E-11
  2.2316E-10
  3.3807E-10
  5.4054E-11
  4.3374E-10
  6.1867E-10
  2.1507E-09
  1.1712E-09
  2.5161E-09
  1.2470E-08
  5.0624E-06
  5.0426E-06
  2.4760E-06
  1.7473E-06
  2.2318E-07
  1.7982E-07
  0.0000E+00
  1.1119E-07
  3.8740E-08
  4.4490E-08
  1.8933E-08
  1.7758E-08
  5.0071E-09
  2.1488E-11
  0.0000E+00


# time = 276.00774
#  phi_x_Tpa
  3.7655E-12
  1.9349E-11
  1.1629E-10
  3.7276E-11
  3.7115E-10
  1.3826E-10
  3.2690E-10
  2.4147E-10
  4.0057E-10
  3.1075E-10
  8.2486E-11
  9.3851E-10
  1.2840E-09
  2.5728E-09
  5.7941E-07
  4.3889E-06
  3.7628E-06
  2.1880E-06
  1.4809E-06
  9.4665E-07
  3.0092E-07
  1.3973E-07
  8.1964E-08
  4.9420E-08
  3.2573E-08
  4.4308E-08
  3.4106E-08
  1.5577E-08
  1.8411E-08
  9.6270E-11
  0.0000E+00
  2.9996E-11
  9.0764E-11
  0.0000E+00
  1.7399E-10
  0.0000E+00
  0.0000E+00
  8.5269E-11
  2.2217E-11
  0.0000E+00
  4.0589E-11
  4.5622E-11
  0.0000E+00
  0.0000E+00
  1.0622E-10
  3.5646E-11
  0.0000E+00
  0.0000E+00
  0.0000E+00
  8.4109E-11
  0.0000E+00
  0.0000E+00
  0.0000E+00
  0.0000E+00
  3.9075E-11
  0.0000E+00
  0.0000E+00
  1.8652E-11
  0.0000E+00
  5.8366E-11
  1.4499E-11
  0.0000E+00
  9.4520E-11


# time = 276.00774
#  phi_x_Tpe
  7.5647E-09
  0.0000E+00
  7.2457E-11
  8.8175E-11
  0.0000E+00
  1.1823E-11
  9.7656E-11
  0.0000E+00
  0.0000E+00
  0.0000E+00
  2.9649E-11
  0.0000E+00
  1.2901E-10
  0.0000E+00
  0.0000E+00
  4.5497E-11
  0.0000E+00
  0.0000E+00
  0.0000E+00
  2.9581E-11
  0.0000E+00
  4.0281E-11
  0.0000E+00
  0.0000E+00
  0.0000E+00
  5.2662E-12
  0.0000E+00
  2.0443E-11
  1.6364E-11
  0.0000E+00
  0.0000E+00
  1.8986E-11
  0.0000E+00
  1.6964E-11
  0.0000E+00
  0.0000E+00
  6.6483E-12
  0.0000E+00
  0.0000E+00
  1.1197E-11
  3.0440E-10
  0.0000E+00
  1.4901E-10
  0.0000E+00
  2.1951E-10
  4.1198E-10
  1.3208E-10
  2.2517E-09
  1.5387E-09
  3.3762E-09
  5.6121E-09
  1.2723E-08
  4.0625E-09
  4.7716E-08
  5.4318E-06
  7.2648E-06
  1.0072E-06
  4.8956E-07
  2.2976E-07
  5.6267E-08
  4.1370E-08
  3.5088E-08
  2.6251E-09
