# CREATED BY GENE DIAGNOSTICS TOOL on Wed May  7 16:04:49 2025 /home/unix/ottink/gene/diagnostics
# diag: phases, run(s): ky03v3, time window: 121.84936-128.69256(1 steps), species: e
# original data path: /Differ/Data/IMT/lottink/Tokamak_nTEM/vgrid/
# normalization: L_ref=1.65m
#
# x axis
#  phase    
 -3.1416E+00
 -3.0403E+00
 -2.9389E+00
 -2.8376E+00
 -2.7362E+00
 -2.6349E+00
 -2.5335E+00
 -2.4322E+00
 -2.3309E+00
 -2.2295E+00
 -2.1282E+00
 -2.0268E+00
 -1.9255E+00
 -1.8242E+00
 -1.7228E+00
 -1.6215E+00
 -1.5201E+00
 -1.4188E+00
 -1.3174E+00
 -1.2161E+00
 -1.1148E+00
 -1.0134E+00
 -9.1208E-01
 -8.1073E-01
 -7.0939E-01
 -6.0805E-01
 -5.0671E-01
 -4.0537E-01
 -3.0402E-01
 -2.0268E-01
 -1.0134E-01
  0.0000E+00
  1.0134E-01
  2.0268E-01
  3.0403E-01
  4.0537E-01
  5.0671E-01
  6.0805E-01
  7.0939E-01
  8.1073E-01
  9.1208E-01
  1.0134E+00
  1.1148E+00
  1.2161E+00
  1.3174E+00
  1.4188E+00
  1.5201E+00
  1.6215E+00
  1.7228E+00
  1.8242E+00
  1.9255E+00
  2.0268E+00
  2.1282E+00
  2.2295E+00
  2.3309E+00
  2.4322E+00
  2.5335E+00
  2.6349E+00
  2.7362E+00
  2.8376E+00
  2.9389E+00
  3.0403E+00
  3.1416E+00


# y axis
#  ky       
  3.0000E-01


#  time[Lref
  1.2869E+02


# time = 128.69256
#  phi_x_n,p
  0.0000E+00
  0.0000E+00
  0.0000E+00
  0.0000E+00
  0.0000E+00
  0.0000E+00
  0.0000E+00
  0.0000E+00
  0.0000E+00
  0.0000E+00
  0.0000E+00
  0.0000E+00
  0.0000E+00
  0.0000E+00
  0.0000E+00
  0.0000E+00
  0.0000E+00
  0.0000E+00
  0.0000E+00
  0.0000E+00
  0.0000E+00
  0.0000E+00
  0.0000E+00
  0.0000E+00
  0.0000E+00
  0.0000E+00
  2.2268E-10
  0.0000E+00
  1.2320E-09
  1.4103E-09
  1.4768E-08
  4.5222E-07
  3.9944E-06
  2.4458E-06
  2.8562E-07
  4.9995E-08
  4.7194E-08
  1.8883E-07
  5.4450E-07
  3.6568E-07
  1.7905E-07
  1.2323E-07
  8.3556E-08
  7.0629E-08
  5.6419E-08
  3.7823E-08
  1.9585E-08
  3.4117E-08
  4.8427E-08
  5.3222E-08
  2.9874E-08
  7.1965E-08
  3.4867E-08
  0.0000E+00
  0.0000E+00
  0.0000E+00
  3.8231E-11
  0.0000E+00
  0.0000E+00
  0.0000E+00
  0.0000E+00
  0.0000E+00
  0.0000E+00


# time = 128.69256
#  phi_x_Tpa
  0.0000E+00
  0.0000E+00
  0.0000E+00
  0.0000E+00
  0.0000E+00
  0.0000E+00
  4.7101E-10
  6.5149E-11
  0.0000E+00
  0.0000E+00
  5.1941E-11
  0.0000E+00
  0.0000E+00
  0.0000E+00
  1.0072E-09
  0.0000E+00
  1.2764E-09
  1.6112E-08
  1.3634E-08
  0.0000E+00
  4.8509E-09
  1.3163E-08
  0.0000E+00
  4.8081E-09
  9.9325E-09
  6.9256E-09
  1.3663E-08
  3.0069E-08
  8.7975E-08
  1.5439E-07
  5.2349E-07
  8.7059E-07
  2.2151E-06
  3.2117E-06
  5.8349E-07
  1.2934E-07
  1.9575E-07
  2.0878E-07
  5.2089E-07
  4.4881E-07
  2.3644E-07
  8.4640E-08
  1.2638E-07
  2.1948E-08
  3.2749E-08
  6.0262E-08
  2.1457E-08
  1.6089E-08
  0.0000E+00
  1.7890E-08
  2.1128E-08
  1.6729E-08
  1.1368E-08
  0.0000E+00
  2.1003E-08
  0.0000E+00
  0.0000E+00
  0.0000E+00
  0.0000E+00
  0.0000E+00
  0.0000E+00
  0.0000E+00
  4.2035E-09


# time = 128.69256
#  phi_x_Tpe
  3.6275E-06
  4.4652E-06
  3.0519E-07
  4.0660E-08
  3.3182E-08
  1.0300E-08
  5.7795E-07
  5.7497E-07
  2.2301E-07
  8.7971E-08
  3.6877E-08
  6.8517E-09
  0.0000E+00
  8.4435E-09
  3.0903E-09
  5.8512E-09
  1.1503E-09
  0.0000E+00
  4.5526E-09
  3.4089E-10
  4.6190E-09
  3.2491E-09
  1.0512E-08
  2.0878E-09
  5.9810E-09
  0.0000E+00
  0.0000E+00
  0.0000E+00
  8.2927E-10
  2.6177E-10
  3.1699E-09
  0.0000E+00
  2.4327E-09
  9.3980E-09
  4.0109E-09
  1.1443E-09
  5.8559E-09
  4.3682E-09
  1.6676E-09
  3.6218E-09
  2.9429E-10
  2.1908E-09
  0.0000E+00
  7.9639E-10
  4.1429E-09
  0.0000E+00
  1.8814E-09
  3.4849E-09
  7.4387E-09
  0.0000E+00
  1.2190E-08
  3.2121E-09
  2.6698E-08
  2.4573E-08
  1.2366E-08
  2.7319E-08
  8.6912E-10
  0.0000E+00
  3.4636E-09
  1.1026E-08
  1.0639E-08
  2.1511E-08
  6.4306E-08


# time = 128.69256
#  phi_x_n,t
  1.0978E-10
  0.0000E+00
  0.0000E+00
  0.0000E+00
  0.0000E+00
  0.0000E+00
  0.0000E+00
  0.0000E+00
  0.0000E+00
  0.0000E+00
  0.0000E+00
  0.0000E+00
  0.0000E+00
  0.0000E+00
  0.0000E+00
  0.0000E+00
  0.0000E+00
  0.0000E+00
  0.0000E+00
  0.0000E+00
  0.0000E+00
  0.0000E+00
  0.0000E+00
  0.0000E+00
  0.0000E+00
  0.0000E+00
  0.0000E+00
  0.0000E+00
  0.0000E+00
  0.0000E+00
  0.0000E+00
  0.0000E+00
  0.0000E+00
  0.0000E+00
  0.0000E+00
  0.0000E+00
  0.0000E+00
  0.0000E+00
  0.0000E+00
  3.0259E-11
  0.0000E+00
  0.0000E+00
  0.0000E+00
  4.6604E-10
  6.7659E-10
  5.6283E-10
  1.5521E-09
  6.8948E-08
  4.9433E-06
  2.2765E-06
  1.1995E-06
  8.4943E-07
  6.9130E-07
  2.0575E-07
  1.1428E-07
  4.9509E-08
  7.5105E-09
  0.0000E+00
  4.6444E-10
  0.0000E+00
  9.9044E-11
  0.0000E+00
  0.0000E+00


# time = 128.69256
#  phi_x_Tpa
  0.0000E+00
  0.0000E+00
  0.0000E+00
  0.0000E+00
  0.0000E+00
  0.0000E+00
  0.0000E+00
  0.0000E+00
  3.7627E-11
  0.0000E+00
  0.0000E+00
  4.1578E-10
  9.2700E-10
  7.3915E-11
  2.4659E-09
  1.4734E-10
  2.4849E-06
  3.4108E-06
  1.6833E-06
  1.1109E-06
  7.2099E-07
  4.5429E-07
  2.3709E-07
  6.7982E-08
  1.6494E-08
  8.7730E-09
  5.6784E-10
  0.0000E+00
  0.0000E+00
  1.2278E-10
  0.0000E+00
  1.3605E-10
  0.0000E+00
  0.0000E+00
  0.0000E+00
  0.0000E+00
  0.0000E+00
  0.0000E+00
  0.0000E+00
  0.0000E+00
  0.0000E+00
  0.0000E+00
  0.0000E+00
  0.0000E+00
  0.0000E+00
  0.0000E+00
  0.0000E+00
  0.0000E+00
  0.0000E+00
  0.0000E+00
  0.0000E+00
  0.0000E+00
  0.0000E+00
  0.0000E+00
  0.0000E+00
  0.0000E+00
  0.0000E+00
  0.0000E+00
  0.0000E+00
  0.0000E+00
  0.0000E+00
  0.0000E+00
  0.0000E+00


# time = 128.69256
#  phi_x_Tpe
  0.0000E+00
  0.0000E+00
  0.0000E+00
  0.0000E+00
  0.0000E+00
  0.0000E+00
  0.0000E+00
  0.0000E+00
  0.0000E+00
  2.1530E-11
  0.0000E+00
  0.0000E+00
  0.0000E+00
  0.0000E+00
  0.0000E+00
  0.0000E+00
  0.0000E+00
  0.0000E+00
  0.0000E+00
  0.0000E+00
  0.0000E+00
  0.0000E+00
  0.0000E+00
  0.0000E+00
  0.0000E+00
  0.0000E+00
  0.0000E+00
  0.0000E+00
  0.0000E+00
  0.0000E+00
  0.0000E+00
  8.7443E-11
  0.0000E+00
  0.0000E+00
  0.0000E+00
  0.0000E+00
  0.0000E+00
  0.0000E+00
  0.0000E+00
  0.0000E+00
  2.3908E-10
  7.5079E-10
  0.0000E+00
  0.0000E+00
  4.0828E-10
  0.0000E+00
  5.9175E-10
  8.3974E-10
  1.3616E-09
  1.7680E-09
  3.0612E-09
  2.0332E-09
  4.1578E-09
  6.3681E-09
  3.9528E-09
  1.6972E-06
  3.4895E-06
  2.1957E-06
  1.7970E-06
  7.7775E-07
  1.0734E-07
  7.4937E-08
  1.2219E-10
