# CREATED BY GENE DIAGNOSTICS TOOL on Wed May  7 16:04:48 2025 /home/unix/ottink/gene/diagnostics
# diag: phases, run(s): ky03v3, time window: 121.84936-128.69256(1 steps), species: i
# original data path: /Differ/Data/IMT/lottink/Tokamak_nTEM/vgrid/
# normalization: L_ref=1.65m
#
# x axis
#  phase    
 -3.1416E+00
 -3.0403E+00
 -2.9389E+00
 -2.8376E+00
 -2.7362E+00
 -2.6349E+00
 -2.5335E+00
 -2.4322E+00
 -2.3309E+00
 -2.2295E+00
 -2.1282E+00
 -2.0268E+00
 -1.9255E+00
 -1.8242E+00
 -1.7228E+00
 -1.6215E+00
 -1.5201E+00
 -1.4188E+00
 -1.3174E+00
 -1.2161E+00
 -1.1148E+00
 -1.0134E+00
 -9.1208E-01
 -8.1073E-01
 -7.0939E-01
 -6.0805E-01
 -5.0671E-01
 -4.0537E-01
 -3.0402E-01
 -2.0268E-01
 -1.0134E-01
  0.0000E+00
  1.0134E-01
  2.0268E-01
  3.0403E-01
  4.0537E-01
  5.0671E-01
  6.0805E-01
  7.0939E-01
  8.1073E-01
  9.1208E-01
  1.0134E+00
  1.1148E+00
  1.2161E+00
  1.3174E+00
  1.4188E+00
  1.5201E+00
  1.6215E+00
  1.7228E+00
  1.8242E+00
  1.9255E+00
  2.0268E+00
  2.1282E+00
  2.2295E+00
  2.3309E+00
  2.4322E+00
  2.5335E+00
  2.6349E+00
  2.7362E+00
  2.8376E+00
  2.9389E+00
  3.0403E+00
  3.1416E+00


# y axis
#  ky       
  3.0000E-01


#  time[Lref
  1.2869E+02


# time = 128.69256
#  phi_x_n,p
  0.0000E+00
  0.0000E+00
  0.0000E+00
  0.0000E+00
  0.0000E+00
  0.0000E+00
  0.0000E+00
  0.0000E+00
  0.0000E+00
  0.0000E+00
  0.0000E+00
  0.0000E+00
  0.0000E+00
  0.0000E+00
  0.0000E+00
  0.0000E+00
  0.0000E+00
  0.0000E+00
  0.0000E+00
  0.0000E+00
  0.0000E+00
  0.0000E+00
  0.0000E+00
  0.0000E+00
  0.0000E+00
  0.0000E+00
  0.0000E+00
  0.0000E+00
  1.7292E-10
  0.0000E+00
  0.0000E+00
  1.0694E-09
  4.1036E-09
  1.0230E-08
  2.4477E-08
  2.5146E-08
  8.2418E-08
  1.3451E-07
  1.7579E-07
  4.7161E-07
  1.6322E-06
  4.5558E-06
  3.4937E-07
  8.7409E-07
  1.7442E-07
  1.7544E-07
  1.4905E-07
  3.0541E-08
  2.8154E-08
  2.2391E-08
  0.0000E+00
  0.0000E+00
  0.0000E+00
  0.0000E+00
  2.4131E-11
  0.0000E+00
  0.0000E+00
  0.0000E+00
  0.0000E+00
  0.0000E+00
  0.0000E+00
  0.0000E+00
  0.0000E+00


# time = 128.69256
#  phi_x_Tpa
  0.0000E+00
  0.0000E+00
  0.0000E+00
  3.0231E-09
  0.0000E+00
  4.0284E-09
  6.6231E-10
  0.0000E+00
  5.6971E-09
  4.6778E-09
  5.9256E-09
  0.0000E+00
  0.0000E+00
  0.0000E+00
  4.2535E-09
  5.0712E-09
  5.5245E-09
  7.3497E-09
  9.7430E-09
  2.8184E-08
  1.4526E-08
  3.1457E-08
  2.4053E-08
  2.6913E-08
  7.2423E-08
  6.4356E-08
  5.2127E-08
  9.1660E-08
  5.7341E-08
  8.6066E-08
  1.1509E-07
  2.2147E-07
  1.7258E-07
  2.9250E-07
  5.9318E-07
  6.5893E-07
  1.6418E-06
  3.4048E-06
  5.1299E-07
  1.0106E-06
  7.4092E-08
  9.0011E-09
  1.9224E-08
  9.2092E-09
  0.0000E+00
  1.0765E-08
  0.0000E+00
  0.0000E+00
  1.4101E-08
  0.0000E+00
  0.0000E+00
  1.7775E-08
  1.1155E-08
  1.3535E-08
  0.0000E+00
  0.0000E+00
  0.0000E+00
  9.1042E-09
  1.0234E-08
  5.8654E-10
  0.0000E+00
  7.2944E-09
  0.0000E+00


# time = 128.69256
#  phi_x_Tpe
  1.8338E-09
  4.3359E-09
  0.0000E+00
  2.0567E-08
  2.2238E-08
  4.1412E-08
  2.7881E-08
  5.5501E-08
  7.4024E-08
  1.5670E-07
  2.3843E-07
  4.8883E-06
  2.2903E-06
  8.0464E-07
  3.5193E-07
  2.6505E-07
  7.0844E-08
  6.2506E-08
  1.3724E-08
  0.0000E+00
  0.0000E+00
  1.3158E-11
  0.0000E+00
  0.0000E+00
  0.0000E+00
  0.0000E+00
  0.0000E+00
  0.0000E+00
  0.0000E+00
  0.0000E+00
  0.0000E+00
  0.0000E+00
  0.0000E+00
  0.0000E+00
  0.0000E+00
  0.0000E+00
  0.0000E+00
  0.0000E+00
  0.0000E+00
  0.0000E+00
  0.0000E+00
  0.0000E+00
  0.0000E+00
  0.0000E+00
  0.0000E+00
  0.0000E+00
  0.0000E+00
  0.0000E+00
  0.0000E+00
  0.0000E+00
  0.0000E+00
  0.0000E+00
  0.0000E+00
  0.0000E+00
  0.0000E+00
  0.0000E+00
  0.0000E+00
  0.0000E+00
  0.0000E+00
  0.0000E+00
  0.0000E+00
  0.0000E+00
  3.0014E-11


# time = 128.69256
#  phi_x_n,t
  0.0000E+00
  0.0000E+00
  0.0000E+00
  0.0000E+00
  0.0000E+00
  0.0000E+00
  0.0000E+00
  0.0000E+00
  0.0000E+00
  0.0000E+00
  0.0000E+00
  0.0000E+00
  0.0000E+00
  0.0000E+00
  0.0000E+00
  0.0000E+00
  0.0000E+00
  0.0000E+00
  0.0000E+00
  0.0000E+00
  0.0000E+00
  0.0000E+00
  0.0000E+00
  0.0000E+00
  0.0000E+00
  0.0000E+00
  0.0000E+00
  0.0000E+00
  0.0000E+00
  0.0000E+00
  0.0000E+00
  0.0000E+00
  0.0000E+00
  0.0000E+00
  0.0000E+00
  0.0000E+00
  2.4955E-11
  6.3703E-10
  2.7173E-08
  5.5353E-07
  3.7649E-06
  4.5697E-06
  5.7052E-07
  1.1767E-06
  7.0538E-08
  1.5733E-08
  1.8848E-08
  1.1834E-08
  2.2049E-09
  6.6079E-09
  2.5394E-09
  2.2074E-09
  0.0000E+00
  7.9377E-10
  0.0000E+00
  0.0000E+00
  0.0000E+00
  0.0000E+00
  0.0000E+00
  0.0000E+00
  0.0000E+00
  0.0000E+00
  0.0000E+00


# time = 128.69256
#  phi_x_Tpa
  0.0000E+00
  0.0000E+00
  0.0000E+00
  0.0000E+00
  0.0000E+00
  3.1256E-11
  5.6922E-09
  5.4951E-08
  6.7189E-07
  3.4504E-06
  4.5768E-06
  5.6021E-07
  1.1586E-06
  6.1617E-08
  2.3315E-08
  2.8648E-08
  6.1592E-09
  1.0651E-09
  1.0241E-08
  1.8244E-09
  9.1997E-10
  9.9547E-10
  0.0000E+00
  0.0000E+00
  0.0000E+00
  0.0000E+00
  0.0000E+00
  0.0000E+00
  0.0000E+00
  0.0000E+00
  0.0000E+00
  0.0000E+00
  0.0000E+00
  0.0000E+00
  0.0000E+00
  0.0000E+00
  0.0000E+00
  0.0000E+00
  0.0000E+00
  0.0000E+00
  0.0000E+00
  0.0000E+00
  0.0000E+00
  0.0000E+00
  0.0000E+00
  0.0000E+00
  0.0000E+00
  0.0000E+00
  0.0000E+00
  0.0000E+00
  0.0000E+00
  0.0000E+00
  0.0000E+00
  0.0000E+00
  0.0000E+00
  0.0000E+00
  0.0000E+00
  0.0000E+00
  0.0000E+00
  0.0000E+00
  0.0000E+00
  0.0000E+00
  0.0000E+00


# time = 128.69256
#  phi_x_Tpe
  0.0000E+00
  0.0000E+00
  0.0000E+00
  0.0000E+00
  0.0000E+00
  0.0000E+00
  0.0000E+00
  0.0000E+00
  0.0000E+00
  0.0000E+00
  0.0000E+00
  0.0000E+00
  0.0000E+00
  0.0000E+00
  0.0000E+00
  0.0000E+00
  0.0000E+00
  0.0000E+00
  0.0000E+00
  0.0000E+00
  0.0000E+00
  0.0000E+00
  0.0000E+00
  0.0000E+00
  0.0000E+00
  0.0000E+00
  1.3671E-08
  2.1674E-07
  7.1826E-07
  8.9196E-07
  7.2708E-07
  1.0894E-06
  1.3242E-06
  1.7565E-06
  2.8706E-06
  4.2542E-07
  7.1107E-07
  1.5527E-07
  2.5251E-09
  8.7174E-10
  7.1766E-09
  5.8905E-09
  7.4778E-09
  7.4031E-10
  3.1047E-09
  6.0573E-10
  3.6833E-09
  1.8171E-09
  1.1240E-09
  0.0000E+00
  0.0000E+00
  0.0000E+00
  3.4999E-09
  1.0444E-09
  0.0000E+00
  1.0839E-09
  7.6834E-10
  8.0370E-10
  0.0000E+00
  0.0000E+00
  0.0000E+00
  0.0000E+00
  0.0000E+00
