# CREATED BY GENE DIAGNOSTICS TOOL on Fri May 16 20:34:53 2025 /home/unix/ottink/gene/diagnostics
# diag: phases, run(s): TokITGv1, time window: 277.8138-291.2274(1 steps), species: i
# original data path: /Differ/Data/IMT/lottink/Tokamak_ITG/
# normalization: L_ref=1.65m
#
# x axis
#  phase    
 -3.1416E+00
 -3.0403E+00
 -2.9389E+00
 -2.8376E+00
 -2.7362E+00
 -2.6349E+00
 -2.5335E+00
 -2.4322E+00
 -2.3309E+00
 -2.2295E+00
 -2.1282E+00
 -2.0268E+00
 -1.9255E+00
 -1.8242E+00
 -1.7228E+00
 -1.6215E+00
 -1.5201E+00
 -1.4188E+00
 -1.3174E+00
 -1.2161E+00
 -1.1148E+00
 -1.0134E+00
 -9.1208E-01
 -8.1073E-01
 -7.0939E-01
 -6.0805E-01
 -5.0671E-01
 -4.0537E-01
 -3.0402E-01
 -2.0268E-01
 -1.0134E-01
  0.0000E+00
  1.0134E-01
  2.0268E-01
  3.0403E-01
  4.0537E-01
  5.0671E-01
  6.0805E-01
  7.0939E-01
  8.1073E-01
  9.1208E-01
  1.0134E+00
  1.1148E+00
  1.2161E+00
  1.3174E+00
  1.4188E+00
  1.5201E+00
  1.6215E+00
  1.7228E+00
  1.8242E+00
  1.9255E+00
  2.0268E+00
  2.1282E+00
  2.2295E+00
  2.3309E+00
  2.4322E+00
  2.5335E+00
  2.6349E+00
  2.7362E+00
  2.8376E+00
  2.9389E+00
  3.0403E+00
  3.1416E+00


# y axis
#  ky       
  3.0000E-01


#  time[Lref
  2.9123E+02


# time = 291.2274
#  phi_x_n,p
  0.0000E+00
  0.0000E+00
  0.0000E+00
  0.0000E+00
  0.0000E+00
  0.0000E+00
  0.0000E+00
  0.0000E+00
  0.0000E+00
  0.0000E+00
  0.0000E+00
  0.0000E+00
  0.0000E+00
  0.0000E+00
  0.0000E+00
  0.0000E+00
  0.0000E+00
  0.0000E+00
  1.2594E-11
  0.0000E+00
  0.0000E+00
  1.5370E-11
  0.0000E+00
  0.0000E+00
  0.0000E+00
  0.0000E+00
  0.0000E+00
  0.0000E+00
  1.9262E-07
  9.0219E-07
  1.9559E-07
  1.7229E-07
  2.3339E-07
  2.6494E-07
  1.0050E-07
  8.3931E-08
  3.2141E-08
  9.9302E-09
  1.4047E-08
  2.3845E-09
  5.5456E-09
  4.3410E-09
  4.2795E-09
  4.9107E-09
  5.5998E-10
  5.4686E-10
  7.1236E-09
  5.1515E-09
  3.9352E-09
  2.1016E-08
  9.8701E-09
  3.3781E-09
  6.3865E-11
  1.4533E-09
  3.1095E-09
  1.5029E-09
  1.2147E-09
  1.7909E-09
  1.5269E-10
  6.8944E-09
  2.9085E-09
  3.4273E-09
  0.0000E+00


# time = 291.2274
#  phi_x_Tpa
  0.0000E+00
  1.7376E-09
  0.0000E+00
  2.8360E-10
  0.0000E+00
  4.6015E-11
  1.4331E-10
  0.0000E+00
  0.0000E+00
  0.0000E+00
  0.0000E+00
  0.0000E+00
  0.0000E+00
  0.0000E+00
  0.0000E+00
  0.0000E+00
  0.0000E+00
  1.0975E-10
  4.4599E-10
  0.0000E+00
  3.6836E-10
  0.0000E+00
  2.7013E-10
  9.3356E-10
  1.3124E-09
  2.2025E-09
  2.7603E-09
  3.5027E-09
  1.1959E-08
  1.1386E-08
  1.4498E-08
  9.3343E-09
  1.0175E-08
  1.4631E-08
  1.0940E-08
  1.4859E-08
  1.8349E-08
  1.5299E-08
  1.4081E-08
  3.0177E-08
  6.1796E-08
  1.7051E-07
  2.8250E-07
  5.1755E-07
  4.1293E-07
  2.3352E-07
  1.4703E-07
  1.2507E-07
  1.0857E-07
  6.7059E-08
  2.0915E-08
  4.5576E-09
  0.0000E+00
  3.2483E-09
  8.5941E-09
  7.7896E-09
  7.7426E-09
  6.7407E-09
  0.0000E+00
  3.7618E-09
  1.9578E-09
  1.9695E-09
  9.5470E-10


# time = 291.2274
#  phi_x_Tpe
  8.4508E-09
  2.6267E-09
  3.2391E-10
  1.5482E-09
  0.0000E+00
  0.0000E+00
  8.1767E-11
  1.2703E-09
  1.3975E-09
  4.9544E-10
  0.0000E+00
  7.4325E-10
  3.5562E-09
  0.0000E+00
  0.0000E+00
  8.8827E-10
  3.2857E-10
  0.0000E+00
  4.4090E-11
  0.0000E+00
  0.0000E+00
  0.0000E+00
  0.0000E+00
  0.0000E+00
  0.0000E+00
  0.0000E+00
  0.0000E+00
  2.6838E-11
  2.7148E-11
  0.0000E+00
  0.0000E+00
  0.0000E+00
  8.3531E-11
  0.0000E+00
  2.9249E-11
  0.0000E+00
  0.0000E+00
  0.0000E+00
  0.0000E+00
  1.7135E-10
  3.0741E-10
  0.0000E+00
  2.2188E-10
  1.1294E-10
  7.6636E-10
  1.3117E-09
  2.6725E-09
  1.7901E-09
  9.8885E-09
  1.6756E-08
  9.4191E-08
  2.8029E-07
  6.8413E-07
  9.0107E-07
  1.2717E-07
  1.4701E-07
  1.4809E-07
  1.4295E-08
  5.1766E-10
  2.1330E-09
  7.9568E-09
  2.0622E-10
  7.2121E-09


# time = 291.2274
#  phi_x_n,t
  5.9861E-10
  7.2141E-13
  2.1034E-10
  1.9121E-10
  4.7799E-10
  7.8908E-11
  5.8402E-12
  1.0988E-10
  4.8915E-10
  1.8677E-10
  3.4132E-10
  1.2412E-10
  6.7746E-11
  6.3845E-11
  3.3867E-11
  2.5473E-10
  1.5251E-10
  2.2906E-11
  0.0000E+00
  1.7240E-11
  1.0198E-10
  9.5673E-11
  9.1485E-11
  1.5661E-11
  2.8833E-13
  0.0000E+00
  0.0000E+00
  5.2789E-11
  5.9393E-11
  0.0000E+00
  3.1567E-11
  0.0000E+00
  2.1005E-11
  0.0000E+00
  0.0000E+00
  0.0000E+00
  2.8588E-08
  5.3517E-07
  5.8360E-07
  8.5584E-07
  3.0358E-07
  1.9319E-07
  8.8300E-08
  1.1748E-07
  8.4189E-08
  2.1893E-08
  4.7531E-09
  5.4882E-09
  1.5558E-09
  4.4682E-09
  3.3273E-09
  1.7370E-10
  2.3395E-09
  4.3913E-11
  8.1107E-10
  4.9471E-10
  1.8700E-09
  5.4441E-10
  2.0257E-11
  2.2563E-10
  4.3410E-10
  1.8452E-10
  5.1592E-10


# time = 291.2274
#  phi_x_Tpa
  0.0000E+00
  3.4261E-11
  4.1780E-07
  1.0315E-06
  5.7474E-07
  1.8529E-07
  1.6960E-07
  1.2914E-07
  1.0667E-07
  3.8926E-08
  2.1051E-08
  1.0499E-08
  1.3201E-08
  1.1088E-08
  8.6421E-09
  9.5981E-10
  5.3074E-09
  2.7821E-09
  4.5255E-09
  1.6450E-09
  2.8372E-09
  4.8230E-10
  3.8087E-10
  8.3810E-10
  2.3426E-09
  8.8962E-10
  8.4058E-10
  1.3996E-11
  3.3811E-10
  6.2690E-10
  2.8959E-10
  1.0169E-09
  6.1890E-10
  3.3084E-10
  0.0000E+00
  2.7120E-10
  7.2225E-10
  1.2914E-10
  5.4934E-12
  1.7521E-10
  7.8195E-10
  3.2125E-10
  5.3482E-10
  1.9806E-11
  2.8640E-10
  1.4803E-10
  9.1410E-11
  3.8248E-10
  1.7771E-10
  3.7194E-11
  0.0000E+00
  1.6921E-10
  1.5565E-10
  1.4614E-10
  5.2416E-11
  4.8251E-13
  0.0000E+00
  0.0000E+00
  8.5813E-11
  0.0000E+00
  9.7169E-11
  5.1327E-11
  0.0000E+00


# time = 291.2274
#  phi_x_Tpe
  8.4534E-10
  6.1162E-10
  5.5657E-10
  3.5262E-10
  5.9147E-11
  2.9909E-11
  2.7558E-10
  2.2143E-10
  1.4797E-10
  0.0000E+00
  1.0408E-10
  0.0000E+00
  0.0000E+00
  6.2514E-11
  3.0584E-11
  0.0000E+00
  1.8681E-12
  0.0000E+00
  0.0000E+00
  0.0000E+00
  0.0000E+00
  0.0000E+00
  0.0000E+00
  0.0000E+00
  0.0000E+00
  0.0000E+00
  0.0000E+00
  0.0000E+00
  0.0000E+00
  0.0000E+00
  0.0000E+00
  0.0000E+00
  0.0000E+00
  0.0000E+00
  0.0000E+00
  0.0000E+00
  0.0000E+00
  0.0000E+00
  0.0000E+00
  1.7019E-12
  0.0000E+00
  0.0000E+00
  0.0000E+00
  1.0629E-08
  7.8150E-08
  3.6588E-07
  1.1475E-06
  4.6885E-07
  2.7497E-07
  1.2935E-07
  1.7365E-07
  1.3833E-07
  2.9181E-08
  9.5244E-09
  7.1447E-09
  4.0568E-09
  3.7000E-09
  4.4316E-09
  2.6528E-09
  1.4954E-09
  1.5064E-09
  6.0948E-10
  1.0120E-09
