# CREATED BY GENE DIAGNOSTICS TOOL on Wed May  7 16:07:05 2025 /home/unix/ottink/gene/diagnostics
# diag: phases, run(s): ky01275v3, time window: 244.19156-260.61405(1 steps), species: i
# original data path: /Differ/Data/IMT/lottink/RFP_nTEM/vgrid/
# normalization: L_ref=1.5m
#
# x axis
#  phase    
 -3.1416E+00
 -3.0403E+00
 -2.9389E+00
 -2.8376E+00
 -2.7362E+00
 -2.6349E+00
 -2.5335E+00
 -2.4322E+00
 -2.3309E+00
 -2.2295E+00
 -2.1282E+00
 -2.0268E+00
 -1.9255E+00
 -1.8242E+00
 -1.7228E+00
 -1.6215E+00
 -1.5201E+00
 -1.4188E+00
 -1.3174E+00
 -1.2161E+00
 -1.1148E+00
 -1.0134E+00
 -9.1208E-01
 -8.1073E-01
 -7.0939E-01
 -6.0805E-01
 -5.0671E-01
 -4.0537E-01
 -3.0402E-01
 -2.0268E-01
 -1.0134E-01
  0.0000E+00
  1.0134E-01
  2.0268E-01
  3.0403E-01
  4.0537E-01
  5.0671E-01
  6.0805E-01
  7.0939E-01
  8.1073E-01
  9.1208E-01
  1.0134E+00
  1.1148E+00
  1.2161E+00
  1.3174E+00
  1.4188E+00
  1.5201E+00
  1.6215E+00
  1.7228E+00
  1.8242E+00
  1.9255E+00
  2.0268E+00
  2.1282E+00
  2.2295E+00
  2.3309E+00
  2.4322E+00
  2.5335E+00
  2.6349E+00
  2.7362E+00
  2.8376E+00
  2.9389E+00
  3.0403E+00
  3.1416E+00


# y axis
#  ky       
  1.2750E-01


#  time[Lref
  2.6061E+02


# time = 260.61405
#  phi_x_n,p
  8.8503E-07
  0.0000E+00
  0.0000E+00
  0.0000E+00
  0.0000E+00
  0.0000E+00
  0.0000E+00
  0.0000E+00
  0.0000E+00
  0.0000E+00
  0.0000E+00
  0.0000E+00
  0.0000E+00
  0.0000E+00
  0.0000E+00
  0.0000E+00
  0.0000E+00
  0.0000E+00
  0.0000E+00
  0.0000E+00
  0.0000E+00
  0.0000E+00
  0.0000E+00
  0.0000E+00
  0.0000E+00
  1.3981E-10
  0.0000E+00
  2.6485E-09
  2.8178E-09
  5.2464E-09
  1.6064E-09
  7.3832E-09
  4.9904E-09
  5.8309E-09
  3.6807E-09
  1.7471E-09
  3.9249E-09
  2.3227E-09
  7.6047E-09
  3.9063E-09
  5.2384E-09
  4.9793E-09
  2.7507E-09
  3.1778E-09
  5.6936E-09
  9.4742E-09
  6.3791E-09
  6.7528E-09
  1.6134E-09
  1.2637E-08
  2.1466E-08
  1.2324E-08
  3.5850E-08
  3.4402E-08
  6.3483E-08
  5.8798E-08
  9.7746E-08
  1.8726E-07
  3.4635E-07
  3.4747E-07
  2.8263E-06
  7.9284E-06
  1.4923E-06


# time = 260.61405
#  phi_x_Tpa
  2.7122E-06
  6.1974E-08
  3.7971E-08
  1.0438E-08
  8.3159E-09
  1.0304E-08
  1.3128E-09
  5.4962E-09
  5.4996E-09
  6.4367E-09
  4.0973E-09
  4.1715E-09
  4.5522E-09
  4.1822E-09
  0.0000E+00
  4.1608E-09
  0.0000E+00
  0.0000E+00
  0.0000E+00
  0.0000E+00
  0.0000E+00
  0.0000E+00
  0.0000E+00
  0.0000E+00
  0.0000E+00
  0.0000E+00
  0.0000E+00
  0.0000E+00
  0.0000E+00
  0.0000E+00
  0.0000E+00
  0.0000E+00
  0.0000E+00
  0.0000E+00
  0.0000E+00
  0.0000E+00
  0.0000E+00
  0.0000E+00
  0.0000E+00
  0.0000E+00
  0.0000E+00
  0.0000E+00
  0.0000E+00
  0.0000E+00
  0.0000E+00
  0.0000E+00
  0.0000E+00
  0.0000E+00
  0.0000E+00
  1.5953E-09
  1.0339E-09
  1.7730E-09
  3.2904E-09
  1.6728E-09
  3.6142E-09
  1.0176E-08
  1.0889E-08
  1.6517E-08
  8.1473E-08
  4.0411E-07
  1.1906E-06
  1.0066E-05
  1.2102E-06


# time = 260.61405
#  phi_x_Tpe
  4.4522E-09
  8.4530E-09
  6.9122E-09
  9.1996E-09
  4.7421E-09
  5.4317E-09
  6.9171E-09
  1.4984E-09
  5.1047E-09
  1.1089E-08
  1.4121E-09
  2.0964E-09
  2.5227E-09
  6.3797E-09
  7.3672E-09
  3.4619E-09
  6.0745E-09
  1.0726E-08
  1.8107E-08
  3.2132E-08
  2.7313E-08
  3.5403E-08
  4.9363E-08
  3.0662E-08
  4.9354E-08
  1.2118E-07
  1.6631E-07
  1.6043E-07
  5.9950E-07
  5.2147E-06
  4.5986E-06
  2.0958E-06
  0.0000E+00
  0.0000E+00
  0.0000E+00
  0.0000E+00
  0.0000E+00
  0.0000E+00
  0.0000E+00
  0.0000E+00
  0.0000E+00
  0.0000E+00
  0.0000E+00
  0.0000E+00
  0.0000E+00
  0.0000E+00
  0.0000E+00
  0.0000E+00
  0.0000E+00
  0.0000E+00
  0.0000E+00
  0.0000E+00
  0.0000E+00
  0.0000E+00
  0.0000E+00
  0.0000E+00
  6.0551E-10
  3.6266E-09
  9.0404E-09
  2.0605E-09
  1.1467E-08
  4.5326E-09
  8.0865E-09


# time = 260.61405
#  phi_x_n,t
  0.0000E+00
  0.0000E+00
  0.0000E+00
  1.2506E-11
  0.0000E+00
  1.4906E-11
  1.4268E-11
  0.0000E+00
  1.0614E-11
  9.6429E-12
  2.7650E-12
  0.0000E+00
  1.2737E-11
  0.0000E+00
  0.0000E+00
  0.0000E+00
  0.0000E+00
  1.9588E-12
  0.0000E+00
  3.2489E-12
  0.0000E+00
  4.6919E-12
  6.2045E-11
  0.0000E+00
  5.9379E-11
  7.3852E-11
  2.6584E-10
  2.3750E-10
  8.2423E-10
  0.0000E+00
  8.1145E-10
  1.6155E-09
  1.5439E-09
  1.9343E-09
  1.2831E-09
  5.0540E-09
  6.2594E-09
  6.4836E-09
  1.2862E-06
  1.1122E-05
  2.0221E-06
  8.8148E-07
  3.0926E-07
  1.0843E-07
  6.2618E-08
  2.3203E-08
  1.7011E-08
  9.4708E-09
  2.8581E-09
  7.9361E-09
  7.1704E-10
  1.1226E-09
  2.3877E-10
  8.3774E-12
  0.0000E+00
  3.5176E-12
  0.0000E+00
  0.0000E+00
  7.2758E-12
  0.0000E+00
  0.0000E+00
  0.0000E+00
  0.0000E+00


# time = 260.61405
#  phi_x_Tpa
  2.1970E-09
  1.2791E-09
  2.5606E-09
  3.3444E-09
  4.8081E-09
  1.2112E-08
  1.6653E-08
  7.3177E-06
  5.0726E-06
  2.0592E-06
  4.6093E-07
  2.5127E-07
  9.0345E-08
  4.0788E-08
  2.8303E-08
  1.4100E-08
  1.0003E-08
  5.2515E-09
  5.9306E-09
  7.4629E-10
  8.8409E-10
  1.2492E-10
  1.0460E-11
  4.3962E-12
  0.0000E+00
  0.0000E+00
  0.0000E+00
  9.0856E-12
  0.0000E+00
  0.0000E+00
  0.0000E+00
  0.0000E+00
  0.0000E+00
  0.0000E+00
  1.5608E-11
  0.0000E+00
  1.3830E-11
  2.2591E-11
  0.0000E+00
  1.3247E-11
  0.0000E+00
  1.5496E-11
  0.0000E+00
  0.0000E+00
  1.5899E-11
  0.0000E+00
  0.0000E+00
  0.0000E+00
  2.4470E-12
  0.0000E+00
  0.0000E+00
  4.0648E-12
  5.8536E-12
  1.4779E-11
  6.4229E-11
  7.5101E-11
  4.7117E-11
  3.6539E-10
  1.2489E-10
  1.0177E-09
  2.3289E-10
  1.0281E-09
  1.1233E-09


# time = 260.61405
#  phi_x_Tpe
  1.4154E-08
  1.2594E-08
  1.5429E-08
  2.5560E-08
  2.9617E-08
  8.0986E-08
  8.4147E-08
  1.0622E-07
  1.1887E-07
  8.3294E-08
  6.5276E-08
  2.3575E-08
  2.3636E-08
  1.8237E-07
  5.4535E-08
  1.0238E-07
  8.6182E-08
  2.4988E-08
  3.9405E-09
  1.4044E-08
  1.5067E-08
  1.6029E-07
  6.2546E-08
  1.2624E-07
  6.3827E-08
  0.0000E+00
  4.4273E-08
  4.6419E-07
  3.1420E-07
  8.4301E-08
  1.4697E-06
  2.5896E-06
  6.2588E-06
  1.3792E-06
  4.3276E-07
  0.0000E+00
  0.0000E+00
  0.0000E+00
  0.0000E+00
  0.0000E+00
  0.0000E+00
  0.0000E+00
  0.0000E+00
  0.0000E+00
  0.0000E+00
  0.0000E+00
  0.0000E+00
  0.0000E+00
  0.0000E+00
  0.0000E+00
  0.0000E+00
  0.0000E+00
  0.0000E+00
  0.0000E+00
  0.0000E+00
  0.0000E+00
  6.7592E-10
  1.2216E-09
  2.8011E-09
  5.7173E-09
  1.0295E-08
  3.2374E-09
  5.2437E-09
