# CREATED BY GENE DIAGNOSTICS TOOL on Fri May 16 20:34:53 2025 /home/unix/ottink/gene/diagnostics
# diag: phases, run(s): TokITGv1, time window: 277.8138-291.2274(1 steps), species: e
# original data path: /Differ/Data/IMT/lottink/Tokamak_ITG/
# normalization: L_ref=1.65m
#
# x axis
#  phase    
 -3.1416E+00
 -3.0403E+00
 -2.9389E+00
 -2.8376E+00
 -2.7362E+00
 -2.6349E+00
 -2.5335E+00
 -2.4322E+00
 -2.3309E+00
 -2.2295E+00
 -2.1282E+00
 -2.0268E+00
 -1.9255E+00
 -1.8242E+00
 -1.7228E+00
 -1.6215E+00
 -1.5201E+00
 -1.4188E+00
 -1.3174E+00
 -1.2161E+00
 -1.1148E+00
 -1.0134E+00
 -9.1208E-01
 -8.1073E-01
 -7.0939E-01
 -6.0805E-01
 -5.0671E-01
 -4.0537E-01
 -3.0402E-01
 -2.0268E-01
 -1.0134E-01
  0.0000E+00
  1.0134E-01
  2.0268E-01
  3.0403E-01
  4.0537E-01
  5.0671E-01
  6.0805E-01
  7.0939E-01
  8.1073E-01
  9.1208E-01
  1.0134E+00
  1.1148E+00
  1.2161E+00
  1.3174E+00
  1.4188E+00
  1.5201E+00
  1.6215E+00
  1.7228E+00
  1.8242E+00
  1.9255E+00
  2.0268E+00
  2.1282E+00
  2.2295E+00
  2.3309E+00
  2.4322E+00
  2.5335E+00
  2.6349E+00
  2.7362E+00
  2.8376E+00
  2.9389E+00
  3.0403E+00
  3.1416E+00


# y axis
#  ky       
  3.0000E-01


#  time[Lref
  2.9123E+02


# time = 291.2274
#  phi_x_n,p
  0.0000E+00
  0.0000E+00
  0.0000E+00
  0.0000E+00
  0.0000E+00
  0.0000E+00
  0.0000E+00
  8.1229E-12
  0.0000E+00
  0.0000E+00
  0.0000E+00
  0.0000E+00
  0.0000E+00
  0.0000E+00
  0.0000E+00
  1.3551E-11
  0.0000E+00
  0.0000E+00
  0.0000E+00
  0.0000E+00
  0.0000E+00
  0.0000E+00
  0.0000E+00
  2.9306E-10
  0.0000E+00
  9.1760E-11
  7.4491E-10
  1.1893E-09
  2.4762E-09
  4.1295E-09
  1.2494E-08
  5.9323E-08
  1.1163E-06
  2.9808E-07
  1.7625E-07
  1.3288E-07
  7.2608E-08
  2.9972E-08
  2.0278E-08
  2.4462E-09
  1.4761E-08
  5.1515E-09
  1.3137E-08
  7.6605E-10
  3.3376E-09
  2.6579E-08
  7.2149E-08
  6.8072E-08
  4.7552E-08
  3.5081E-08
  1.1348E-08
  2.4952E-08
  1.1100E-08
  6.2868E-09
  6.0599E-09
  2.3649E-08
  1.5998E-08
  2.9141E-08
  4.4864E-08
  3.4923E-08
  5.4938E-09
  0.0000E+00
  0.0000E+00


# time = 291.2274
#  phi_x_Tpa
  0.0000E+00
  0.0000E+00
  5.2201E-10
  8.8051E-10
  0.0000E+00
  0.0000E+00
  1.9849E-10
  1.9117E-10
  5.0006E-10
  7.2533E-10
  2.2568E-10
  3.1507E-10
  2.5383E-10
  0.0000E+00
  1.2105E-09
  2.6503E-11
  0.0000E+00
  4.0812E-10
  1.0408E-09
  9.1287E-10
  9.2414E-10
  2.3792E-09
  3.8313E-09
  1.3129E-09
  4.6782E-09
  2.6765E-09
  6.7571E-09
  4.9566E-08
  4.1653E-08
  1.0115E-07
  2.4236E-07
  6.4937E-07
  5.6028E-07
  2.4214E-07
  1.0264E-07
  2.4740E-08
  1.3170E-08
  3.1374E-08
  1.4327E-08
  3.1114E-08
  1.0818E-07
  1.8214E-07
  1.1106E-07
  3.2875E-08
  3.7604E-08
  7.2884E-09
  3.0812E-09
  1.3663E-08
  7.2804E-09
  0.0000E+00
  9.3071E-09
  0.0000E+00
  0.0000E+00
  0.0000E+00
  4.4446E-11
  0.0000E+00
  1.2190E-10
  7.6841E-11
  0.0000E+00
  2.8495E-10
  4.4534E-10
  3.5298E-10
  1.0999E-09


# time = 291.2274
#  phi_x_Tpe
  1.3345E-07
  1.0837E-06
  3.8227E-07
  1.3385E-07
  1.4050E-07
  1.0416E-07
  7.8560E-08
  4.5988E-08
  2.1003E-08
  1.7380E-08
  1.6009E-08
  1.6004E-08
  9.2897E-09
  1.8601E-09
  3.9026E-09
  4.5211E-09
  4.2688E-09
  6.8159E-08
  3.0235E-08
  9.6307E-09
  7.7109E-08
  2.9014E-08
  8.3880E-09
  2.8695E-08
  1.0877E-08
  2.7213E-08
  2.7478E-08
  2.1810E-08
  4.7727E-08
  2.7354E-08
  6.7578E-09
  5.8255E-12
  1.0322E-09
  1.4151E-09
  0.0000E+00
  1.1252E-09
  2.1615E-09
  0.0000E+00
  1.8416E-09
  0.0000E+00
  0.0000E+00
  1.1394E-09
  1.8923E-09
  1.4063E-09
  1.6922E-09
  2.7700E-09
  9.6362E-10
  1.0405E-09
  0.0000E+00
  0.0000E+00
  2.3762E-09
  0.0000E+00
  0.0000E+00
  3.5724E-11
  0.0000E+00
  2.4798E-11
  0.0000E+00
  0.0000E+00
  1.4617E-10
  8.5741E-11
  1.7953E-09
  3.7824E-09
  7.4250E-09


# time = 291.2274
#  phi_x_n,t
  2.5161E-08
  1.7989E-08
  3.4911E-08
  2.7319E-08
  2.2894E-08
  1.7204E-08
  2.0714E-08
  1.1373E-08
  1.4453E-08
  1.5606E-08
  2.3335E-09
  2.5588E-08
  1.8980E-08
  2.5370E-09
  3.8811E-09
  1.6518E-09
  5.6918E-09
  0.0000E+00
  0.0000E+00
  2.4725E-09
  4.4764E-09
  0.0000E+00
  3.7254E-11
  2.3731E-09
  0.0000E+00
  0.0000E+00
  1.2603E-09
  2.2969E-09
  0.0000E+00
  0.0000E+00
  3.6908E-09
  1.6723E-09
  2.9065E-09
  7.5771E-10
  3.2789E-11
  8.9396E-09
  8.0441E-09
  4.5375E-08
  5.2993E-08
  9.0149E-08
  1.8392E-07
  1.9797E-07
  2.2575E-07
  1.6684E-07
  9.8921E-08
  1.3638E-07
  8.2750E-08
  9.3018E-08
  5.8447E-08
  6.4494E-08
  5.6955E-08
  3.6036E-08
  3.9622E-08
  3.7114E-08
  4.0848E-08
  6.1268E-08
  6.4990E-08
  5.6721E-08
  5.3266E-08
  3.0869E-08
  2.8277E-08
  4.5010E-08
  3.8451E-08


# time = 291.2274
#  phi_x_Tpa
  0.0000E+00
  4.0818E-10
  3.8189E-11
  0.0000E+00
  0.0000E+00
  5.1658E-10
  8.9796E-10
  8.5187E-11
  1.3773E-09
  1.9887E-09
  5.5326E-09
  1.8587E-08
  6.4911E-08
  1.3728E-07
  1.3733E-07
  1.6204E-07
  2.3027E-07
  1.2494E-07
  1.2016E-07
  1.1959E-07
  6.7063E-08
  7.2244E-08
  9.6383E-08
  6.9750E-08
  7.9327E-08
  7.4747E-08
  1.1367E-07
  8.2706E-08
  4.7587E-08
  4.3686E-08
  5.9245E-08
  4.7174E-08
  2.5525E-08
  2.9418E-08
  3.5346E-08
  3.8910E-08
  1.8337E-08
  3.9027E-08
  9.0232E-09
  2.6060E-08
  1.7738E-08
  1.6854E-09
  2.2386E-08
  2.2046E-08
  1.0750E-08
  4.0915E-09
  4.3193E-09
  0.0000E+00
  3.3164E-09
  0.0000E+00
  0.0000E+00
  3.9174E-10
  0.0000E+00
  0.0000E+00
  4.2757E-11
  5.3275E-10
  0.0000E+00
  0.0000E+00
  0.0000E+00
  0.0000E+00
  0.0000E+00
  0.0000E+00
  0.0000E+00


# time = 291.2274
#  phi_x_Tpe
  2.1579E-09
  4.3751E-09
  3.8096E-09
  1.6139E-09
  6.1753E-10
  1.5499E-09
  9.6907E-10
  1.7450E-09
  7.3611E-11
  1.6324E-09
  2.2090E-09
  9.9378E-10
  4.7373E-10
  3.7993E-09
  6.6335E-09
  9.8906E-10
  1.2264E-09
  4.7279E-09
  1.0789E-08
  9.4424E-09
  5.8237E-09
  1.1686E-08
  1.9100E-09
  2.2219E-08
  3.2509E-08
  3.8367E-08
  1.0740E-07
  1.2613E-07
  2.5886E-07
  6.0377E-07
  8.4016E-07
  6.1270E-07
  6.2786E-08
  1.3216E-09
  1.3644E-09
  8.3575E-10
  1.0018E-09
  4.8251E-10
  5.3422E-10
  1.7420E-10
  4.7631E-11
  0.0000E+00
  1.0188E-10
  5.6354E-10
  0.0000E+00
  0.0000E+00
  1.2283E-10
  0.0000E+00
  8.6827E-10
  0.0000E+00
  1.9301E-09
  8.0569E-10
  1.1882E-09
  1.3737E-09
  0.0000E+00
  0.0000E+00
  1.9847E-10
  1.8007E-09
  2.3299E-09
  2.1053E-09
  9.9683E-10
  1.9212E-09
  2.6221E-09
