# CREATED BY GENE DIAGNOSTICS TOOL on Wed May  7 16:04:44 2025 /home/unix/ottink/gene/diagnostics
# diag: phases, run(s): ky03v2, time window: 98.61576-105.12616(1 steps), species: e
# original data path: /Differ/Data/IMT/lottink/Tokamak_nTEM/vgrid/
# normalization: L_ref=1.65m
#
# x axis
#  phase    
 -3.1416E+00
 -3.0403E+00
 -2.9389E+00
 -2.8376E+00
 -2.7362E+00
 -2.6349E+00
 -2.5335E+00
 -2.4322E+00
 -2.3309E+00
 -2.2295E+00
 -2.1282E+00
 -2.0268E+00
 -1.9255E+00
 -1.8242E+00
 -1.7228E+00
 -1.6215E+00
 -1.5201E+00
 -1.4188E+00
 -1.3174E+00
 -1.2161E+00
 -1.1148E+00
 -1.0134E+00
 -9.1208E-01
 -8.1073E-01
 -7.0939E-01
 -6.0805E-01
 -5.0671E-01
 -4.0537E-01
 -3.0402E-01
 -2.0268E-01
 -1.0134E-01
  0.0000E+00
  1.0134E-01
  2.0268E-01
  3.0403E-01
  4.0537E-01
  5.0671E-01
  6.0805E-01
  7.0939E-01
  8.1073E-01
  9.1208E-01
  1.0134E+00
  1.1148E+00
  1.2161E+00
  1.3174E+00
  1.4188E+00
  1.5201E+00
  1.6215E+00
  1.7228E+00
  1.8242E+00
  1.9255E+00
  2.0268E+00
  2.1282E+00
  2.2295E+00
  2.3309E+00
  2.4322E+00
  2.5335E+00
  2.6349E+00
  2.7362E+00
  2.8376E+00
  2.9389E+00
  3.0403E+00
  3.1416E+00


# y axis
#  ky       
  3.0000E-01


#  time[Lref
  1.0513E+02


# time = 105.12616
#  phi_x_n,p
  0.0000E+00
  0.0000E+00
  0.0000E+00
  0.0000E+00
  0.0000E+00
  0.0000E+00
  0.0000E+00
  0.0000E+00
  0.0000E+00
  0.0000E+00
  0.0000E+00
  0.0000E+00
  0.0000E+00
  0.0000E+00
  0.0000E+00
  0.0000E+00
  0.0000E+00
  0.0000E+00
  0.0000E+00
  0.0000E+00
  0.0000E+00
  0.0000E+00
  0.0000E+00
  0.0000E+00
  3.8827E-10
  0.0000E+00
  0.0000E+00
  0.0000E+00
  1.9295E-10
  1.2780E-09
  6.2211E-09
  5.5229E-07
  3.8229E-06
  2.5639E-06
  2.2319E-07
  9.8574E-08
  3.0434E-08
  2.2977E-07
  4.0802E-07
  4.7398E-07
  1.3562E-07
  1.3404E-07
  9.6372E-08
  8.2087E-08
  4.1398E-08
  3.1421E-08
  5.5973E-08
  3.5999E-08
  2.5530E-08
  5.9736E-08
  4.2147E-08
  3.2931E-08
  6.2477E-08
  0.0000E+00
  0.0000E+00
  0.0000E+00
  0.0000E+00
  0.0000E+00
  0.0000E+00
  0.0000E+00
  3.2894E-11
  0.0000E+00
  0.0000E+00


# time = 105.12616
#  phi_x_Tpa
  0.0000E+00
  1.5603E-10
  0.0000E+00
  0.0000E+00
  0.0000E+00
  1.5634E-10
  0.0000E+00
  3.1920E-10
  0.0000E+00
  0.0000E+00
  0.0000E+00
  0.0000E+00
  6.6813E-10
  0.0000E+00
  0.0000E+00
  0.0000E+00
  1.9270E-09
  5.3260E-10
  1.9632E-08
  0.0000E+00
  1.9319E-08
  4.0470E-09
  8.7274E-10
  6.4573E-09
  1.2088E-08
  1.0829E-08
  2.0952E-08
  4.7244E-08
  4.9516E-08
  2.4805E-07
  3.8292E-07
  9.6930E-07
  2.2794E-06
  2.9705E-06
  6.7544E-07
  1.6217E-07
  3.1745E-07
  9.3123E-08
  5.8718E-07
  3.4184E-07
  1.9227E-07
  1.5885E-07
  1.2697E-07
  1.6660E-08
  6.8715E-08
  4.9772E-08
  0.0000E+00
  2.1708E-08
  2.8610E-08
  1.4858E-08
  2.9115E-10
  2.1330E-08
  9.6971E-09
  9.1184E-09
  1.4020E-08
  0.0000E+00
  0.0000E+00
  0.0000E+00
  1.0109E-08
  0.0000E+00
  0.0000E+00
  0.0000E+00
  0.0000E+00


# time = 105.12616
#  phi_x_Tpe
  3.5461E-06
  4.4143E-06
  4.2250E-07
  5.7037E-08
  7.4851E-09
  6.5239E-09
  4.9682E-07
  5.6245E-07
  3.2360E-07
  1.1597E-07
  1.0098E-08
  1.3595E-08
  1.3531E-08
  1.1261E-09
  2.2512E-09
  5.8901E-09
  2.3211E-09
  5.5726E-09
  1.7862E-09
  0.0000E+00
  4.2726E-09
  7.3207E-09
  5.5761E-09
  3.4899E-09
  4.8395E-09
  6.1856E-10
  5.9346E-10
  0.0000E+00
  3.1977E-09
  2.0776E-09
  1.4776E-09
  5.1790E-09
  6.0058E-09
  0.0000E+00
  3.6587E-09
  8.1380E-09
  0.0000E+00
  5.3110E-09
  0.0000E+00
  0.0000E+00
  0.0000E+00
  1.8647E-09
  1.1284E-09
  5.0001E-09
  2.5053E-09
  8.8547E-09
  1.9875E-09
  0.0000E+00
  2.7210E-09
  2.5174E-09
  2.0180E-09
  1.0952E-08
  0.0000E+00
  4.1651E-08
  1.9368E-08
  1.1517E-08
  3.9362E-09
  6.0594E-09
  1.3500E-08
  0.0000E+00
  1.0587E-08
  2.9577E-08
  7.2739E-08


# time = 105.12616
#  phi_x_n,t
  0.0000E+00
  0.0000E+00
  0.0000E+00
  0.0000E+00
  0.0000E+00
  0.0000E+00
  0.0000E+00
  0.0000E+00
  0.0000E+00
  0.0000E+00
  0.0000E+00
  0.0000E+00
  0.0000E+00
  0.0000E+00
  0.0000E+00
  0.0000E+00
  0.0000E+00
  0.0000E+00
  0.0000E+00
  0.0000E+00
  0.0000E+00
  0.0000E+00
  0.0000E+00
  0.0000E+00
  0.0000E+00
  0.0000E+00
  0.0000E+00
  0.0000E+00
  0.0000E+00
  0.0000E+00
  0.0000E+00
  0.0000E+00
  0.0000E+00
  0.0000E+00
  0.0000E+00
  0.0000E+00
  0.0000E+00
  0.0000E+00
  0.0000E+00
  0.0000E+00
  0.0000E+00
  0.0000E+00
  1.1034E-10
  0.0000E+00
  9.4758E-10
  1.3554E-10
  1.0046E-09
  6.8856E-08
  4.5274E-06
  2.5285E-06
  1.3623E-06
  9.1507E-07
  5.9902E-07
  3.1103E-07
  6.9266E-08
  3.4160E-08
  8.7753E-09
  9.5009E-11
  0.0000E+00
  0.0000E+00
  1.3861E-10
  0.0000E+00
  0.0000E+00


# time = 105.12616
#  phi_x_Tpa
  0.0000E+00
  0.0000E+00
  0.0000E+00
  0.0000E+00
  0.0000E+00
  0.0000E+00
  0.0000E+00
  0.0000E+00
  0.0000E+00
  0.0000E+00
  0.0000E+00
  1.3662E-10
  0.0000E+00
  1.3402E-09
  5.0110E-10
  7.4180E-10
  1.7011E-06
  4.2091E-06
  1.8969E-06
  8.7052E-07
  7.4154E-07
  5.4660E-07
  1.7964E-07
  5.1620E-08
  1.8390E-08
  0.0000E+00
  1.1758E-10
  0.0000E+00
  0.0000E+00
  1.7135E-10
  0.0000E+00
  0.0000E+00
  0.0000E+00
  0.0000E+00
  0.0000E+00
  0.0000E+00
  0.0000E+00
  0.0000E+00
  0.0000E+00
  0.0000E+00
  0.0000E+00
  0.0000E+00
  0.0000E+00
  0.0000E+00
  0.0000E+00
  0.0000E+00
  0.0000E+00
  0.0000E+00
  0.0000E+00
  0.0000E+00
  0.0000E+00
  0.0000E+00
  0.0000E+00
  0.0000E+00
  0.0000E+00
  0.0000E+00
  0.0000E+00
  0.0000E+00
  0.0000E+00
  0.0000E+00
  0.0000E+00
  0.0000E+00
  0.0000E+00


# time = 105.12616
#  phi_x_Tpe
  1.2608E-08
  0.0000E+00
  0.0000E+00
  2.0869E-11
  0.0000E+00
  0.0000E+00
  0.0000E+00
  0.0000E+00
  0.0000E+00
  0.0000E+00
  0.0000E+00
  0.0000E+00
  0.0000E+00
  0.0000E+00
  0.0000E+00
  0.0000E+00
  0.0000E+00
  0.0000E+00
  0.0000E+00
  0.0000E+00
  0.0000E+00
  0.0000E+00
  0.0000E+00
  0.0000E+00
  0.0000E+00
  0.0000E+00
  0.0000E+00
  1.8905E-11
  0.0000E+00
  0.0000E+00
  0.0000E+00
  0.0000E+00
  4.8583E-11
  0.0000E+00
  0.0000E+00
  0.0000E+00
  0.0000E+00
  0.0000E+00
  0.0000E+00
  0.0000E+00
  0.0000E+00
  4.9808E-10
  5.4557E-10
  2.3871E-10
  0.0000E+00
  8.7276E-10
  1.2022E-09
  7.2735E-10
  0.0000E+00
  2.7609E-10
  2.1713E-09
  1.2979E-09
  4.5363E-09
  1.0971E-08
  7.8768E-09
  1.1534E-06
  3.7961E-06
  2.4095E-06
  1.6409E-06
  8.2521E-07
  2.5486E-07
  4.7859E-08
  6.4567E-09
