# CREATED BY GENE DIAGNOSTICS TOOL on Wed May  7 16:04:38 2025 /home/unix/ottink/gene/diagnostics
# diag: phases, run(s): ky03v1, time window: 92.79176-98.61576(1 steps), species: i
# original data path: /Differ/Data/IMT/lottink/Tokamak_nTEM/vgrid/
# normalization: L_ref=1.65m
#
# x axis
#  phase    
 -3.1416E+00
 -3.0403E+00
 -2.9389E+00
 -2.8376E+00
 -2.7362E+00
 -2.6349E+00
 -2.5335E+00
 -2.4322E+00
 -2.3309E+00
 -2.2295E+00
 -2.1282E+00
 -2.0268E+00
 -1.9255E+00
 -1.8242E+00
 -1.7228E+00
 -1.6215E+00
 -1.5201E+00
 -1.4188E+00
 -1.3174E+00
 -1.2161E+00
 -1.1148E+00
 -1.0134E+00
 -9.1208E-01
 -8.1073E-01
 -7.0939E-01
 -6.0805E-01
 -5.0671E-01
 -4.0537E-01
 -3.0402E-01
 -2.0268E-01
 -1.0134E-01
  0.0000E+00
  1.0134E-01
  2.0268E-01
  3.0403E-01
  4.0537E-01
  5.0671E-01
  6.0805E-01
  7.0939E-01
  8.1073E-01
  9.1208E-01
  1.0134E+00
  1.1148E+00
  1.2161E+00
  1.3174E+00
  1.4188E+00
  1.5201E+00
  1.6215E+00
  1.7228E+00
  1.8242E+00
  1.9255E+00
  2.0268E+00
  2.1282E+00
  2.2295E+00
  2.3309E+00
  2.4322E+00
  2.5335E+00
  2.6349E+00
  2.7362E+00
  2.8376E+00
  2.9389E+00
  3.0403E+00
  3.1416E+00


# y axis
#  ky       
  3.0000E-01


#  time[Lref
  9.8616E+01


# time = 98.61576
#  phi_x_n,p
  0.0000E+00
  0.0000E+00
  0.0000E+00
  0.0000E+00
  0.0000E+00
  0.0000E+00
  0.0000E+00
  0.0000E+00
  0.0000E+00
  0.0000E+00
  0.0000E+00
  0.0000E+00
  0.0000E+00
  0.0000E+00
  0.0000E+00
  0.0000E+00
  0.0000E+00
  0.0000E+00
  0.0000E+00
  0.0000E+00
  0.0000E+00
  0.0000E+00
  0.0000E+00
  0.0000E+00
  0.0000E+00
  0.0000E+00
  0.0000E+00
  2.7630E-11
  0.0000E+00
  0.0000E+00
  3.1006E-10
  0.0000E+00
  5.3779E-09
  7.1679E-09
  1.8048E-08
  3.1404E-08
  7.7420E-08
  1.4573E-07
  1.2918E-07
  4.0767E-07
  1.6564E-06
  4.6029E-06
  4.0359E-07
  8.3620E-07
  2.5200E-07
  1.4971E-07
  7.9341E-08
  7.9815E-08
  4.0896E-08
  1.1244E-08
  0.0000E+00
  0.0000E+00
  0.0000E+00
  0.0000E+00
  0.0000E+00
  0.0000E+00
  0.0000E+00
  0.0000E+00
  0.0000E+00
  0.0000E+00
  0.0000E+00
  0.0000E+00
  0.0000E+00


# time = 98.61576
#  phi_x_Tpa
  0.0000E+00
  0.0000E+00
  0.0000E+00
  6.5376E-09
  0.0000E+00
  7.1730E-10
  1.6621E-09
  0.0000E+00
  4.5284E-09
  2.7055E-09
  2.4263E-09
  3.8104E-09
  0.0000E+00
  0.0000E+00
  1.0121E-08
  0.0000E+00
  1.0478E-08
  7.9856E-09
  1.8250E-08
  2.9878E-08
  2.6224E-09
  4.4705E-08
  3.5058E-08
  4.8550E-08
  3.0728E-08
  6.8893E-08
  5.4546E-08
  6.8280E-08
  7.3938E-08
  1.2096E-07
  1.0310E-07
  1.4982E-07
  1.4066E-07
  4.0160E-07
  5.2696E-07
  6.2804E-07
  1.7767E-06
  3.4386E-06
  5.4699E-07
  7.3247E-07
  2.0422E-07
  1.9063E-08
  1.0177E-08
  3.1790E-08
  8.0712E-09
  0.0000E+00
  7.6710E-09
  0.0000E+00
  0.0000E+00
  8.0534E-09
  2.0961E-08
  0.0000E+00
  6.0036E-09
  6.4218E-09
  0.0000E+00
  0.0000E+00
  7.5404E-09
  8.4487E-09
  7.1717E-09
  0.0000E+00
  0.0000E+00
  2.4339E-09
  5.9418E-10


# time = 98.61576
#  phi_x_Tpe
  1.8319E-09
  1.7740E-09
  4.3381E-09
  1.5810E-08
  2.7177E-08
  3.5694E-08
  4.7009E-08
  2.8171E-08
  8.8342E-08
  1.0243E-07
  2.4328E-07
  3.7567E-06
  3.2763E-06
  9.3259E-07
  4.0988E-07
  2.7001E-07
  8.4489E-08
  6.2271E-08
  1.4159E-08
  0.0000E+00
  0.0000E+00
  0.0000E+00
  0.0000E+00
  0.0000E+00
  0.0000E+00
  0.0000E+00
  0.0000E+00
  0.0000E+00
  0.0000E+00
  0.0000E+00
  0.0000E+00
  0.0000E+00
  0.0000E+00
  0.0000E+00
  0.0000E+00
  0.0000E+00
  0.0000E+00
  0.0000E+00
  0.0000E+00
  0.0000E+00
  0.0000E+00
  0.0000E+00
  0.0000E+00
  0.0000E+00
  0.0000E+00
  0.0000E+00
  0.0000E+00
  0.0000E+00
  0.0000E+00
  0.0000E+00
  0.0000E+00
  0.0000E+00
  0.0000E+00
  0.0000E+00
  0.0000E+00
  0.0000E+00
  0.0000E+00
  0.0000E+00
  0.0000E+00
  0.0000E+00
  0.0000E+00
  0.0000E+00
  0.0000E+00


# time = 98.61576
#  phi_x_n,t
  0.0000E+00
  0.0000E+00
  0.0000E+00
  0.0000E+00
  0.0000E+00
  0.0000E+00
  0.0000E+00
  0.0000E+00
  0.0000E+00
  0.0000E+00
  0.0000E+00
  0.0000E+00
  0.0000E+00
  0.0000E+00
  0.0000E+00
  0.0000E+00
  0.0000E+00
  0.0000E+00
  0.0000E+00
  0.0000E+00
  0.0000E+00
  0.0000E+00
  0.0000E+00
  0.0000E+00
  0.0000E+00
  0.0000E+00
  0.0000E+00
  0.0000E+00
  0.0000E+00
  0.0000E+00
  0.0000E+00
  0.0000E+00
  0.0000E+00
  0.0000E+00
  0.0000E+00
  0.0000E+00
  0.0000E+00
  9.9964E-11
  2.1324E-08
  4.2668E-07
  3.2780E-06
  5.2027E-06
  4.6473E-07
  1.2486E-06
  1.0191E-07
  1.9656E-08
  2.6742E-08
  3.1556E-09
  8.2140E-09
  9.3290E-09
  7.4992E-10
  0.0000E+00
  2.4988E-09
  6.9358E-10
  0.0000E+00
  0.0000E+00
  0.0000E+00
  0.0000E+00
  0.0000E+00
  0.0000E+00
  0.0000E+00
  0.0000E+00
  0.0000E+00


# time = 98.61576
#  phi_x_Tpa
  0.0000E+00
  0.0000E+00
  0.0000E+00
  0.0000E+00
  0.0000E+00
  0.0000E+00
  5.6397E-10
  5.9295E-08
  5.2489E-07
  3.0445E-06
  5.1432E-06
  4.7995E-07
  1.2307E-06
  6.8946E-08
  3.3890E-08
  2.0548E-08
  0.0000E+00
  1.9392E-08
  3.0081E-09
  0.0000E+00
  3.1082E-09
  8.6967E-10
  0.0000E+00
  0.0000E+00
  0.0000E+00
  0.0000E+00
  0.0000E+00
  0.0000E+00
  0.0000E+00
  0.0000E+00
  0.0000E+00
  0.0000E+00
  0.0000E+00
  0.0000E+00
  0.0000E+00
  0.0000E+00
  0.0000E+00
  0.0000E+00
  0.0000E+00
  0.0000E+00
  0.0000E+00
  0.0000E+00
  0.0000E+00
  0.0000E+00
  0.0000E+00
  0.0000E+00
  0.0000E+00
  0.0000E+00
  0.0000E+00
  0.0000E+00
  0.0000E+00
  0.0000E+00
  0.0000E+00
  0.0000E+00
  0.0000E+00
  0.0000E+00
  0.0000E+00
  0.0000E+00
  0.0000E+00
  0.0000E+00
  0.0000E+00
  0.0000E+00
  0.0000E+00


# time = 98.61576
#  phi_x_Tpe
  0.0000E+00
  0.0000E+00
  0.0000E+00
  0.0000E+00
  0.0000E+00
  0.0000E+00
  0.0000E+00
  0.0000E+00
  0.0000E+00
  0.0000E+00
  0.0000E+00
  0.0000E+00
  0.0000E+00
  0.0000E+00
  0.0000E+00
  0.0000E+00
  0.0000E+00
  0.0000E+00
  0.0000E+00
  0.0000E+00
  0.0000E+00
  0.0000E+00
  0.0000E+00
  0.0000E+00
  0.0000E+00
  0.0000E+00
  0.0000E+00
  1.7061E-07
  8.0597E-07
  8.6641E-07
  6.3005E-07
  1.1804E-06
  1.3229E-06
  1.6848E-06
  2.8466E-06
  5.4193E-07
  6.3514E-07
  2.2858E-07
  4.9292E-09
  7.0370E-10
  4.3984E-09
  1.0927E-08
  1.9716E-09
  5.6403E-09
  0.0000E+00
  2.5376E-09
  9.4610E-10
  2.5261E-09
  7.1326E-10
  3.5823E-10
  0.0000E+00
  0.0000E+00
  3.0503E-09
  8.5671E-10
  8.3939E-10
  7.3865E-10
  8.6098E-10
  6.2754E-10
  0.0000E+00
  0.0000E+00
  0.0000E+00
  0.0000E+00
  0.0000E+00
