# CREATED BY GENE DIAGNOSTICS TOOL on Fri May 16 20:38:40 2025 /home/unix/ottink/gene/diagnostics
# diag: phases, run(s): TokITGv5, time window: 212.9426-224.8934(1 steps), species: e
# original data path: /Differ/Data/IMT/lottink/Tokamak_ITG/
# normalization: L_ref=1.65m
#
# x axis
#  phase    
 -3.1416E+00
 -3.0403E+00
 -2.9389E+00
 -2.8376E+00
 -2.7362E+00
 -2.6349E+00
 -2.5335E+00
 -2.4322E+00
 -2.3309E+00
 -2.2295E+00
 -2.1282E+00
 -2.0268E+00
 -1.9255E+00
 -1.8242E+00
 -1.7228E+00
 -1.6215E+00
 -1.5201E+00
 -1.4188E+00
 -1.3174E+00
 -1.2161E+00
 -1.1148E+00
 -1.0134E+00
 -9.1208E-01
 -8.1073E-01
 -7.0939E-01
 -6.0805E-01
 -5.0671E-01
 -4.0537E-01
 -3.0402E-01
 -2.0268E-01
 -1.0134E-01
  0.0000E+00
  1.0134E-01
  2.0268E-01
  3.0403E-01
  4.0537E-01
  5.0671E-01
  6.0805E-01
  7.0939E-01
  8.1073E-01
  9.1208E-01
  1.0134E+00
  1.1148E+00
  1.2161E+00
  1.3174E+00
  1.4188E+00
  1.5201E+00
  1.6215E+00
  1.7228E+00
  1.8242E+00
  1.9255E+00
  2.0268E+00
  2.1282E+00
  2.2295E+00
  2.3309E+00
  2.4322E+00
  2.5335E+00
  2.6349E+00
  2.7362E+00
  2.8376E+00
  2.9389E+00
  3.0403E+00
  3.1416E+00


# y axis
#  ky       
  3.0000E-01


#  time[Lref
  2.2489E+02


# time = 224.8934
#  phi_x_n,p
  0.0000E+00
  0.0000E+00
  0.0000E+00
  0.0000E+00
  0.0000E+00
  0.0000E+00
  0.0000E+00
  0.0000E+00
  0.0000E+00
  0.0000E+00
  0.0000E+00
  0.0000E+00
  0.0000E+00
  0.0000E+00
  0.0000E+00
  0.0000E+00
  0.0000E+00
  0.0000E+00
  0.0000E+00
  0.0000E+00
  0.0000E+00
  0.0000E+00
  4.1321E-11
  2.3470E-11
  3.8829E-10
  4.0848E-10
  0.0000E+00
  1.4333E-09
  1.3628E-09
  3.5130E-09
  8.6491E-09
  5.3473E-08
  1.2327E-06
  2.4962E-07
  2.1502E-07
  1.3497E-07
  4.6569E-08
  2.6708E-08
  2.0437E-08
  8.9146E-09
  9.6632E-09
  8.8027E-09
  4.4527E-09
  2.7698E-09
  2.6865E-08
  8.6153E-08
  5.0232E-08
  4.4471E-08
  3.6073E-08
  1.0221E-08
  1.5896E-08
  1.6780E-08
  0.0000E+00
  5.8779E-09
  2.1016E-08
  1.0914E-08
  1.7101E-08
  1.7324E-08
  4.3408E-08
  2.3863E-08
  5.7244E-09
  0.0000E+00
  0.0000E+00


# time = 224.8934
#  phi_x_Tpa
  3.7747E-10
  5.3643E-10
  2.1290E-10
  4.6565E-10
  8.3328E-10
  2.0268E-10
  4.0203E-10
  5.5621E-10
  9.9940E-11
  4.5221E-10
  2.4662E-10
  0.0000E+00
  4.0281E-11
  5.2309E-10
  3.3008E-10
  3.9033E-10
  5.9719E-10
  1.0610E-10
  8.7650E-10
  1.2171E-09
  5.6668E-10
  1.0633E-09
  2.2493E-10
  2.9870E-09
  2.0199E-09
  1.9143E-09
  4.9045E-09
  7.5692E-10
  3.3669E-08
  1.4420E-07
  2.8479E-07
  6.9491E-07
  7.2618E-07
  1.9466E-07
  1.9894E-08
  3.9580E-09
  1.7906E-08
  1.8899E-08
  1.0623E-08
  5.0558E-08
  2.1533E-07
  1.6257E-07
  5.5231E-08
  1.6461E-08
  1.9743E-08
  6.2799E-09
  1.0648E-08
  3.0434E-09
  0.0000E+00
  5.8144E-09
  0.0000E+00
  0.0000E+00
  0.0000E+00
  8.0182E-12
  0.0000E+00
  0.0000E+00
  3.1449E-11
  0.0000E+00
  0.0000E+00
  0.0000E+00
  0.0000E+00
  9.2325E-11
  7.2497E-10


# time = 224.8934
#  phi_x_Tpe
  1.7895E-07
  1.2257E-06
  2.8050E-07
  1.8431E-07
  9.9978E-08
  1.3852E-07
  5.1399E-08
  3.6589E-08
  1.5389E-08
  2.0776E-08
  1.2933E-08
  9.1639E-09
  2.0450E-09
  8.3062E-09
  4.1396E-09
  2.5530E-08
  3.6132E-08
  3.3782E-08
  5.2171E-08
  2.4952E-08
  3.5144E-08
  1.3984E-08
  2.3965E-08
  1.1651E-08
  5.3158E-09
  2.3311E-08
  1.0927E-08
  1.5216E-09
  1.9499E-08
  6.5609E-08
  2.4306E-08
  1.0014E-09
  1.2270E-09
  0.0000E+00
  2.8053E-09
  0.0000E+00
  1.0895E-09
  1.5569E-09
  1.4041E-09
  1.2327E-09
  0.0000E+00
  9.1881E-10
  2.5052E-09
  3.8857E-09
  1.4749E-09
  1.1038E-09
  0.0000E+00
  0.0000E+00
  1.1989E-09
  0.0000E+00
  0.0000E+00
  1.1625E-11
  0.0000E+00
  0.0000E+00
  0.0000E+00
  0.0000E+00
  0.0000E+00
  0.0000E+00
  5.9184E-11
  0.0000E+00
  1.4658E-10
  2.0551E-10
  0.0000E+00


# time = 224.8934
#  phi_x_n,t
  6.9285E-08
  6.2281E-08
  4.0242E-08
  4.3300E-08
  2.2702E-08
  1.7712E-08
  4.1603E-08
  2.9762E-08
  4.6728E-08
  2.3531E-08
  2.3712E-08
  2.0959E-08
  8.8951E-09
  6.4810E-09
  3.5955E-09
  1.4300E-09
  0.0000E+00
  1.2966E-09
  5.3204E-09
  0.0000E+00
  0.0000E+00
  0.0000E+00
  1.6090E-09
  1.5531E-09
  0.0000E+00
  2.6492E-09
  1.6266E-09
  0.0000E+00
  1.0557E-09
  0.0000E+00
  0.0000E+00
  7.4190E-10
  3.3921E-10
  0.0000E+00
  1.8905E-09
  5.8143E-10
  8.0423E-09
  1.0613E-08
  7.9503E-09
  1.4038E-08
  3.1100E-08
  3.6821E-08
  3.9783E-08
  9.4878E-08
  9.7611E-08
  5.9462E-08
  7.9693E-08
  4.6602E-08
  1.0598E-07
  8.2416E-08
  9.6305E-08
  7.0309E-08
  5.4035E-08
  7.9422E-08
  4.2498E-08
  6.8464E-08
  8.0296E-08
  1.2666E-07
  8.8112E-08
  8.3282E-08
  9.0132E-08
  6.9431E-08
  5.5221E-08


# time = 224.8934
#  phi_x_Tpa
  1.1484E-10
  6.4757E-11
  0.0000E+00
  0.0000E+00
  1.1341E-10
  0.0000E+00
  2.0290E-10
  2.3095E-10
  0.0000E+00
  2.9732E-09
  1.4257E-09
  2.4827E-09
  2.2209E-09
  2.2299E-09
  1.1137E-08
  3.6247E-09
  2.7090E-09
  3.2121E-09
  8.9700E-09
  1.1761E-08
  8.3038E-09
  1.1996E-08
  1.7906E-08
  1.3725E-07
  3.7463E-07
  2.7129E-07
  2.1592E-07
  2.0948E-07
  1.4002E-07
  1.1838E-07
  1.1600E-07
  7.7429E-08
  9.5554E-08
  6.8134E-08
  6.9232E-08
  5.0410E-08
  2.7956E-08
  5.8834E-08
  3.1708E-08
  3.8365E-08
  1.0479E-08
  1.7141E-08
  1.0228E-08
  1.7181E-08
  2.9482E-09
  2.7904E-09
  0.0000E+00
  0.0000E+00
  0.0000E+00
  0.0000E+00
  0.0000E+00
  0.0000E+00
  0.0000E+00
  0.0000E+00
  0.0000E+00
  0.0000E+00
  0.0000E+00
  0.0000E+00
  0.0000E+00
  5.0693E-11
  0.0000E+00
  0.0000E+00
  0.0000E+00


# time = 224.8934
#  phi_x_Tpe
  6.8000E-10
  0.0000E+00
  5.7400E-10
  3.4300E-10
  0.0000E+00
  0.0000E+00
  8.7185E-10
  0.0000E+00
  3.2992E-10
  2.6469E-10
  6.1074E-10
  0.0000E+00
  1.1891E-09
  3.6897E-10
  0.0000E+00
  7.3089E-10
  3.4110E-09
  4.9614E-10
  1.4977E-09
  1.7119E-09
  3.0321E-09
  1.1307E-08
  8.6505E-09
  1.7479E-08
  2.2471E-08
  2.8168E-08
  6.9510E-08
  1.5903E-07
  3.7877E-07
  1.6273E-06
  5.6301E-07
  5.0442E-09
  1.5491E-09
  9.3623E-10
  1.3240E-09
  5.9659E-10
  1.9148E-09
  2.0868E-10
  0.0000E+00
  7.4193E-10
  0.0000E+00
  1.3497E-10
  3.9631E-10
  6.2018E-10
  1.2167E-09
  8.7069E-10
  1.6417E-09
  1.8412E-11
  7.3799E-11
  0.0000E+00
  0.0000E+00
  6.2596E-12
  1.3181E-10
  3.2002E-11
  0.0000E+00
  0.0000E+00
  5.0914E-10
  0.0000E+00
  6.8682E-10
  0.0000E+00
  0.0000E+00
  3.8658E-10
  4.3567E-10
