# CREATED BY GENE DIAGNOSTICS TOOL on Fri May 16 20:31:54 2025 /home/unix/ottink/gene/diagnostics
# diag: phases, run(s): TokITGv0, time window: 351.143-363.149(1 steps), species: e
# original data path: /Differ/Data/IMT/lottink/Tokamak_ITG/
# normalization: L_ref=1.65m
#
# x axis
#  phase    
 -3.1416E+00
 -3.0403E+00
 -2.9389E+00
 -2.8376E+00
 -2.7362E+00
 -2.6349E+00
 -2.5335E+00
 -2.4322E+00
 -2.3309E+00
 -2.2295E+00
 -2.1282E+00
 -2.0268E+00
 -1.9255E+00
 -1.8242E+00
 -1.7228E+00
 -1.6215E+00
 -1.5201E+00
 -1.4188E+00
 -1.3174E+00
 -1.2161E+00
 -1.1148E+00
 -1.0134E+00
 -9.1208E-01
 -8.1073E-01
 -7.0939E-01
 -6.0805E-01
 -5.0671E-01
 -4.0537E-01
 -3.0402E-01
 -2.0268E-01
 -1.0134E-01
  0.0000E+00
  1.0134E-01
  2.0268E-01
  3.0403E-01
  4.0537E-01
  5.0671E-01
  6.0805E-01
  7.0939E-01
  8.1073E-01
  9.1208E-01
  1.0134E+00
  1.1148E+00
  1.2161E+00
  1.3174E+00
  1.4188E+00
  1.5201E+00
  1.6215E+00
  1.7228E+00
  1.8242E+00
  1.9255E+00
  2.0268E+00
  2.1282E+00
  2.2295E+00
  2.3309E+00
  2.4322E+00
  2.5335E+00
  2.6349E+00
  2.7362E+00
  2.8376E+00
  2.9389E+00
  3.0403E+00
  3.1416E+00


# y axis
#  ky       
  3.0000E-01


#  time[Lref
  3.6315E+02


# time = 363.149
#  phi_x_n,p
  0.0000E+00
  0.0000E+00
  0.0000E+00
  0.0000E+00
  0.0000E+00
  0.0000E+00
  0.0000E+00
  2.5727E-11
  0.0000E+00
  0.0000E+00
  0.0000E+00
  6.4896E-11
  0.0000E+00
  0.0000E+00
  0.0000E+00
  0.0000E+00
  0.0000E+00
  0.0000E+00
  5.9881E-11
  0.0000E+00
  0.0000E+00
  2.2563E-10
  1.0080E-10
  4.7730E-11
  3.9857E-10
  0.0000E+00
  5.8404E-10
  9.1608E-10
  7.0286E-10
  5.4107E-09
  9.5734E-09
  4.0742E-08
  1.3152E-06
  2.1848E-07
  2.2267E-07
  1.5096E-07
  3.4295E-08
  2.5765E-08
  1.4864E-08
  8.3218E-09
  9.6613E-09
  4.5506E-09
  7.7886E-09
  3.1036E-09
  9.9946E-08
  6.5533E-08
  1.9136E-08
  3.7012E-08
  1.7065E-08
  2.4906E-08
  1.2881E-08
  6.1154E-09
  4.3701E-09
  7.7132E-09
  1.8016E-08
  9.9985E-09
  7.1692E-09
  1.2464E-08
  4.2677E-08
  2.7666E-08
  6.8528E-09
  0.0000E+00
  1.0838E-11


# time = 363.149
#  phi_x_Tpa
  1.9096E-10
  5.5209E-10
  0.0000E+00
  0.0000E+00
  0.0000E+00
  4.5791E-10
  2.0424E-10
  1.5794E-10
  4.5610E-10
  1.0441E-10
  1.8647E-10
  0.0000E+00
  0.0000E+00
  1.8746E-10
  5.0213E-10
  2.6122E-10
  0.0000E+00
  1.1123E-09
  1.3279E-10
  6.6080E-11
  3.5794E-10
  1.7123E-09
  1.0409E-09
  3.3208E-09
  1.7173E-09
  8.9252E-10
  5.7329E-09
  2.0183E-09
  5.4130E-08
  9.4476E-08
  3.0619E-07
  6.9221E-07
  7.6771E-07
  2.1294E-07
  2.9398E-08
  1.6783E-08
  1.4439E-08
  7.7208E-09
  1.7931E-08
  6.6637E-08
  1.9208E-07
  1.0737E-07
  3.4141E-08
  4.6089E-08
  1.7628E-08
  7.3588E-09
  4.7698E-09
  7.1520E-09
  8.6518E-11
  5.0046E-09
  2.6439E-11
  5.6401E-09
  2.8284E-09
  1.9941E-10
  0.0000E+00
  4.6170E-11
  4.5137E-10
  1.0667E-10
  2.5286E-10
  0.0000E+00
  8.9092E-10
  3.9633E-10
  4.5180E-10


# time = 363.149
#  phi_x_Tpe
  2.9462E-07
  1.1211E-06
  2.7805E-07
  1.9745E-07
  1.1052E-07
  1.1650E-07
  6.4134E-08
  3.3150E-08
  1.3010E-08
  2.3885E-08
  1.7011E-08
  5.1499E-09
  2.6622E-09
  1.0731E-08
  2.1061E-09
  4.2746E-08
  3.9220E-08
  4.0346E-08
  3.6062E-08
  2.9103E-08
  1.9539E-08
  2.5820E-08
  9.7478E-09
  9.8978E-09
  1.7323E-08
  1.4289E-08
  6.2704E-09
  3.3043E-09
  1.4908E-08
  1.3828E-08
  5.2397E-08
  2.3101E-08
  5.9198E-09
  7.0323E-11
  3.5069E-09
  0.0000E+00
  1.0175E-09
  2.9165E-09
  4.2378E-11
  1.5715E-09
  0.0000E+00
  3.8771E-09
  2.7527E-09
  1.0645E-09
  2.6594E-09
  0.0000E+00
  1.1159E-09
  5.1244E-11
  7.9546E-12
  0.0000E+00
  0.0000E+00
  7.3448E-11
  3.9071E-11
  0.0000E+00
  0.0000E+00
  0.0000E+00
  4.4098E-11
  1.2570E-10
  8.7093E-11
  9.8310E-11
  4.1145E-10
  2.7613E-09
  3.5667E-09


# time = 363.149
#  phi_x_n,t
  9.1113E-08
  8.0402E-08
  6.4570E-08
  2.8825E-08
  5.2506E-08
  1.8076E-08
  5.9917E-08
  6.2974E-08
  6.6548E-08
  1.7376E-08
  5.8816E-08
  3.4115E-08
  2.3503E-08
  1.0237E-08
  7.8702E-10
  1.1413E-09
  5.8593E-09
  3.2790E-09
  6.0940E-09
  2.4180E-09
  5.9123E-10
  3.6377E-09
  0.0000E+00
  0.0000E+00
  1.1594E-10
  0.0000E+00
  2.1403E-10
  0.0000E+00
  0.0000E+00
  7.5902E-11
  2.6607E-09
  1.6102E-10
  0.0000E+00
  1.1512E-09
  2.5323E-09
  1.9213E-09
  3.5902E-09
  1.9875E-09
  1.1359E-09
  8.3945E-10
  3.5663E-10
  2.7911E-09
  9.3770E-10
  7.1338E-09
  4.4135E-09
  4.1739E-09
  7.6211E-09
  2.9113E-09
  2.0287E-09
  2.1079E-08
  8.5751E-09
  1.0793E-08
  2.0128E-08
  8.7906E-08
  1.0270E-07
  1.5861E-07
  1.5069E-07
  2.1912E-07
  1.8386E-07
  1.2693E-07
  1.3054E-07
  1.0057E-07
  8.3558E-08


# time = 363.149
#  phi_x_Tpa
  1.2747E-10
  0.0000E+00
  5.4371E-10
  4.0295E-10
  1.6529E-09
  9.4016E-10
  2.0687E-09
  4.9028E-10
  2.5320E-10
  1.8267E-10
  9.2508E-10
  8.9627E-10
  5.5664E-10
  5.2265E-09
  2.7236E-09
  1.1917E-09
  2.9417E-09
  1.6821E-09
  1.0456E-08
  4.8479E-09
  5.5134E-09
  1.4276E-09
  9.5671E-09
  7.5004E-09
  9.2324E-09
  2.3971E-08
  6.5178E-08
  7.0211E-08
  3.2533E-07
  4.1703E-07
  4.2040E-07
  2.0760E-07
  1.5875E-07
  1.4546E-07
  7.6988E-08
  7.7373E-08
  1.0590E-07
  6.2057E-08
  5.3126E-08
  3.3131E-08
  1.8551E-08
  1.4937E-08
  1.5047E-08
  1.0292E-08
  5.7248E-09
  2.9986E-09
  2.5288E-09
  2.4423E-09
  6.7679E-11
  0.0000E+00
  0.0000E+00
  0.0000E+00
  0.0000E+00
  0.0000E+00
  0.0000E+00
  0.0000E+00
  9.2077E-11
  5.4001E-11
  1.1529E-10
  0.0000E+00
  6.0028E-11
  0.0000E+00
  2.0012E-10


# time = 363.149
#  phi_x_Tpe
  2.9416E-10
  3.0562E-10
  9.1512E-10
  4.4782E-10
  5.9696E-10
  3.7412E-10
  2.5438E-10
  8.2314E-10
  1.8152E-09
  1.6490E-10
  1.4563E-10
  9.0943E-10
  9.8284E-11
  0.0000E+00
  0.0000E+00
  1.3027E-10
  2.2718E-09
  1.6401E-09
  2.5236E-09
  3.0205E-09
  4.6557E-09
  1.2611E-10
  5.2405E-09
  1.0629E-08
  1.4423E-08
  2.1298E-08
  5.0033E-08
  8.5834E-08
  9.6101E-07
  1.5082E-06
  1.6072E-07
  1.1511E-08
  3.1432E-09
  4.5569E-09
  8.6481E-10
  1.2118E-09
  7.6560E-10
  5.3575E-10
  2.1969E-09
  1.4792E-09
  4.1488E-10
  2.2135E-10
  2.3441E-09
  1.1956E-09
  1.4316E-11
  6.1098E-10
  2.4198E-10
  1.2554E-09
  4.1176E-10
  4.7454E-10
  9.8861E-10
  6.6990E-10
  8.6971E-10
  3.9422E-10
  3.5854E-10
  5.6847E-10
  1.1029E-10
  9.8883E-10
  5.2230E-10
  0.0000E+00
  4.9590E-10
  6.1065E-10
  0.0000E+00
