# CREATED BY GENE DIAGNOSTICS TOOL on Wed May  7 16:06:51 2025 /home/unix/ottink/gene/diagnostics
# diag: phases, run(s): ky01275v1, time window: 244.19156-254.12701(1 steps), species: e
# original data path: /Differ/Data/IMT/lottink/RFP_nTEM/vgrid/
# normalization: L_ref=1.5m
#
# x axis
#  phase    
 -3.1416E+00
 -3.0403E+00
 -2.9389E+00
 -2.8376E+00
 -2.7362E+00
 -2.6349E+00
 -2.5335E+00
 -2.4322E+00
 -2.3309E+00
 -2.2295E+00
 -2.1282E+00
 -2.0268E+00
 -1.9255E+00
 -1.8242E+00
 -1.7228E+00
 -1.6215E+00
 -1.5201E+00
 -1.4188E+00
 -1.3174E+00
 -1.2161E+00
 -1.1148E+00
 -1.0134E+00
 -9.1208E-01
 -8.1073E-01
 -7.0939E-01
 -6.0805E-01
 -5.0671E-01
 -4.0537E-01
 -3.0402E-01
 -2.0268E-01
 -1.0134E-01
  0.0000E+00
  1.0134E-01
  2.0268E-01
  3.0403E-01
  4.0537E-01
  5.0671E-01
  6.0805E-01
  7.0939E-01
  8.1073E-01
  9.1208E-01
  1.0134E+00
  1.1148E+00
  1.2161E+00
  1.3174E+00
  1.4188E+00
  1.5201E+00
  1.6215E+00
  1.7228E+00
  1.8242E+00
  1.9255E+00
  2.0268E+00
  2.1282E+00
  2.2295E+00
  2.3309E+00
  2.4322E+00
  2.5335E+00
  2.6349E+00
  2.7362E+00
  2.8376E+00
  2.9389E+00
  3.0403E+00
  3.1416E+00


# y axis
#  ky       
  1.2750E-01


#  time[Lref
  2.5413E+02


# time = 254.12701
#  phi_x_n,p
  6.5667E-10
  0.0000E+00
  3.4268E-10
  0.0000E+00
  5.3129E-10
  6.1778E-10
  2.1006E-09
  0.0000E+00
  0.0000E+00
  6.1754E-10
  7.2022E-10
  1.9165E-10
  4.4311E-10
  1.5947E-09
  2.3523E-10
  5.8106E-10
  1.1764E-09
  1.4067E-09
  1.2601E-09
  5.7330E-10
  6.8826E-10
  0.0000E+00
  2.4480E-09
  2.0896E-09
  1.4097E-09
  3.8307E-09
  4.9136E-09
  8.3711E-09
  2.0527E-08
  4.9826E-08
  8.5259E-07
  1.0242E-05
  1.8802E-06
  5.6972E-07
  1.4947E-07
  9.7277E-08
  3.9471E-08
  2.1303E-08
  7.5197E-10
  2.3179E-08
  5.7519E-09
  6.5043E-09
  6.8963E-09
  6.5017E-09
  6.9344E-09
  5.1801E-10
  2.5011E-10
  4.9278E-09
  4.2432E-09
  2.3034E-09
  2.1573E-09
  9.7641E-10
  4.3573E-09
  6.3250E-09
  5.0644E-09
  9.6272E-09
  1.0981E-08
  1.7453E-08
  2.6510E-08
  1.0265E-08
  0.0000E+00
  0.0000E+00
  0.0000E+00


# time = 254.12701
#  phi_x_Tpa
  1.3861E-10
  0.0000E+00
  0.0000E+00
  0.0000E+00
  0.0000E+00
  0.0000E+00
  6.5328E-11
  2.7991E-11
  0.0000E+00
  0.0000E+00
  0.0000E+00
  3.7791E-10
  7.4319E-10
  1.3942E-10
  0.0000E+00
  0.0000E+00
  2.6916E-10
  6.0580E-10
  4.5296E-10
  3.3870E-10
  5.6382E-10
  2.8119E-10
  4.3908E-10
  7.3079E-10
  4.6836E-10
  1.3308E-09
  5.6027E-09
  2.8878E-08
  5.5671E-08
  2.2122E-08
  3.6245E-07
  1.1954E-05
  1.9848E-06
  5.2572E-07
  9.9946E-08
  6.6138E-09
  4.3404E-09
  4.9995E-10
  0.0000E+00
  1.0728E-09
  0.0000E+00
  1.8349E-10
  0.0000E+00
  0.0000E+00
  2.7309E-11
  0.0000E+00
  0.0000E+00
  0.0000E+00
  0.0000E+00
  0.0000E+00
  0.0000E+00
  0.0000E+00
  0.0000E+00
  0.0000E+00
  9.4099E-11
  0.0000E+00
  0.0000E+00
  0.0000E+00
  0.0000E+00
  0.0000E+00
  0.0000E+00
  0.0000E+00
  0.0000E+00


# time = 254.12701
#  phi_x_Tpe
  5.3264E-06
  6.6688E-08
  6.4455E-09
  3.1717E-08
  1.2697E-08
  1.2872E-08
  1.3244E-08
  1.2826E-08
  9.3714E-09
  4.1064E-09
  3.5712E-09
  0.0000E+00
  0.0000E+00
  0.0000E+00
  3.5571E-10
  0.0000E+00
  0.0000E+00
  0.0000E+00
  2.3164E-10
  0.0000E+00
  0.0000E+00
  0.0000E+00
  0.0000E+00
  0.0000E+00
  0.0000E+00
  0.0000E+00
  0.0000E+00
  0.0000E+00
  0.0000E+00
  0.0000E+00
  0.0000E+00
  0.0000E+00
  3.4898E-10
  1.0073E-10
  0.0000E+00
  2.4833E-10
  0.0000E+00
  0.0000E+00
  0.0000E+00
  0.0000E+00
  0.0000E+00
  0.0000E+00
  1.7496E-09
  1.5121E-09
  1.0827E-09
  0.0000E+00
  0.0000E+00
  1.4820E-09
  2.0988E-09
  2.4706E-09
  4.0719E-09
  1.8565E-09
  1.1284E-09
  0.0000E+00
  0.0000E+00
  3.3370E-09
  3.3652E-09
  9.8298E-08
  1.6221E-07
  3.3801E-07
  1.6120E-07
  5.1731E-07
  5.2015E-06


# time = 254.12701
#  phi_x_n,t
  6.7393E-11
  0.0000E+00
  1.0725E-10
  3.1469E-11
  0.0000E+00
  0.0000E+00
  0.0000E+00
  0.0000E+00
  0.0000E+00
  4.6700E-11
  0.0000E+00
  0.0000E+00
  6.0734E-11
  0.0000E+00
  0.0000E+00
  0.0000E+00
  0.0000E+00
  1.6054E-11
  3.5726E-11
  0.0000E+00
  0.0000E+00
  1.1838E-11
  0.0000E+00
  0.0000E+00
  0.0000E+00
  1.1205E-11
  0.0000E+00
  2.1303E-11
  2.8577E-12
  0.0000E+00
  2.4996E-11
  0.0000E+00
  3.3070E-11
  0.0000E+00
  3.4182E-11
  1.9022E-11
  0.0000E+00
  3.0076E-10
  1.6884E-10
  0.0000E+00
  2.0235E-10
  2.6567E-10
  4.5712E-10
  1.5525E-10
  8.8000E-10
  1.6789E-09
  1.8180E-09
  4.7897E-09
  9.5401E-09
  5.4227E-09
  5.6948E-06
  5.6183E-06
  2.9545E-06
  3.3979E-07
  1.7352E-07
  9.0782E-08
  5.3676E-08
  2.6004E-08
  2.6609E-08
  2.3728E-08
  6.5965E-09
  0.0000E+00
  3.9323E-11


# time = 254.12701
#  phi_x_Tpa
  0.0000E+00
  5.3267E-11
  5.5540E-11
  0.0000E+00
  3.0970E-11
  3.3073E-11
  4.4855E-10
  2.6390E-10
  0.0000E+00
  3.2967E-10
  6.1636E-10
  5.0399E-10
  7.5455E-10
  2.0756E-09
  2.7901E-09
  3.8073E-09
  1.5068E-08
  3.9761E-09
  5.0227E-07
  7.1685E-06
  4.7135E-06
  9.1367E-07
  2.5250E-07
  9.2534E-08
  7.9933E-08
  3.8227E-08
  6.1262E-08
  1.8041E-08
  1.9289E-08
  5.9559E-09
  5.6730E-11
  2.5349E-11
  8.4051E-11
  0.0000E+00
  2.2256E-10
  0.0000E+00
  0.0000E+00
  0.0000E+00
  0.0000E+00
  0.0000E+00
  7.3242E-11
  0.0000E+00
  0.0000E+00
  9.8495E-11
  0.0000E+00
  0.0000E+00
  0.0000E+00
  0.0000E+00
  0.0000E+00
  2.5165E-11
  5.6916E-11
  0.0000E+00
  1.9399E-11
  0.0000E+00
  0.0000E+00
  0.0000E+00
  0.0000E+00
  1.8206E-11
  3.4623E-11
  4.9294E-12
  0.0000E+00
  4.0552E-11
  0.0000E+00


# time = 254.12701
#  phi_x_Tpe
  7.6040E-11
  3.7968E-11
  0.0000E+00
  8.8632E-11
  1.1816E-10
  0.0000E+00
  0.0000E+00
  0.0000E+00
  0.0000E+00
  9.9563E-11
  0.0000E+00
  4.7583E-11
  0.0000E+00
  4.0113E-11
  0.0000E+00
  0.0000E+00
  0.0000E+00
  0.0000E+00
  0.0000E+00
  4.5884E-11
  0.0000E+00
  1.0243E-11
  0.0000E+00
  4.9930E-12
  0.0000E+00
  0.0000E+00
  2.1232E-11
  0.0000E+00
  0.0000E+00
  1.6169E-11
  0.0000E+00
  0.0000E+00
  0.0000E+00
  0.0000E+00
  1.5584E-11
  0.0000E+00
  0.0000E+00
  0.0000E+00
  3.9731E-11
  9.2136E-11
  1.7009E-10
  9.5970E-11
  0.0000E+00
  7.4269E-11
  2.1996E-10
  5.7537E-10
  1.9800E-09
  1.3178E-09
  2.5866E-09
  4.1952E-09
  1.1217E-08
  5.0008E-09
  2.4759E-08
  3.1125E-08
  2.7532E-07
  1.2906E-05
  1.0338E-06
  3.3972E-07
  7.1610E-08
  6.9224E-08
  3.2888E-08
  3.6981E-09
  3.9014E-09
