# CREATED BY GENE DIAGNOSTICS TOOL on Wed May  7 16:06:51 2025 /home/unix/ottink/gene/diagnostics
# diag: phases, run(s): ky01275v1, time window: 244.19156-254.12701(1 steps), species: i
# original data path: /Differ/Data/IMT/lottink/RFP_nTEM/vgrid/
# normalization: L_ref=1.5m
#
# x axis
#  phase    
 -3.1416E+00
 -3.0403E+00
 -2.9389E+00
 -2.8376E+00
 -2.7362E+00
 -2.6349E+00
 -2.5335E+00
 -2.4322E+00
 -2.3309E+00
 -2.2295E+00
 -2.1282E+00
 -2.0268E+00
 -1.9255E+00
 -1.8242E+00
 -1.7228E+00
 -1.6215E+00
 -1.5201E+00
 -1.4188E+00
 -1.3174E+00
 -1.2161E+00
 -1.1148E+00
 -1.0134E+00
 -9.1208E-01
 -8.1073E-01
 -7.0939E-01
 -6.0805E-01
 -5.0671E-01
 -4.0537E-01
 -3.0402E-01
 -2.0268E-01
 -1.0134E-01
  0.0000E+00
  1.0134E-01
  2.0268E-01
  3.0403E-01
  4.0537E-01
  5.0671E-01
  6.0805E-01
  7.0939E-01
  8.1073E-01
  9.1208E-01
  1.0134E+00
  1.1148E+00
  1.2161E+00
  1.3174E+00
  1.4188E+00
  1.5201E+00
  1.6215E+00
  1.7228E+00
  1.8242E+00
  1.9255E+00
  2.0268E+00
  2.1282E+00
  2.2295E+00
  2.3309E+00
  2.4322E+00
  2.5335E+00
  2.6349E+00
  2.7362E+00
  2.8376E+00
  2.9389E+00
  3.0403E+00
  3.1416E+00


# y axis
#  ky       
  1.2750E-01


#  time[Lref
  2.5413E+02


# time = 254.12701
#  phi_x_n,p
  0.0000E+00
  0.0000E+00
  0.0000E+00
  0.0000E+00
  0.0000E+00
  0.0000E+00
  0.0000E+00
  0.0000E+00
  0.0000E+00
  0.0000E+00
  0.0000E+00
  0.0000E+00
  0.0000E+00
  0.0000E+00
  0.0000E+00
  0.0000E+00
  0.0000E+00
  0.0000E+00
  0.0000E+00
  0.0000E+00
  0.0000E+00
  0.0000E+00
  0.0000E+00
  0.0000E+00
  0.0000E+00
  0.0000E+00
  5.9095E-11
  9.2198E-10
  1.8041E-09
  3.6768E-09
  3.9532E-09
  4.7377E-09
  2.3598E-09
  5.4947E-09
  4.8873E-09
  1.8634E-09
  2.4025E-09
  2.5238E-09
  4.8125E-09
  4.0906E-09
  3.5408E-09
  2.8189E-09
  3.7506E-09
  3.1012E-09
  5.7307E-09
  5.3864E-09
  1.0001E-08
  4.3436E-09
  1.5941E-09
  8.0955E-09
  1.1640E-08
  2.5165E-08
  1.6415E-08
  3.6218E-08
  5.0335E-08
  8.1708E-08
  3.1890E-08
  2.1305E-07
  2.7831E-07
  2.5704E-07
  2.1178E-06
  9.3575E-06
  2.4126E-06


# time = 254.12701
#  phi_x_Tpa
  1.5286E-06
  4.2665E-08
  2.4273E-08
  1.1114E-08
  3.3984E-09
  3.8820E-09
  4.7093E-09
  6.4961E-09
  2.1687E-09
  5.9504E-09
  3.1397E-09
  2.2485E-09
  3.7193E-09
  2.9250E-09
  3.4982E-11
  1.1921E-09
  0.0000E+00
  0.0000E+00
  0.0000E+00
  0.0000E+00
  0.0000E+00
  0.0000E+00
  0.0000E+00
  0.0000E+00
  0.0000E+00
  0.0000E+00
  0.0000E+00
  0.0000E+00
  0.0000E+00
  0.0000E+00
  0.0000E+00
  0.0000E+00
  0.0000E+00
  0.0000E+00
  0.0000E+00
  0.0000E+00
  0.0000E+00
  0.0000E+00
  0.0000E+00
  0.0000E+00
  0.0000E+00
  0.0000E+00
  0.0000E+00
  6.9935E-10
  0.0000E+00
  0.0000E+00
  6.7615E-11
  8.4695E-10
  8.8339E-10
  2.4190E-09
  5.7049E-10
  7.3300E-10
  1.8543E-09
  2.7210E-09
  2.3549E-09
  7.9729E-09
  1.3553E-08
  3.2533E-08
  2.7725E-08
  2.6496E-07
  1.2970E-06
  1.1705E-05
  1.5997E-06


# time = 254.12701
#  phi_x_Tpe
  8.0706E-09
  3.5253E-09
  6.7170E-09
  4.9651E-09
  7.9676E-09
  5.2432E-09
  4.9585E-09
  1.8534E-09
  6.5593E-09
  3.9362E-09
  8.3705E-09
  4.2307E-09
  5.7150E-10
  3.2874E-09
  7.8746E-09
  1.0544E-09
  7.3397E-09
  1.1493E-08
  5.1208E-09
  2.2230E-08
  1.7394E-08
  2.3431E-08
  5.2279E-08
  4.5405E-08
  5.7426E-08
  1.0209E-07
  1.3492E-07
  1.6382E-07
  4.6675E-07
  2.9222E-06
  7.8751E-06
  1.8709E-06
  0.0000E+00
  0.0000E+00
  0.0000E+00
  0.0000E+00
  0.0000E+00
  0.0000E+00
  0.0000E+00
  0.0000E+00
  0.0000E+00
  0.0000E+00
  0.0000E+00
  0.0000E+00
  0.0000E+00
  0.0000E+00
  0.0000E+00
  0.0000E+00
  0.0000E+00
  0.0000E+00
  0.0000E+00
  0.0000E+00
  0.0000E+00
  0.0000E+00
  0.0000E+00
  0.0000E+00
  0.0000E+00
  9.1102E-10
  2.7156E-09
  8.7696E-09
  5.6236E-09
  4.8669E-09
  3.6902E-09


# time = 254.12701
#  phi_x_n,t
  0.0000E+00
  0.0000E+00
  0.0000E+00
  0.0000E+00
  1.3607E-11
  4.4332E-12
  0.0000E+00
  1.4547E-11
  1.9306E-11
  0.0000E+00
  1.1330E-11
  0.0000E+00
  0.0000E+00
  5.3645E-12
  0.0000E+00
  5.2622E-12
  0.0000E+00
  0.0000E+00
  0.0000E+00
  1.8052E-11
  4.1257E-11
  1.5086E-12
  4.8650E-11
  0.0000E+00
  9.5762E-11
  4.0864E-10
  1.3408E-12
  1.2501E-10
  7.7572E-10
  4.0143E-10
  1.0834E-09
  5.0648E-10
  1.7503E-09
  1.1846E-09
  2.6850E-09
  6.7251E-10
  5.5403E-09
  7.5965E-09
  1.0160E-08
  6.6927E-07
  1.2224E-05
  2.4428E-06
  2.9733E-07
  2.3809E-07
  6.5034E-08
  4.1413E-08
  1.8105E-08
  2.4490E-08
  7.7285E-09
  4.6058E-09
  3.6901E-09
  1.0726E-09
  4.7359E-10
  1.0954E-11
  9.2393E-12
  0.0000E+00
  0.0000E+00
  2.9836E-12
  7.7790E-12
  0.0000E+00
  5.8487E-12
  0.0000E+00
  0.0000E+00


# time = 254.12701
#  phi_x_Tpa
  7.1542E-10
  2.9178E-09
  1.3653E-09
  2.4438E-09
  1.5759E-09
  6.7188E-09
  1.1661E-08
  2.3266E-08
  9.9999E-06
  4.1058E-06
  8.3223E-07
  2.5593E-07
  1.3177E-07
  7.9699E-08
  4.0313E-08
  1.5685E-08
  1.6566E-08
  9.5777E-09
  3.8035E-09
  5.0947E-09
  8.2683E-11
  6.1601E-10
  1.3665E-11
  1.1526E-11
  0.0000E+00
  0.0000E+00
  1.3435E-11
  0.0000E+00
  7.3008E-12
  0.0000E+00
  0.0000E+00
  0.0000E+00
  0.0000E+00
  0.0000E+00
  0.0000E+00
  0.0000E+00
  1.6975E-11
  5.5326E-12
  0.0000E+00
  3.7198E-11
  5.0492E-12
  1.4141E-11
  0.0000E+00
  0.0000E+00
  0.0000E+00
  6.6953E-12
  0.0000E+00
  6.5624E-12
  0.0000E+00
  0.0000E+00
  0.0000E+00
  2.2523E-11
  5.2490E-11
  1.8837E-12
  6.1428E-11
  1.4026E-11
  2.2539E-10
  4.0313E-10
  1.6781E-12
  6.2862E-10
  6.0754E-10
  1.3898E-09
  1.0651E-09


# time = 254.12701
#  phi_x_Tpe
  6.6813E-09
  1.2373E-08
  9.6252E-09
  5.5634E-09
  2.6585E-08
  1.8697E-08
  5.2874E-08
  9.5130E-08
  1.7562E-07
  1.1850E-07
  6.1189E-08
  5.3756E-08
  1.3358E-07
  4.3709E-08
  4.3427E-08
  1.4187E-07
  5.6901E-08
  1.2192E-08
  2.3649E-08
  2.7555E-08
  4.7603E-09
  1.3567E-07
  2.1025E-10
  1.4482E-08
  5.0124E-08
  1.2086E-07
  0.0000E+00
  1.7019E-08
  1.8612E-08
  3.1310E-07
  2.9054E-07
  1.5337E-07
  1.1639E-06
  3.0893E-06
  6.9725E-06
  1.4105E-06
  0.0000E+00
  0.0000E+00
  0.0000E+00
  0.0000E+00
  0.0000E+00
  0.0000E+00
  0.0000E+00
  0.0000E+00
  0.0000E+00
  0.0000E+00
  0.0000E+00
  0.0000E+00
  0.0000E+00
  0.0000E+00
  0.0000E+00
  0.0000E+00
  0.0000E+00
  0.0000E+00
  0.0000E+00
  0.0000E+00
  0.0000E+00
  3.4841E-10
  9.3734E-10
  1.7718E-09
  6.4444E-09
  5.6813E-09
  6.7341E-09
