# CREATED BY GENE DIAGNOSTICS TOOL on Fri May 16 20:39:49 2025 /home/unix/ottink/gene/diagnostics
# diag: phases, run(s): TokITGv7, time window: 241.2326-251.4722(1 steps), species: e
# original data path: /Differ/Data/IMT/lottink/Tokamak_ITG/
# normalization: L_ref=1.65m
#
# x axis
#  phase    
 -3.1416E+00
 -3.0403E+00
 -2.9389E+00
 -2.8376E+00
 -2.7362E+00
 -2.6349E+00
 -2.5335E+00
 -2.4322E+00
 -2.3309E+00
 -2.2295E+00
 -2.1282E+00
 -2.0268E+00
 -1.9255E+00
 -1.8242E+00
 -1.7228E+00
 -1.6215E+00
 -1.5201E+00
 -1.4188E+00
 -1.3174E+00
 -1.2161E+00
 -1.1148E+00
 -1.0134E+00
 -9.1208E-01
 -8.1073E-01
 -7.0939E-01
 -6.0805E-01
 -5.0671E-01
 -4.0537E-01
 -3.0402E-01
 -2.0268E-01
 -1.0134E-01
  0.0000E+00
  1.0134E-01
  2.0268E-01
  3.0403E-01
  4.0537E-01
  5.0671E-01
  6.0805E-01
  7.0939E-01
  8.1073E-01
  9.1208E-01
  1.0134E+00
  1.1148E+00
  1.2161E+00
  1.3174E+00
  1.4188E+00
  1.5201E+00
  1.6215E+00
  1.7228E+00
  1.8242E+00
  1.9255E+00
  2.0268E+00
  2.1282E+00
  2.2295E+00
  2.3309E+00
  2.4322E+00
  2.5335E+00
  2.6349E+00
  2.7362E+00
  2.8376E+00
  2.9389E+00
  3.0403E+00
  3.1416E+00


# y axis
#  ky       
  3.0000E-01


#  time[Lref
  2.5147E+02


# time = 251.4722
#  phi_x_n,p
  0.0000E+00
  0.0000E+00
  0.0000E+00
  1.1738E-11
  0.0000E+00
  0.0000E+00
  0.0000E+00
  0.0000E+00
  0.0000E+00
  0.0000E+00
  0.0000E+00
  0.0000E+00
  0.0000E+00
  0.0000E+00
  0.0000E+00
  0.0000E+00
  0.0000E+00
  0.0000E+00
  0.0000E+00
  2.1671E-10
  5.1664E-11
  0.0000E+00
  0.0000E+00
  0.0000E+00
  0.0000E+00
  0.0000E+00
  9.2915E-10
  6.4124E-10
  2.3717E-09
  3.9641E-09
  1.2472E-08
  3.9450E-08
  1.2158E-06
  2.6747E-07
  2.0599E-07
  1.4026E-07
  4.6472E-08
  2.8014E-08
  1.7417E-08
  1.0487E-08
  1.2609E-08
  4.6601E-09
  1.1614E-09
  1.4748E-08
  2.6660E-10
  9.4813E-08
  6.3895E-08
  3.9465E-08
  3.2627E-08
  1.3366E-08
  2.8573E-08
  6.3485E-09
  5.8905E-09
  9.0175E-09
  1.6256E-08
  7.6095E-09
  1.2795E-08
  2.4034E-08
  4.4308E-08
  2.9226E-08
  7.4339E-09
  0.0000E+00
  2.5792E-11


# time = 251.4722
#  phi_x_Tpa
  0.0000E+00
  2.7805E-10
  6.7428E-10
  2.7933E-10
  0.0000E+00
  6.8012E-11
  2.0155E-10
  1.7732E-10
  1.5179E-10
  3.4897E-10
  6.3772E-10
  9.5668E-11
  2.5478E-11
  1.4675E-10
  6.4057E-10
  4.4299E-10
  7.1115E-11
  2.3192E-10
  8.0751E-10
  4.3482E-10
  8.6197E-10
  1.1096E-09
  2.1608E-09
  2.4287E-09
  2.7307E-09
  3.4333E-09
  2.8640E-09
  5.9320E-09
  7.8959E-08
  5.2009E-08
  3.2179E-07
  6.6164E-07
  6.6127E-07
  2.3896E-07
  6.4935E-08
  1.2407E-08
  1.8246E-08
  1.2338E-08
  1.9897E-08
  3.1878E-08
  1.4640E-07
  1.5849E-07
  7.2798E-08
  5.0136E-08
  2.4251E-08
  5.7469E-09
  5.7385E-09
  0.0000E+00
  8.6368E-09
  5.8986E-09
  3.2156E-11
  7.0388E-09
  0.0000E+00
  0.0000E+00
  8.4372E-11
  3.7145E-10
  5.5580E-11
  7.3230E-11
  9.2160E-11
  0.0000E+00
  3.3430E-10
  8.7862E-10
  6.4026E-10


# time = 251.4722
#  phi_x_Tpe
  1.8244E-07
  1.1624E-06
  2.9600E-07
  1.7879E-07
  1.0507E-07
  1.3982E-07
  6.3556E-08
  3.3811E-08
  1.5885E-08
  2.7641E-08
  1.2740E-08
  7.1824E-09
  4.3334E-09
  5.8010E-09
  9.3594E-09
  4.2995E-09
  5.7046E-08
  2.8080E-08
  3.8737E-08
  4.1336E-08
  3.7651E-08
  1.4190E-08
  1.5678E-08
  2.2985E-08
  1.3047E-08
  1.4404E-08
  8.2295E-09
  8.7932E-09
  3.0131E-08
  4.5263E-08
  2.5595E-08
  5.4024E-09
  9.8133E-10
  1.8758E-09
  0.0000E+00
  1.2215E-09
  1.1186E-09
  0.0000E+00
  1.4463E-09
  2.7459E-09
  0.0000E+00
  2.6580E-09
  0.0000E+00
  2.3247E-09
  2.4946E-09
  1.4557E-09
  1.0974E-09
  4.1298E-11
  9.3867E-10
  0.0000E+00
  0.0000E+00
  3.3035E-11
  1.4271E-11
  0.0000E+00
  0.0000E+00
  8.4153E-11
  0.0000E+00
  5.5064E-11
  0.0000E+00
  4.2767E-10
  1.4619E-09
  1.5743E-09
  9.0660E-09


# time = 251.4722
#  phi_x_n,t
  8.8878E-08
  4.3104E-08
  6.7335E-08
  6.4316E-08
  3.8423E-08
  2.6097E-08
  2.6254E-08
  2.8600E-08
  1.7522E-09
  1.5664E-08
  3.9289E-08
  2.5127E-08
  7.0496E-09
  5.8535E-10
  0.0000E+00
  0.0000E+00
  0.0000E+00
  7.6907E-10
  1.0216E-10
  0.0000E+00
  0.0000E+00
  3.9439E-11
  0.0000E+00
  0.0000E+00
  0.0000E+00
  1.0434E-10
  0.0000E+00
  0.0000E+00
  0.0000E+00
  0.0000E+00
  0.0000E+00
  0.0000E+00
  3.5321E-11
  2.2551E-10
  1.0793E-10
  0.0000E+00
  4.0943E-10
  1.9799E-09
  1.7680E-09
  9.3244E-10
  1.7356E-09
  1.1730E-09
  5.3085E-08
  2.0104E-07
  1.8861E-07
  1.1226E-07
  1.2228E-07
  7.4104E-08
  7.0830E-08
  7.9979E-08
  2.9055E-08
  6.6427E-08
  5.0082E-08
  4.5654E-08
  5.4426E-08
  7.8815E-08
  4.8269E-08
  6.9528E-08
  5.7535E-08
  6.6721E-08
  8.4696E-08
  1.2657E-07
  6.2402E-08


# time = 251.4722
#  phi_x_Tpa
  0.0000E+00
  3.3646E-11
  2.1248E-10
  1.0166E-10
  3.8596E-10
  4.9779E-10
  1.3403E-09
  1.6525E-09
  1.4811E-09
  9.9454E-10
  1.2994E-09
  8.9376E-10
  2.5525E-09
  4.9096E-09
  7.9177E-09
  5.2441E-09
  3.9827E-09
  2.5625E-09
  1.1714E-08
  9.3868E-09
  8.4641E-09
  2.2122E-08
  1.7035E-07
  3.5339E-07
  2.0535E-07
  1.2631E-07
  1.5578E-07
  1.8489E-07
  1.2980E-07
  1.1121E-07
  1.3627E-07
  1.4039E-07
  1.1631E-07
  5.1669E-08
  7.9504E-08
  4.6869E-08
  3.0170E-08
  2.9924E-08
  1.9284E-08
  1.6812E-08
  1.5658E-08
  2.4594E-08
  2.6129E-08
  6.4076E-09
  0.0000E+00
  5.5411E-10
  0.0000E+00
  0.0000E+00
  0.0000E+00
  0.0000E+00
  9.6018E-11
  0.0000E+00
  3.7110E-11
  0.0000E+00
  0.0000E+00
  0.0000E+00
  0.0000E+00
  9.8238E-11
  0.0000E+00
  0.0000E+00
  0.0000E+00
  0.0000E+00
  0.0000E+00


# time = 251.4722
#  phi_x_Tpe
  9.9948E-10
  6.4852E-10
  5.0115E-10
  1.3185E-09
  1.9455E-09
  6.5658E-10
  7.1155E-10
  1.3483E-09
  9.9050E-11
  0.0000E+00
  2.1186E-09
  3.7807E-10
  6.6319E-10
  1.1711E-09
  4.0927E-10
  2.9726E-09
  3.6070E-09
  3.5921E-09
  8.5507E-09
  7.8802E-10
  5.2909E-09
  8.6735E-09
  8.7932E-09
  1.2503E-08
  2.1370E-08
  2.7761E-08
  8.2718E-08
  1.0790E-07
  4.2778E-07
  1.2904E-06
  7.6121E-07
  3.4082E-08
  2.9941E-09
  2.4520E-09
  7.3747E-10
  1.6657E-09
  3.4487E-10
  1.4489E-10
  1.1261E-09
  3.5451E-10
  8.9092E-11
  0.0000E+00
  0.0000E+00
  5.9867E-10
  6.6645E-10
  3.2805E-10
  1.2492E-09
  1.7394E-09
  2.7658E-10
  0.0000E+00
  1.6260E-10
  0.0000E+00
  2.1257E-09
  1.5362E-09
  7.7778E-10
  0.0000E+00
  9.6158E-10
  1.5870E-09
  1.1352E-10
  7.8845E-10
  1.2360E-09
  7.3169E-10
  1.3720E-09
