# CREATED BY GENE DIAGNOSTICS TOOL on Fri May 16 20:44:11 2025 /home/unix/ottink/gene/diagnostics
# diag: phases, run(s): RFPnTEMv5, time window: 277.34569-277.34642(1 steps), species: i
# original data path: /Differ/Data/IMT/lottink/RFP_nTEM/vgrid/
# normalization: L_ref=1.5m
#
# x axis
#  phase    
 -3.1416E+00
 -3.0403E+00
 -2.9389E+00
 -2.8376E+00
 -2.7362E+00
 -2.6349E+00
 -2.5335E+00
 -2.4322E+00
 -2.3309E+00
 -2.2295E+00
 -2.1282E+00
 -2.0268E+00
 -1.9255E+00
 -1.8242E+00
 -1.7228E+00
 -1.6215E+00
 -1.5201E+00
 -1.4188E+00
 -1.3174E+00
 -1.2161E+00
 -1.1148E+00
 -1.0134E+00
 -9.1208E-01
 -8.1073E-01
 -7.0939E-01
 -6.0805E-01
 -5.0671E-01
 -4.0537E-01
 -3.0402E-01
 -2.0268E-01
 -1.0134E-01
  0.0000E+00
  1.0134E-01
  2.0268E-01
  3.0403E-01
  4.0537E-01
  5.0671E-01
  6.0805E-01
  7.0939E-01
  8.1073E-01
  9.1208E-01
  1.0134E+00
  1.1148E+00
  1.2161E+00
  1.3174E+00
  1.4188E+00
  1.5201E+00
  1.6215E+00
  1.7228E+00
  1.8242E+00
  1.9255E+00
  2.0268E+00
  2.1282E+00
  2.2295E+00
  2.3309E+00
  2.4322E+00
  2.5335E+00
  2.6349E+00
  2.7362E+00
  2.8376E+00
  2.9389E+00
  3.0403E+00
  3.1416E+00


# y axis
#  ky       
  1.2750E-01


#  time[Lref
  2.7735E+02


# time = 277.34642
#  phi_x_n,p
  6.5701E-07
  0.0000E+00
  0.0000E+00
  0.0000E+00
  0.0000E+00
  0.0000E+00
  0.0000E+00
  0.0000E+00
  0.0000E+00
  0.0000E+00
  0.0000E+00
  0.0000E+00
  0.0000E+00
  0.0000E+00
  0.0000E+00
  0.0000E+00
  0.0000E+00
  0.0000E+00
  0.0000E+00
  0.0000E+00
  0.0000E+00
  0.0000E+00
  0.0000E+00
  0.0000E+00
  6.2120E-11
  0.0000E+00
  3.5377E-10
  0.0000E+00
  4.2554E-09
  2.4091E-09
  4.8300E-09
  2.6980E-09
  4.3727E-09
  4.5517E-09
  5.5023E-09
  1.4888E-09
  2.7260E-09
  2.1448E-09
  5.8626E-09
  2.1993E-09
  5.4948E-09
  4.6897E-09
  3.5473E-09
  2.1877E-09
  6.6912E-09
  4.7529E-09
  8.3253E-09
  5.1011E-09
  4.7491E-09
  5.2320E-09
  1.4805E-08
  3.1154E-08
  1.2531E-08
  3.3639E-08
  5.4744E-08
  8.5402E-08
  4.1675E-08
  1.8215E-07
  3.5879E-07
  1.7788E-07
  2.2536E-06
  9.0965E-06
  1.7176E-06


# time = 277.34642
#  phi_x_Tpa
  2.0306E-06
  5.4963E-08
  2.6504E-08
  4.0321E-09
  8.5706E-09
  6.4061E-09
  4.8755E-09
  3.7977E-09
  4.0829E-09
  6.1923E-09
  4.4667E-09
  2.3763E-09
  1.4978E-09
  3.8873E-09
  1.6106E-09
  1.2897E-09
  3.9372E-11
  0.0000E+00
  0.0000E+00
  0.0000E+00
  0.0000E+00
  0.0000E+00
  0.0000E+00
  0.0000E+00
  0.0000E+00
  0.0000E+00
  0.0000E+00
  0.0000E+00
  0.0000E+00
  0.0000E+00
  0.0000E+00
  0.0000E+00
  0.0000E+00
  0.0000E+00
  0.0000E+00
  0.0000E+00
  0.0000E+00
  0.0000E+00
  0.0000E+00
  0.0000E+00
  0.0000E+00
  0.0000E+00
  0.0000E+00
  0.0000E+00
  0.0000E+00
  5.8474E-10
  4.2903E-10
  5.5400E-11
  1.2433E-09
  1.8148E-09
  3.4488E-10
  1.5136E-09
  1.9493E-09
  1.8660E-09
  2.9633E-09
  6.6165E-09
  1.1387E-08
  3.0677E-08
  5.4437E-08
  2.8085E-07
  1.1746E-06
  1.1601E-05
  1.0556E-06


# time = 277.34642
#  phi_x_Tpe
  4.5562E-09
  3.4203E-09
  9.0081E-09
  2.4423E-09
  8.6526E-09
  4.7158E-09
  5.3144E-09
  1.0534E-09
  6.9472E-09
  6.0649E-09
  4.6466E-09
  4.7855E-09
  4.6150E-09
  1.4987E-09
  6.4774E-09
  2.1411E-09
  6.4199E-09
  1.4925E-08
  5.3262E-09
  1.9489E-08
  2.5444E-08
  2.2882E-08
  6.2168E-08
  3.6617E-08
  6.1871E-08
  9.9319E-08
  1.6035E-07
  1.6996E-07
  4.2046E-07
  3.6304E-06
  6.8515E-06
  2.0016E-06
  0.0000E+00
  0.0000E+00
  0.0000E+00
  0.0000E+00
  0.0000E+00
  0.0000E+00
  0.0000E+00
  0.0000E+00
  0.0000E+00
  0.0000E+00
  0.0000E+00
  0.0000E+00
  0.0000E+00
  0.0000E+00
  0.0000E+00
  0.0000E+00
  0.0000E+00
  0.0000E+00
  0.0000E+00
  0.0000E+00
  0.0000E+00
  0.0000E+00
  0.0000E+00
  0.0000E+00
  1.4931E-10
  2.6131E-09
  3.8364E-09
  3.2365E-09
  1.1079E-08
  7.8516E-09
  2.8676E-09


# time = 277.34642
#  phi_x_n,t
  0.0000E+00
  0.0000E+00
  0.0000E+00
  1.1144E-11
  0.0000E+00
  4.3376E-12
  2.7262E-11
  0.0000E+00
  3.1309E-12
  1.0182E-11
  0.0000E+00
  0.0000E+00
  0.0000E+00
  9.9961E-12
  0.0000E+00
  0.0000E+00
  0.0000E+00
  1.4299E-11
  0.0000E+00
  0.0000E+00
  5.2348E-12
  4.1696E-11
  9.4565E-12
  4.9954E-11
  0.0000E+00
  3.8900E-10
  7.4583E-11
  1.2455E-10
  6.9406E-10
  1.8321E-10
  9.6113E-10
  9.2035E-10
  1.3430E-09
  1.4019E-09
  2.2901E-09
  1.2870E-09
  4.6227E-09
  8.6722E-09
  1.5243E-08
  8.0536E-06
  5.4335E-06
  1.8374E-06
  3.2722E-07
  1.9165E-07
  8.0446E-08
  3.4839E-08
  1.4093E-08
  2.2051E-08
  5.8558E-09
  4.9508E-09
  2.9930E-09
  1.2869E-09
  5.5354E-10
  8.2196E-12
  0.0000E+00
  3.3546E-12
  0.0000E+00
  7.8638E-12
  6.1138E-12
  0.0000E+00
  0.0000E+00
  0.0000E+00
  0.0000E+00


# time = 277.34642
#  phi_x_Tpa
  1.2643E-09
  2.4211E-09
  1.7121E-09
  2.3824E-09
  1.8075E-09
  1.3348E-08
  9.9328E-09
  2.2445E-08
  1.1337E-05
  2.8612E-06
  7.2516E-07
  2.5808E-07
  1.3207E-07
  7.9861E-08
  4.0201E-08
  2.2922E-08
  9.3632E-09
  1.0483E-08
  2.7341E-09
  5.0750E-09
  1.3504E-11
  7.0526E-10
  1.0265E-11
  0.0000E+00
  4.1951E-12
  9.8237E-12
  0.0000E+00
  7.6397E-12
  0.0000E+00
  0.0000E+00
  0.0000E+00
  0.0000E+00
  0.0000E+00
  0.0000E+00
  1.3916E-11
  0.0000E+00
  5.4191E-12
  0.0000E+00
  3.4056E-11
  3.9140E-12
  0.0000E+00
  1.2722E-11
  0.0000E+00
  0.0000E+00
  1.2485E-11
  0.0000E+00
  0.0000E+00
  0.0000E+00
  0.0000E+00
  1.7852E-11
  0.0000E+00
  2.5112E-12
  4.0368E-12
  5.3298E-11
  7.5011E-11
  0.0000E+00
  0.0000E+00
  5.5688E-10
  4.6862E-11
  6.4439E-10
  4.8798E-10
  8.4496E-10
  1.3528E-09


# time = 277.34642
#  phi_x_Tpe
  4.8177E-09
  1.6558E-08
  9.4696E-09
  1.3277E-08
  2.9335E-08
  4.1613E-08
  4.5437E-08
  1.4049E-07
  1.1639E-07
  1.2005E-07
  5.3008E-08
  4.2408E-08
  6.7059E-08
  1.3018E-07
  3.8482E-08
  7.9539E-08
  1.1954E-07
  1.8540E-08
  8.4866E-09
  1.7425E-08
  1.4492E-08
  1.0263E-07
  5.1438E-08
  0.0000E+00
  1.6806E-07
  3.8677E-08
  0.0000E+00
  1.9386E-08
  2.8761E-07
  3.3687E-07
  1.6987E-07
  1.0978E-06
  1.6156E-06
  7.9481E-06
  1.8686E-06
  0.0000E+00
  0.0000E+00
  0.0000E+00
  0.0000E+00
  0.0000E+00
  0.0000E+00
  0.0000E+00
  0.0000E+00
  0.0000E+00
  0.0000E+00
  0.0000E+00
  0.0000E+00
  0.0000E+00
  0.0000E+00
  0.0000E+00
  0.0000E+00
  0.0000E+00
  0.0000E+00
  0.0000E+00
  0.0000E+00
  0.0000E+00
  0.0000E+00
  1.1456E-09
  1.0363E-09
  3.4112E-09
  8.4708E-09
  6.1929E-09
  3.2557E-09
