# CREATED BY GENE DIAGNOSTICS TOOL on Fri May 16 20:32:02 2025 /home/unix/ottink/gene/diagnostics
# diag: phases, run(s): TokITGv4, time window: 231.1034-241.2326(1 steps), species: i
# original data path: /Differ/Data/IMT/lottink/Tokamak_ITG/
# normalization: L_ref=1.65m
#
# x axis
#  phase    
 -3.1416E+00
 -3.0403E+00
 -2.9389E+00
 -2.8376E+00
 -2.7362E+00
 -2.6349E+00
 -2.5335E+00
 -2.4322E+00
 -2.3309E+00
 -2.2295E+00
 -2.1282E+00
 -2.0268E+00
 -1.9255E+00
 -1.8242E+00
 -1.7228E+00
 -1.6215E+00
 -1.5201E+00
 -1.4188E+00
 -1.3174E+00
 -1.2161E+00
 -1.1148E+00
 -1.0134E+00
 -9.1208E-01
 -8.1073E-01
 -7.0939E-01
 -6.0805E-01
 -5.0671E-01
 -4.0537E-01
 -3.0402E-01
 -2.0268E-01
 -1.0134E-01
  0.0000E+00
  1.0134E-01
  2.0268E-01
  3.0403E-01
  4.0537E-01
  5.0671E-01
  6.0805E-01
  7.0939E-01
  8.1073E-01
  9.1208E-01
  1.0134E+00
  1.1148E+00
  1.2161E+00
  1.3174E+00
  1.4188E+00
  1.5201E+00
  1.6215E+00
  1.7228E+00
  1.8242E+00
  1.9255E+00
  2.0268E+00
  2.1282E+00
  2.2295E+00
  2.3309E+00
  2.4322E+00
  2.5335E+00
  2.6349E+00
  2.7362E+00
  2.8376E+00
  2.9389E+00
  3.0403E+00
  3.1416E+00


# y axis
#  ky       
  3.0000E-01


#  time[Lref
  2.4123E+02


# time = 241.2326
#  phi_x_n,p
  0.0000E+00
  0.0000E+00
  0.0000E+00
  0.0000E+00
  0.0000E+00
  0.0000E+00
  0.0000E+00
  0.0000E+00
  0.0000E+00
  0.0000E+00
  0.0000E+00
  0.0000E+00
  0.0000E+00
  0.0000E+00
  0.0000E+00
  0.0000E+00
  0.0000E+00
  0.0000E+00
  0.0000E+00
  0.0000E+00
  0.0000E+00
  0.0000E+00
  0.0000E+00
  0.0000E+00
  0.0000E+00
  0.0000E+00
  0.0000E+00
  4.1004E-10
  5.9883E-07
  5.7347E-07
  2.0223E-07
  1.7628E-07
  2.2645E-07
  1.9811E-07
  1.1226E-07
  7.5149E-08
  2.8161E-08
  1.5247E-08
  7.8070E-09
  4.9414E-09
  2.7449E-09
  4.3263E-09
  3.6936E-09
  0.0000E+00
  1.1144E-09
  3.4687E-09
  3.8626E-09
  6.9917E-09
  5.3959E-09
  2.0202E-08
  9.0099E-09
  0.0000E+00
  3.1890E-10
  3.3514E-09
  2.3754E-09
  1.0564E-10
  0.0000E+00
  3.0034E-09
  0.0000E+00
  7.7820E-09
  1.6619E-09
  3.0593E-09
  0.0000E+00


# time = 241.2326
#  phi_x_Tpa
  0.0000E+00
  0.0000E+00
  0.0000E+00
  0.0000E+00
  0.0000E+00
  0.0000E+00
  0.0000E+00
  0.0000E+00
  0.0000E+00
  0.0000E+00
  0.0000E+00
  0.0000E+00
  0.0000E+00
  0.0000E+00
  0.0000E+00
  0.0000E+00
  0.0000E+00
  0.0000E+00
  0.0000E+00
  0.0000E+00
  0.0000E+00
  0.0000E+00
  0.0000E+00
  5.0907E-11
  7.9548E-10
  1.2889E-09
  4.1068E-09
  7.2574E-09
  9.1641E-09
  9.2026E-09
  1.0739E-08
  7.2475E-09
  1.4325E-08
  1.0922E-08
  8.2669E-09
  9.7368E-09
  1.5657E-08
  1.2820E-08
  1.5742E-08
  1.2517E-08
  6.8020E-08
  9.8925E-08
  2.5544E-07
  3.1848E-07
  7.7015E-07
  2.4993E-07
  1.5031E-07
  1.0482E-07
  1.3603E-07
  7.5531E-08
  9.1769E-09
  1.2095E-08
  1.1051E-08
  4.0864E-10
  6.6212E-13
  5.5549E-10
  2.0537E-09
  1.3100E-08
  9.5974E-09
  1.5542E-09
  0.0000E+00
  0.0000E+00
  0.0000E+00


# time = 241.2326
#  phi_x_Tpe
  7.0456E-09
  2.1551E-09
  1.4731E-09
  9.6871E-10
  0.0000E+00
  0.0000E+00
  0.0000E+00
  1.6889E-09
  3.8496E-11
  4.0910E-11
  1.0305E-09
  1.7717E-09
  1.7796E-09
  9.0327E-10
  0.0000E+00
  0.0000E+00
  0.0000E+00
  0.0000E+00
  0.0000E+00
  0.0000E+00
  0.0000E+00
  0.0000E+00
  0.0000E+00
  0.0000E+00
  0.0000E+00
  0.0000E+00
  0.0000E+00
  0.0000E+00
  0.0000E+00
  0.0000E+00
  0.0000E+00
  0.0000E+00
  0.0000E+00
  0.0000E+00
  0.0000E+00
  0.0000E+00
  0.0000E+00
  0.0000E+00
  0.0000E+00
  0.0000E+00
  0.0000E+00
  0.0000E+00
  0.0000E+00
  0.0000E+00
  2.1744E-10
  0.0000E+00
  3.2365E-10
  4.0547E-10
  2.2240E-09
  1.2811E-08
  1.2452E-07
  2.7613E-07
  1.0985E-06
  6.1324E-07
  1.3739E-07
  1.8913E-07
  4.4916E-08
  1.7230E-09
  1.4934E-09
  4.1325E-09
  1.7516E-09
  2.6398E-09
  2.7410E-09


# time = 241.2326
#  phi_x_n,t
  1.3667E-10
  3.9309E-10
  1.8883E-11
  5.8682E-11
  4.2841E-11
  0.0000E+00
  2.4920E-11
  2.2443E-11
  4.5569E-11
  2.3184E-10
  1.8432E-10
  1.6557E-10
  1.2767E-10
  3.4187E-11
  2.4109E-11
  1.9718E-10
  2.9130E-11
  0.0000E+00
  1.7926E-11
  8.5190E-11
  0.0000E+00
  7.9433E-11
  6.2959E-11
  0.0000E+00
  1.5561E-12
  1.6720E-12
  6.7718E-11
  5.2581E-11
  0.0000E+00
  0.0000E+00
  5.1281E-11
  0.0000E+00
  0.0000E+00
  0.0000E+00
  0.0000E+00
  0.0000E+00
  1.2061E-07
  8.1486E-07
  8.1232E-07
  5.5839E-07
  2.5369E-07
  9.9875E-08
  1.4486E-07
  7.3208E-08
  9.2459E-09
  6.2741E-09
  2.3739E-09
  4.1117E-10
  5.0011E-09
  6.9574E-10
  1.8647E-09
  7.6260E-10
  3.2991E-10
  3.3469E-11
  1.2755E-09
  5.3309E-10
  4.2910E-10
  6.2889E-11
  3.7379E-10
  4.2912E-10
  2.8727E-10
  0.0000E+00
  2.3416E-10


# time = 241.2326
#  phi_x_Tpa
  0.0000E+00
  5.3085E-08
  1.5626E-06
  5.3837E-07
  1.3114E-07
  2.0826E-07
  1.6820E-07
  5.1973E-08
  2.8919E-08
  1.7153E-08
  1.1435E-08
  1.0733E-08
  8.5177E-09
  6.2217E-09
  8.6607E-10
  4.0702E-09
  3.3645E-09
  1.0963E-09
  1.9037E-09
  1.3684E-09
  2.5796E-10
  3.2817E-10
  9.1258E-10
  1.4153E-09
  3.8643E-10
  4.0964E-10
  2.4095E-11
  0.0000E+00
  6.5332E-10
  4.7117E-10
  5.8577E-10
  5.3199E-11
  2.0355E-10
  5.4292E-10
  1.1610E-10
  0.0000E+00
  6.4073E-11
  0.0000E+00
  4.3528E-11
  2.8521E-11
  8.8796E-11
  3.3953E-10
  2.8579E-10
  2.7466E-10
  2.0947E-10
  3.4482E-11
  3.7340E-11
  3.0281E-10
  3.9272E-11
  2.4431E-11
  1.5369E-11
  6.5809E-11
  5.3843E-11
  1.2541E-10
  9.9394E-11
  2.4533E-12
  0.0000E+00
  1.0978E-10
  8.3216E-11
  0.0000E+00
  0.0000E+00
  0.0000E+00
  8.0869E-11


# time = 241.2326
#  phi_x_Tpe
  5.0535E-10
  5.2805E-10
  7.8636E-10
  1.3487E-11
  2.1384E-11
  0.0000E+00
  1.7228E-10
  1.5177E-10
  2.4339E-10
  0.0000E+00
  1.5353E-12
  0.0000E+00
  3.2752E-11
  3.7870E-11
  0.0000E+00
  0.0000E+00
  0.0000E+00
  0.0000E+00
  0.0000E+00
  0.0000E+00
  0.0000E+00
  0.0000E+00
  0.0000E+00
  0.0000E+00
  0.0000E+00
  0.0000E+00
  0.0000E+00
  0.0000E+00
  0.0000E+00
  0.0000E+00
  0.0000E+00
  0.0000E+00
  0.0000E+00
  0.0000E+00
  0.0000E+00
  0.0000E+00
  0.0000E+00
  0.0000E+00
  0.0000E+00
  0.0000E+00
  0.0000E+00
  0.0000E+00
  0.0000E+00
  0.0000E+00
  4.2678E-08
  2.8189E-07
  9.6240E-07
  8.3586E-07
  3.1352E-07
  1.2319E-07
  1.7911E-07
  1.3889E-07
  1.1157E-08
  1.2173E-08
  3.8639E-09
  4.1346E-09
  3.6264E-09
  2.2318E-09
  1.3148E-09
  1.7734E-09
  1.6469E-09
  7.2214E-10
  3.9468E-10
