# CREATED BY GENE DIAGNOSTICS TOOL on Fri May 16 20:31:54 2025 /home/unix/ottink/gene/diagnostics
# diag: phases, run(s): TokITGv0, time window: 351.143-363.149(1 steps), species: i
# original data path: /Differ/Data/IMT/lottink/Tokamak_ITG/
# normalization: L_ref=1.65m
#
# x axis
#  phase    
 -3.1416E+00
 -3.0403E+00
 -2.9389E+00
 -2.8376E+00
 -2.7362E+00
 -2.6349E+00
 -2.5335E+00
 -2.4322E+00
 -2.3309E+00
 -2.2295E+00
 -2.1282E+00
 -2.0268E+00
 -1.9255E+00
 -1.8242E+00
 -1.7228E+00
 -1.6215E+00
 -1.5201E+00
 -1.4188E+00
 -1.3174E+00
 -1.2161E+00
 -1.1148E+00
 -1.0134E+00
 -9.1208E-01
 -8.1073E-01
 -7.0939E-01
 -6.0805E-01
 -5.0671E-01
 -4.0537E-01
 -3.0402E-01
 -2.0268E-01
 -1.0134E-01
  0.0000E+00
  1.0134E-01
  2.0268E-01
  3.0403E-01
  4.0537E-01
  5.0671E-01
  6.0805E-01
  7.0939E-01
  8.1073E-01
  9.1208E-01
  1.0134E+00
  1.1148E+00
  1.2161E+00
  1.3174E+00
  1.4188E+00
  1.5201E+00
  1.6215E+00
  1.7228E+00
  1.8242E+00
  1.9255E+00
  2.0268E+00
  2.1282E+00
  2.2295E+00
  2.3309E+00
  2.4322E+00
  2.5335E+00
  2.6349E+00
  2.7362E+00
  2.8376E+00
  2.9389E+00
  3.0403E+00
  3.1416E+00


# y axis
#  ky       
  3.0000E-01


#  time[Lref
  3.6315E+02


# time = 363.149
#  phi_x_n,p
  2.7851E-10
  0.0000E+00
  0.0000E+00
  0.0000E+00
  0.0000E+00
  0.0000E+00
  0.0000E+00
  0.0000E+00
  0.0000E+00
  3.0323E-11
  0.0000E+00
  0.0000E+00
  6.0405E-11
  0.0000E+00
  1.1076E-10
  0.0000E+00
  0.0000E+00
  0.0000E+00
  0.0000E+00
  0.0000E+00
  0.0000E+00
  0.0000E+00
  1.2315E-10
  3.7104E-11
  4.7448E-10
  0.0000E+00
  0.0000E+00
  2.3123E-07
  7.3753E-07
  3.3006E-07
  2.0864E-07
  1.8539E-07
  1.5643E-07
  1.5265E-07
  1.4256E-07
  3.7273E-08
  3.5341E-08
  1.0790E-08
  1.0619E-08
  3.4830E-09
  2.0839E-09
  3.0782E-09
  6.6873E-09
  2.2759E-09
  1.3303E-09
  4.5304E-10
  6.1166E-09
  5.1465E-09
  1.6989E-09
  1.0412E-08
  6.7015E-09
  6.1157E-09
  5.1222E-09
  4.1702E-10
  4.9038E-09
  1.1270E-10
  0.0000E+00
  1.4738E-09
  2.6053E-09
  1.6518E-09
  3.9354E-09
  1.5713E-09
  3.0553E-09


# time = 363.149
#  phi_x_Tpa
  1.1185E-09
  2.4012E-10
  0.0000E+00
  1.3368E-10
  0.0000E+00
  5.8827E-11
  0.0000E+00
  0.0000E+00
  0.0000E+00
  0.0000E+00
  0.0000E+00
  0.0000E+00
  1.1025E-10
  0.0000E+00
  4.7401E-11
  0.0000E+00
  0.0000E+00
  0.0000E+00
  7.0381E-11
  0.0000E+00
  2.2592E-10
  5.2047E-10
  2.3520E-10
  9.5556E-11
  4.9674E-10
  2.6238E-09
  2.2287E-09
  7.7845E-09
  1.0020E-08
  1.0440E-08
  1.2621E-08
  5.1320E-09
  1.5441E-08
  1.2451E-08
  6.6684E-09
  1.2956E-08
  1.6144E-08
  1.4436E-08
  1.7461E-08
  3.8469E-08
  5.6632E-08
  1.4164E-07
  2.0513E-07
  2.8932E-07
  6.8478E-07
  3.3947E-07
  1.7236E-07
  8.8427E-08
  1.3848E-07
  6.6951E-08
  1.7581E-08
  5.8143E-09
  1.2919E-09
  4.7330E-09
  4.7586E-09
  7.4007E-09
  3.9591E-09
  7.0794E-10
  3.9746E-09
  3.3561E-09
  1.9951E-09
  3.1846E-09
  0.0000E+00


# time = 363.149
#  phi_x_Tpe
  4.1387E-09
  2.7034E-09
  6.6203E-11
  1.1304E-09
  0.0000E+00
  0.0000E+00
  0.0000E+00
  3.8010E-10
  1.9339E-09
  0.0000E+00
  0.0000E+00
  5.8392E-10
  1.7744E-09
  8.3579E-10
  1.6924E-10
  6.2382E-10
  0.0000E+00
  0.0000E+00
  0.0000E+00
  0.0000E+00
  0.0000E+00
  0.0000E+00
  0.0000E+00
  0.0000E+00
  0.0000E+00
  0.0000E+00
  1.4600E-11
  0.0000E+00
  0.0000E+00
  0.0000E+00
  0.0000E+00
  0.0000E+00
  0.0000E+00
  0.0000E+00
  0.0000E+00
  3.8203E-11
  0.0000E+00
  3.1007E-11
  3.0228E-11
  3.6301E-11
  0.0000E+00
  0.0000E+00
  1.9121E-10
  1.2002E-10
  5.4131E-10
  3.2958E-10
  7.7336E-10
  3.5849E-09
  6.4347E-09
  3.1710E-08
  1.0554E-07
  3.9362E-07
  1.4050E-06
  2.1528E-07
  1.6549E-07
  1.8010E-07
  2.1346E-08
  7.6155E-10
  5.3094E-09
  0.0000E+00
  3.2645E-09
  2.1079E-09
  5.9372E-09


# time = 363.149
#  phi_x_n,t
  5.9733E-10
  4.0825E-10
  1.2531E-10
  1.2702E-10
  2.7752E-10
  0.0000E+00
  7.8004E-11
  9.6715E-12
  9.9998E-11
  3.3172E-10
  3.5207E-10
  9.0051E-12
  3.2610E-11
  0.0000E+00
  1.2891E-10
  1.3811E-10
  0.0000E+00
  9.1120E-11
  5.7507E-12
  9.9654E-13
  6.9140E-11
  7.4909E-11
  6.8083E-11
  3.5154E-12
  0.0000E+00
  0.0000E+00
  8.7299E-12
  3.8841E-11
  3.4215E-12
  4.7492E-11
  2.5647E-11
  3.3695E-12
  1.7026E-11
  0.0000E+00
  0.0000E+00
  0.0000E+00
  2.9178E-07
  7.0633E-07
  9.3309E-07
  4.4843E-07
  2.3674E-07
  9.5586E-08
  1.4149E-07
  6.8917E-08
  5.0679E-09
  7.0520E-09
  3.5412E-09
  1.3863E-09
  3.4799E-09
  2.5312E-09
  7.7045E-10
  1.6591E-09
  1.3874E-10
  3.2341E-10
  6.4834E-11
  2.0413E-09
  3.6667E-10
  7.8970E-11
  1.4714E-10
  2.6263E-10
  2.5823E-10
  5.7065E-11
  0.0000E+00


# time = 363.149
#  phi_x_Tpa
  1.3274E-12
  8.3689E-07
  1.0023E-06
  3.6175E-07
  2.1365E-07
  1.8128E-07
  1.0366E-07
  4.6220E-08
  3.6115E-08
  1.4280E-08
  1.5471E-08
  9.0053E-09
  8.3873E-09
  6.2060E-09
  2.6844E-09
  3.5781E-09
  2.6206E-09
  3.4959E-09
  8.7704E-10
  6.4619E-10
  1.7452E-09
  3.9752E-10
  3.0414E-10
  1.6002E-09
  1.1124E-09
  5.0374E-10
  8.6614E-11
  2.2213E-10
  5.0110E-10
  2.3724E-10
  8.6445E-11
  3.0933E-10
  5.3489E-10
  5.8770E-10
  1.9025E-10
  1.7013E-10
  3.9695E-10
  2.4265E-11
  1.1118E-10
  1.2963E-10
  5.1773E-10
  4.6921E-11
  5.3074E-10
  4.3507E-11
  7.5218E-12
  0.0000E+00
  2.0108E-10
  2.1208E-10
  9.1150E-12
  1.4004E-10
  0.0000E+00
  1.1008E-10
  1.1230E-10
  1.1283E-10
  0.0000E+00
  5.6354E-12
  0.0000E+00
  0.0000E+00
  6.1023E-11
  5.4968E-12
  9.0258E-11
  0.0000E+00
  4.4394E-11


# time = 363.149
#  phi_x_Tpe
  1.0164E-09
  3.9567E-10
  2.2099E-11
  2.8754E-10
  1.4475E-11
  6.9444E-12
  1.9921E-10
  2.8223E-10
  0.0000E+00
  0.0000E+00
  7.8068E-11
  3.0038E-11
  1.1395E-11
  2.2192E-11
  0.0000E+00
  0.0000E+00
  0.0000E+00
  0.0000E+00
  0.0000E+00
  0.0000E+00
  0.0000E+00
  0.0000E+00
  9.6495E-13
  0.0000E+00
  0.0000E+00
  0.0000E+00
  0.0000E+00
  0.0000E+00
  0.0000E+00
  8.6610E-13
  0.0000E+00
  0.0000E+00
  0.0000E+00
  0.0000E+00
  0.0000E+00
  0.0000E+00
  1.2139E-12
  0.0000E+00
  0.0000E+00
  0.0000E+00
  0.0000E+00
  0.0000E+00
  0.0000E+00
  0.0000E+00
  2.9936E-08
  2.8017E-07
  8.3830E-07
  1.0357E-06
  3.3519E-07
  9.5789E-08
  2.0642E-07
  1.1202E-07
  1.5569E-08
  5.1806E-09
  8.6192E-09
  1.9769E-09
  1.9660E-09
  3.4317E-09
  2.4563E-09
  6.7513E-10
  5.1309E-10
  1.1168E-09
  3.3653E-10
