# CREATED BY GENE DIAGNOSTICS TOOL on Wed May  7 16:04:31 2025 /home/unix/ottink/gene/diagnostics
# diag: phases, run(s): ky03v0, time window: 115.31816-121.84936(1 steps), species: e
# original data path: /Differ/Data/IMT/lottink/Tokamak_nTEM/vgrid/
# normalization: L_ref=1.65m
#
# x axis
#  phase    
 -3.1416E+00
 -3.0403E+00
 -2.9389E+00
 -2.8376E+00
 -2.7362E+00
 -2.6349E+00
 -2.5335E+00
 -2.4322E+00
 -2.3309E+00
 -2.2295E+00
 -2.1282E+00
 -2.0268E+00
 -1.9255E+00
 -1.8242E+00
 -1.7228E+00
 -1.6215E+00
 -1.5201E+00
 -1.4188E+00
 -1.3174E+00
 -1.2161E+00
 -1.1148E+00
 -1.0134E+00
 -9.1208E-01
 -8.1073E-01
 -7.0939E-01
 -6.0805E-01
 -5.0671E-01
 -4.0537E-01
 -3.0402E-01
 -2.0268E-01
 -1.0134E-01
  0.0000E+00
  1.0134E-01
  2.0268E-01
  3.0403E-01
  4.0537E-01
  5.0671E-01
  6.0805E-01
  7.0939E-01
  8.1073E-01
  9.1208E-01
  1.0134E+00
  1.1148E+00
  1.2161E+00
  1.3174E+00
  1.4188E+00
  1.5201E+00
  1.6215E+00
  1.7228E+00
  1.8242E+00
  1.9255E+00
  2.0268E+00
  2.1282E+00
  2.2295E+00
  2.3309E+00
  2.4322E+00
  2.5335E+00
  2.6349E+00
  2.7362E+00
  2.8376E+00
  2.9389E+00
  3.0403E+00
  3.1416E+00


# y axis
#  ky       
  3.0000E-01


#  time[Lref
  1.2185E+02


# time = 121.84936
#  phi_x_n,p
  0.0000E+00
  0.0000E+00
  0.0000E+00
  0.0000E+00
  0.0000E+00
  0.0000E+00
  0.0000E+00
  0.0000E+00
  0.0000E+00
  0.0000E+00
  0.0000E+00
  0.0000E+00
  0.0000E+00
  0.0000E+00
  0.0000E+00
  6.2000E-11
  0.0000E+00
  0.0000E+00
  0.0000E+00
  0.0000E+00
  0.0000E+00
  0.0000E+00
  0.0000E+00
  0.0000E+00
  3.0069E-10
  0.0000E+00
  0.0000E+00
  0.0000E+00
  0.0000E+00
  1.4275E-09
  6.5063E-09
  5.5724E-07
  3.8988E-06
  2.4982E-06
  1.9823E-07
  1.0009E-07
  2.5484E-08
  2.3030E-07
  5.8920E-07
  3.2608E-07
  1.4213E-07
  9.7586E-08
  1.2585E-07
  5.0295E-08
  4.1386E-08
  3.9143E-08
  3.5849E-08
  4.4922E-08
  2.9656E-08
  3.4802E-08
  8.2150E-08
  1.6822E-08
  6.2336E-08
  0.0000E+00
  0.0000E+00
  0.0000E+00
  0.0000E+00
  0.0000E+00
  0.0000E+00
  0.0000E+00
  0.0000E+00
  0.0000E+00
  0.0000E+00


# time = 121.84936
#  phi_x_Tpa
  0.0000E+00
  0.0000E+00
  1.7346E-10
  0.0000E+00
  2.7552E-10
  0.0000E+00
  0.0000E+00
  0.0000E+00
  0.0000E+00
  0.0000E+00
  5.4124E-10
  0.0000E+00
  0.0000E+00
  0.0000E+00
  0.0000E+00
  1.7645E-09
  1.3241E-09
  1.8783E-08
  0.0000E+00
  1.0375E-08
  7.9182E-09
  3.8755E-09
  7.7073E-10
  6.5211E-09
  1.4594E-08
  6.5621E-09
  2.1609E-08
  4.5023E-08
  4.1418E-08
  2.0600E-07
  4.1380E-07
  9.2222E-07
  2.3566E-06
  3.1207E-06
  5.3639E-07
  1.3353E-07
  2.5836E-07
  1.5348E-07
  6.5049E-07
  3.3809E-07
  1.7799E-07
  1.6196E-07
  8.2931E-08
  3.5536E-08
  6.8797E-08
  2.8417E-08
  0.0000E+00
  2.2961E-08
  3.0732E-08
  1.3057E-08
  0.0000E+00
  2.1821E-08
  8.6787E-09
  1.7707E-08
  5.7406E-09
  0.0000E+00
  1.6309E-10
  4.6435E-09
  4.9086E-09
  0.0000E+00
  0.0000E+00
  0.0000E+00
  0.0000E+00


# time = 121.84936
#  phi_x_Tpe
  3.5318E-06
  4.4440E-06
  4.0025E-07
  4.8345E-08
  1.2829E-08
  2.0766E-09
  4.9994E-07
  5.8263E-07
  2.9397E-07
  1.1455E-07
  9.3730E-09
  2.6687E-08
  1.0971E-09
  0.0000E+00
  1.9107E-09
  6.3826E-09
  7.1662E-09
  0.0000E+00
  1.2254E-09
  4.7389E-10
  4.2336E-09
  7.2578E-09
  0.0000E+00
  5.1174E-09
  5.5293E-10
  5.4848E-09
  0.0000E+00
  1.2079E-09
  4.0798E-09
  9.4595E-10
  0.0000E+00
  3.8696E-09
  7.3434E-09
  1.6388E-09
  7.1936E-09
  4.9629E-09
  0.0000E+00
  4.4091E-09
  1.1357E-09
  0.0000E+00
  6.9008E-10
  0.0000E+00
  2.2886E-09
  5.2653E-09
  2.3290E-09
  3.9496E-10
  7.7893E-09
  3.4567E-09
  3.5591E-10
  5.1725E-09
  2.9022E-09
  1.1616E-08
  1.9447E-08
  2.7808E-08
  1.7047E-08
  1.2071E-08
  1.1475E-08
  0.0000E+00
  1.4137E-08
  2.4921E-09
  8.5152E-09
  3.4480E-08
  7.6981E-08


# time = 121.84936
#  phi_x_n,t
  1.3666E-10
  0.0000E+00
  0.0000E+00
  0.0000E+00
  0.0000E+00
  0.0000E+00
  0.0000E+00
  0.0000E+00
  0.0000E+00
  0.0000E+00
  0.0000E+00
  0.0000E+00
  0.0000E+00
  0.0000E+00
  0.0000E+00
  0.0000E+00
  0.0000E+00
  0.0000E+00
  0.0000E+00
  0.0000E+00
  0.0000E+00
  0.0000E+00
  0.0000E+00
  0.0000E+00
  0.0000E+00
  0.0000E+00
  0.0000E+00
  0.0000E+00
  0.0000E+00
  0.0000E+00
  0.0000E+00
  0.0000E+00
  0.0000E+00
  0.0000E+00
  0.0000E+00
  0.0000E+00
  0.0000E+00
  0.0000E+00
  0.0000E+00
  0.0000E+00
  4.0192E-11
  1.1029E-10
  0.0000E+00
  4.6784E-11
  1.0288E-09
  7.0753E-10
  9.3467E-10
  1.3325E-07
  4.5267E-06
  2.4072E-06
  1.4518E-06
  9.8469E-07
  4.5352E-07
  3.0346E-07
  1.0041E-07
  3.8832E-08
  4.8949E-09
  3.8015E-10
  0.0000E+00
  0.0000E+00
  8.5592E-11
  0.0000E+00
  0.0000E+00


# time = 121.84936
#  phi_x_Tpa
  0.0000E+00
  0.0000E+00
  0.0000E+00
  0.0000E+00
  0.0000E+00
  0.0000E+00
  0.0000E+00
  0.0000E+00
  4.9936E-11
  0.0000E+00
  1.3675E-10
  5.8093E-11
  1.7301E-10
  1.1026E-09
  2.0298E-09
  0.0000E+00
  2.5411E-06
  3.5143E-06
  1.7066E-06
  7.5484E-07
  8.6331E-07
  5.2971E-07
  1.7511E-07
  7.5078E-08
  2.8929E-08
  5.5881E-09
  4.6599E-10
  0.0000E+00
  0.0000E+00
  1.0618E-10
  0.0000E+00
  0.0000E+00
  1.6928E-10
  0.0000E+00
  0.0000E+00
  0.0000E+00
  0.0000E+00
  0.0000E+00
  0.0000E+00
  0.0000E+00
  0.0000E+00
  0.0000E+00
  0.0000E+00
  0.0000E+00
  0.0000E+00
  0.0000E+00
  0.0000E+00
  0.0000E+00
  0.0000E+00
  0.0000E+00
  0.0000E+00
  0.0000E+00
  0.0000E+00
  0.0000E+00
  0.0000E+00
  0.0000E+00
  0.0000E+00
  0.0000E+00
  0.0000E+00
  0.0000E+00
  0.0000E+00
  0.0000E+00
  0.0000E+00


# time = 121.84936
#  phi_x_Tpe
  1.8225E-10
  0.0000E+00
  0.0000E+00
  0.0000E+00
  0.0000E+00
  0.0000E+00
  0.0000E+00
  0.0000E+00
  0.0000E+00
  0.0000E+00
  0.0000E+00
  0.0000E+00
  0.0000E+00
  0.0000E+00
  0.0000E+00
  0.0000E+00
  0.0000E+00
  0.0000E+00
  0.0000E+00
  0.0000E+00
  0.0000E+00
  0.0000E+00
  0.0000E+00
  0.0000E+00
  0.0000E+00
  0.0000E+00
  0.0000E+00
  0.0000E+00
  0.0000E+00
  0.0000E+00
  8.9446E-12
  0.0000E+00
  4.5349E-11
  0.0000E+00
  0.0000E+00
  0.0000E+00
  0.0000E+00
  0.0000E+00
  0.0000E+00
  0.0000E+00
  0.0000E+00
  6.7343E-10
  3.2569E-10
  2.2938E-10
  5.2788E-10
  0.0000E+00
  1.6458E-09
  0.0000E+00
  8.3135E-10
  1.3849E-09
  8.3114E-10
  6.7187E-10
  7.9473E-09
  1.0248E-08
  6.3796E-08
  1.7702E-06
  3.3546E-06
  2.2934E-06
  1.7876E-06
  7.1100E-07
  7.5688E-08
  5.8034E-08
  2.4307E-08
