# CREATED BY GENE DIAGNOSTICS TOOL on Fri May 16 20:11:27 2025 /home/unix/ottink/gene/diagnostics
# diag: phases, run(s): ky03_vi0ve01, time window: 143.93896-151.67656(1 steps), species: i
# original data path: /Differ/Data/IMT/lottink/Tokamak_nTEM/
# normalization: L_ref=1.65m
#
# x axis
#  phase    
 -3.1416E+00
 -3.0403E+00
 -2.9389E+00
 -2.8376E+00
 -2.7362E+00
 -2.6349E+00
 -2.5335E+00
 -2.4322E+00
 -2.3309E+00
 -2.2295E+00
 -2.1282E+00
 -2.0268E+00
 -1.9255E+00
 -1.8242E+00
 -1.7228E+00
 -1.6215E+00
 -1.5201E+00
 -1.4188E+00
 -1.3174E+00
 -1.2161E+00
 -1.1148E+00
 -1.0134E+00
 -9.1208E-01
 -8.1073E-01
 -7.0939E-01
 -6.0805E-01
 -5.0671E-01
 -4.0537E-01
 -3.0402E-01
 -2.0268E-01
 -1.0134E-01
  0.0000E+00
  1.0134E-01
  2.0268E-01
  3.0403E-01
  4.0537E-01
  5.0671E-01
  6.0805E-01
  7.0939E-01
  8.1073E-01
  9.1208E-01
  1.0134E+00
  1.1148E+00
  1.2161E+00
  1.3174E+00
  1.4188E+00
  1.5201E+00
  1.6215E+00
  1.7228E+00
  1.8242E+00
  1.9255E+00
  2.0268E+00
  2.1282E+00
  2.2295E+00
  2.3309E+00
  2.4322E+00
  2.5335E+00
  2.6349E+00
  2.7362E+00
  2.8376E+00
  2.9389E+00
  3.0403E+00
  3.1416E+00


# y axis
#  ky       
  3.0000E-01


#  time[Lref
  1.5168E+02


# time = 151.67656
#  phi_x_n,p
  0.0000E+00
  0.0000E+00
  0.0000E+00
  0.0000E+00
  0.0000E+00
  0.0000E+00
  0.0000E+00
  0.0000E+00
  0.0000E+00
  0.0000E+00
  0.0000E+00
  0.0000E+00
  0.0000E+00
  0.0000E+00
  0.0000E+00
  0.0000E+00
  0.0000E+00
  0.0000E+00
  0.0000E+00
  0.0000E+00
  0.0000E+00
  0.0000E+00
  0.0000E+00
  0.0000E+00
  0.0000E+00
  0.0000E+00
  0.0000E+00
  0.0000E+00
  0.0000E+00
  2.2541E-10
  0.0000E+00
  0.0000E+00
  5.2524E-09
  6.1049E-09
  1.9127E-08
  3.1999E-08
  8.8419E-08
  1.1217E-07
  1.5882E-07
  4.0630E-07
  1.5338E-06
  4.7483E-06
  3.7365E-07
  8.5494E-07
  1.6154E-07
  2.1122E-07
  1.1575E-07
  3.3657E-08
  4.3942E-08
  2.2592E-08
  0.0000E+00
  0.0000E+00
  0.0000E+00
  0.0000E+00
  0.0000E+00
  0.0000E+00
  0.0000E+00
  0.0000E+00
  0.0000E+00
  0.0000E+00
  1.3235E-11
  0.0000E+00
  0.0000E+00


# time = 151.67656
#  phi_x_Tpa
  0.0000E+00
  0.0000E+00
  0.0000E+00
  0.0000E+00
  0.0000E+00
  0.0000E+00
  0.0000E+00
  0.0000E+00
  7.5075E-10
  3.7228E-09
  3.4910E-09
  5.9301E-10
  3.2168E-09
  1.5073E-09
  1.4790E-08
  1.6417E-08
  4.5205E-09
  1.5831E-08
  6.8857E-09
  1.5248E-08
  3.0441E-08
  3.9989E-08
  2.0882E-08
  2.8878E-08
  3.3640E-08
  5.5337E-08
  5.9832E-08
  6.6127E-08
  6.5212E-08
  7.8482E-08
  7.4103E-08
  1.5723E-07
  2.1436E-07
  2.4407E-07
  4.7807E-07
  1.4443E-06
  1.3623E-06
  3.5333E-06
  3.4966E-07
  1.0873E-06
  1.4131E-08
  2.0124E-08
  7.9931E-09
  3.5204E-08
  1.1342E-08
  4.6610E-09
  0.0000E+00
  1.3894E-08
  0.0000E+00
  2.6517E-09
  2.6499E-09
  0.0000E+00
  0.0000E+00
  0.0000E+00
  0.0000E+00
  0.0000E+00
  0.0000E+00
  0.0000E+00
  0.0000E+00
  0.0000E+00
  0.0000E+00
  0.0000E+00
  0.0000E+00


# time = 151.67656
#  phi_x_Tpe
  1.6694E-09
  4.1839E-09
  2.2994E-09
  2.2534E-08
  1.6320E-08
  4.9830E-08
  3.5183E-08
  4.0971E-08
  9.2514E-08
  7.9529E-08
  2.9571E-07
  4.2287E-06
  2.8213E-06
  9.0150E-07
  3.7075E-07
  2.8712E-07
  6.7993E-08
  6.2571E-08
  1.3984E-08
  0.0000E+00
  0.0000E+00
  0.0000E+00
  1.1201E-11
  0.0000E+00
  0.0000E+00
  0.0000E+00
  0.0000E+00
  0.0000E+00
  0.0000E+00
  0.0000E+00
  0.0000E+00
  0.0000E+00
  0.0000E+00
  0.0000E+00
  0.0000E+00
  0.0000E+00
  0.0000E+00
  0.0000E+00
  0.0000E+00
  0.0000E+00
  0.0000E+00
  0.0000E+00
  0.0000E+00
  0.0000E+00
  0.0000E+00
  0.0000E+00
  0.0000E+00
  0.0000E+00
  0.0000E+00
  0.0000E+00
  0.0000E+00
  0.0000E+00
  0.0000E+00
  0.0000E+00
  0.0000E+00
  0.0000E+00
  0.0000E+00
  0.0000E+00
  0.0000E+00
  0.0000E+00
  0.0000E+00
  0.0000E+00
  0.0000E+00


# time = 151.67656
#  phi_x_n,t
  0.0000E+00
  0.0000E+00
  0.0000E+00
  0.0000E+00
  0.0000E+00
  0.0000E+00
  0.0000E+00
  0.0000E+00
  0.0000E+00
  0.0000E+00
  0.0000E+00
  0.0000E+00
  0.0000E+00
  0.0000E+00
  0.0000E+00
  0.0000E+00
  0.0000E+00
  0.0000E+00
  0.0000E+00
  0.0000E+00
  0.0000E+00
  0.0000E+00
  0.0000E+00
  0.0000E+00
  0.0000E+00
  0.0000E+00
  0.0000E+00
  0.0000E+00
  0.0000E+00
  0.0000E+00
  0.0000E+00
  0.0000E+00
  0.0000E+00
  0.0000E+00
  0.0000E+00
  0.0000E+00
  0.0000E+00
  0.0000E+00
  4.2681E-09
  3.9615E-07
  3.6722E-06
  4.8530E-06
  4.8483E-07
  1.2465E-06
  8.0640E-08
  2.2328E-08
  2.7320E-08
  4.3428E-09
  6.1424E-09
  5.3426E-09
  2.4961E-09
  2.3676E-09
  0.0000E+00
  7.4970E-10
  0.0000E+00
  0.0000E+00
  0.0000E+00
  0.0000E+00
  0.0000E+00
  0.0000E+00
  0.0000E+00
  0.0000E+00
  0.0000E+00


# time = 151.67656
#  phi_x_Tpa
  0.0000E+00
  0.0000E+00
  0.0000E+00
  0.0000E+00
  0.0000E+00
  0.0000E+00
  0.0000E+00
  2.3196E-08
  6.2979E-07
  3.3250E-06
  4.7926E-06
  4.7055E-07
  1.2222E-06
  9.2093E-08
  2.0162E-08
  2.5972E-08
  5.1940E-09
  1.1368E-08
  5.8634E-09
  0.0000E+00
  2.9428E-09
  9.3960E-10
  0.0000E+00
  0.0000E+00
  0.0000E+00
  0.0000E+00
  0.0000E+00
  0.0000E+00
  0.0000E+00
  0.0000E+00
  0.0000E+00
  0.0000E+00
  0.0000E+00
  0.0000E+00
  0.0000E+00
  0.0000E+00
  0.0000E+00
  0.0000E+00
  0.0000E+00
  0.0000E+00
  0.0000E+00
  0.0000E+00
  0.0000E+00
  0.0000E+00
  0.0000E+00
  0.0000E+00
  0.0000E+00
  0.0000E+00
  0.0000E+00
  0.0000E+00
  0.0000E+00
  0.0000E+00
  0.0000E+00
  0.0000E+00
  0.0000E+00
  0.0000E+00
  0.0000E+00
  0.0000E+00
  0.0000E+00
  0.0000E+00
  0.0000E+00
  0.0000E+00
  0.0000E+00


# time = 151.67656
#  phi_x_Tpe
  0.0000E+00
  0.0000E+00
  0.0000E+00
  0.0000E+00
  0.0000E+00
  0.0000E+00
  0.0000E+00
  0.0000E+00
  0.0000E+00
  0.0000E+00
  0.0000E+00
  0.0000E+00
  0.0000E+00
  0.0000E+00
  0.0000E+00
  0.0000E+00
  0.0000E+00
  0.0000E+00
  0.0000E+00
  0.0000E+00
  0.0000E+00
  0.0000E+00
  0.0000E+00
  0.0000E+00
  0.0000E+00
  0.0000E+00
  0.0000E+00
  3.2041E-07
  7.4733E-07
  8.3869E-07
  6.5988E-07
  1.0924E-06
  1.3837E-06
  1.6172E-06
  2.9482E-06
  4.3418E-07
  6.4532E-07
  2.2602E-07
  2.0128E-09
  0.0000E+00
  6.0496E-09
  1.0574E-08
  2.1170E-09
  4.9809E-09
  0.0000E+00
  9.7400E-10
  2.8959E-09
  2.1969E-09
  7.7318E-10
  3.3576E-10
  0.0000E+00
  0.0000E+00
  1.8801E-09
  2.3353E-09
  6.5860E-10
  6.7434E-10
  8.2412E-10
  7.2082E-10
  0.0000E+00
  0.0000E+00
  0.0000E+00
  0.0000E+00
  0.0000E+00
