# CREATED BY GENE DIAGNOSTICS TOOL on Fri May 16 20:39:48 2025 /home/unix/ottink/gene/diagnostics
# diag: phases, run(s): TokITGv7, time window: 241.2326-251.4722(1 steps), species: i
# original data path: /Differ/Data/IMT/lottink/Tokamak_ITG/
# normalization: L_ref=1.65m
#
# x axis
#  phase    
 -3.1416E+00
 -3.0403E+00
 -2.9389E+00
 -2.8376E+00
 -2.7362E+00
 -2.6349E+00
 -2.5335E+00
 -2.4322E+00
 -2.3309E+00
 -2.2295E+00
 -2.1282E+00
 -2.0268E+00
 -1.9255E+00
 -1.8242E+00
 -1.7228E+00
 -1.6215E+00
 -1.5201E+00
 -1.4188E+00
 -1.3174E+00
 -1.2161E+00
 -1.1148E+00
 -1.0134E+00
 -9.1208E-01
 -8.1073E-01
 -7.0939E-01
 -6.0805E-01
 -5.0671E-01
 -4.0537E-01
 -3.0402E-01
 -2.0268E-01
 -1.0134E-01
  0.0000E+00
  1.0134E-01
  2.0268E-01
  3.0403E-01
  4.0537E-01
  5.0671E-01
  6.0805E-01
  7.0939E-01
  8.1073E-01
  9.1208E-01
  1.0134E+00
  1.1148E+00
  1.2161E+00
  1.3174E+00
  1.4188E+00
  1.5201E+00
  1.6215E+00
  1.7228E+00
  1.8242E+00
  1.9255E+00
  2.0268E+00
  2.1282E+00
  2.2295E+00
  2.3309E+00
  2.4322E+00
  2.5335E+00
  2.6349E+00
  2.7362E+00
  2.8376E+00
  2.9389E+00
  3.0403E+00
  3.1416E+00


# y axis
#  ky       
  3.0000E-01


#  time[Lref
  2.5147E+02


# time = 251.4722
#  phi_x_n,p
  0.0000E+00
  0.0000E+00
  0.0000E+00
  0.0000E+00
  0.0000E+00
  0.0000E+00
  0.0000E+00
  0.0000E+00
  0.0000E+00
  0.0000E+00
  0.0000E+00
  0.0000E+00
  0.0000E+00
  0.0000E+00
  0.0000E+00
  0.0000E+00
  0.0000E+00
  0.0000E+00
  0.0000E+00
  1.7983E-11
  0.0000E+00
  0.0000E+00
  4.9749E-11
  2.9569E-10
  0.0000E+00
  0.0000E+00
  0.0000E+00
  8.5448E-11
  5.8927E-07
  5.7803E-07
  1.9899E-07
  1.8470E-07
  2.1700E-07
  1.9675E-07
  1.1014E-07
  7.5998E-08
  4.1830E-08
  1.2836E-08
  2.7999E-09
  6.5514E-09
  4.3392E-09
  1.8179E-09
  6.0010E-09
  5.3094E-10
  2.1193E-10
  3.5399E-09
  3.2972E-09
  1.6141E-09
  1.4211E-08
  1.4953E-08
  1.1503E-08
  2.9695E-10
  2.6883E-10
  1.2622E-09
  2.7064E-09
  1.8497E-09
  1.5690E-09
  1.4981E-09
  1.1257E-10
  6.2094E-09
  3.6309E-09
  3.1337E-09
  0.0000E+00


# time = 251.4722
#  phi_x_Tpa
  0.0000E+00
  0.0000E+00
  0.0000E+00
  0.0000E+00
  0.0000E+00
  0.0000E+00
  0.0000E+00
  0.0000E+00
  0.0000E+00
  0.0000E+00
  0.0000E+00
  0.0000E+00
  0.0000E+00
  0.0000E+00
  3.4368E-11
  0.0000E+00
  5.2538E-11
  0.0000E+00
  0.0000E+00
  0.0000E+00
  4.3895E-10
  0.0000E+00
  6.1161E-10
  7.0466E-11
  1.2840E-09
  1.5524E-09
  2.5686E-09
  8.2060E-09
  9.0103E-09
  7.5147E-09
  9.7375E-09
  1.6002E-08
  7.0633E-09
  8.4960E-09
  1.1832E-08
  1.0870E-08
  1.4485E-08
  1.4965E-08
  1.1646E-08
  2.3817E-08
  4.9859E-08
  9.9123E-08
  2.5391E-07
  3.3562E-07
  7.6617E-07
  2.3577E-07
  1.5093E-07
  1.1192E-07
  1.3282E-07
  7.9171E-08
  5.6616E-09
  1.2453E-08
  1.1001E-08
  0.0000E+00
  2.9582E-10
  4.7300E-10
  2.6351E-09
  1.3477E-08
  9.8479E-09
  1.5072E-09
  0.0000E+00
  0.0000E+00
  0.0000E+00


# time = 251.4722
#  phi_x_Tpe
  7.1598E-09
  2.1053E-09
  2.0182E-09
  1.0875E-10
  4.7351E-10
  0.0000E+00
  2.3381E-11
  1.7243E-09
  0.0000E+00
  0.0000E+00
  0.0000E+00
  2.7803E-09
  1.9177E-09
  0.0000E+00
  9.2844E-10
  0.0000E+00
  0.0000E+00
  4.7427E-12
  0.0000E+00
  0.0000E+00
  0.0000E+00
  0.0000E+00
  0.0000E+00
  0.0000E+00
  0.0000E+00
  0.0000E+00
  0.0000E+00
  0.0000E+00
  0.0000E+00
  0.0000E+00
  0.0000E+00
  0.0000E+00
  0.0000E+00
  0.0000E+00
  0.0000E+00
  0.0000E+00
  0.0000E+00
  0.0000E+00
  0.0000E+00
  0.0000E+00
  1.5886E-10
  0.0000E+00
  1.8666E-11
  4.2146E-11
  0.0000E+00
  2.5480E-10
  1.3296E-10
  6.4012E-10
  1.2903E-09
  1.4471E-08
  1.1750E-07
  2.7380E-07
  1.0650E-06
  6.5003E-07
  1.2428E-07
  2.0134E-07
  4.7630E-08
  2.1895E-09
  1.8510E-09
  4.1861E-09
  1.8817E-09
  2.4987E-09
  2.8095E-09


# time = 251.4722
#  phi_x_n,t
  1.3100E-10
  2.2270E-10
  2.2542E-10
  2.6930E-11
  2.6906E-11
  5.9469E-11
  1.9789E-11
  2.7276E-11
  2.7802E-12
  2.2494E-10
  2.0823E-10
  1.9575E-10
  1.2505E-10
  1.4647E-11
  4.2651E-11
  1.8501E-10
  2.1469E-11
  1.1822E-11
  1.7644E-11
  5.0531E-11
  3.6307E-11
  9.4189E-11
  7.0563E-11
  0.0000E+00
  0.0000E+00
  7.3196E-11
  0.0000E+00
  5.3269E-11
  0.0000E+00
  3.4324E-12
  5.2591E-11
  0.0000E+00
  0.0000E+00
  0.0000E+00
  0.0000E+00
  0.0000E+00
  9.6381E-08
  8.5216E-07
  7.5286E-07
  5.8785E-07
  2.3961E-07
  1.2418E-07
  1.4885E-07
  7.3358E-08
  6.8780E-09
  6.0398E-09
  4.1355E-09
  5.3195E-10
  4.9880E-09
  0.0000E+00
  2.4383E-09
  8.6136E-10
  2.3163E-10
  2.1439E-10
  3.7008E-10
  1.5209E-09
  7.3770E-11
  2.7242E-10
  2.9910E-10
  1.7692E-10
  6.4431E-10
  1.0115E-10
  9.3628E-11


# time = 251.4722
#  phi_x_Tpa
  0.0000E+00
  2.2078E-08
  1.5844E-06
  5.3841E-07
  1.3025E-07
  1.9306E-07
  1.8899E-07
  5.3082E-08
  2.4070E-08
  1.8794E-08
  1.4718E-08
  9.7320E-09
  8.3629E-09
  5.8854E-09
  1.9365E-09
  9.8022E-10
  6.1850E-09
  1.2847E-09
  2.1481E-09
  1.2684E-09
  1.4354E-10
  1.7691E-10
  7.4987E-10
  1.7389E-09
  3.7999E-10
  2.9264E-10
  1.5016E-10
  3.9618E-10
  0.0000E+00
  3.7181E-10
  1.0064E-09
  1.3395E-10
  4.0230E-11
  3.3958E-10
  2.8656E-10
  4.1065E-11
  9.9588E-11
  3.0971E-11
  2.9839E-11
  4.5625E-11
  3.3976E-10
  9.4594E-12
  3.3619E-10
  3.0540E-10
  2.0626E-10
  3.2182E-11
  3.5252E-11
  2.9135E-10
  2.6412E-11
  4.6599E-11
  0.0000E+00
  7.8031E-11
  7.6924E-11
  1.2835E-10
  1.1165E-10
  0.0000E+00
  4.2891E-12
  1.1177E-10
  8.4540E-11
  0.0000E+00
  5.4275E-12
  0.0000E+00
  8.3146E-11


# time = 251.4722
#  phi_x_Tpe
  1.4591E-10
  9.7933E-10
  7.2734E-10
  9.4884E-11
  3.3867E-12
  1.6770E-11
  1.6910E-10
  1.5160E-10
  2.4660E-10
  2.5056E-12
  0.0000E+00
  0.0000E+00
  5.4895E-11
  0.0000E+00
  1.8467E-11
  0.0000E+00
  0.0000E+00
  0.0000E+00
  0.0000E+00
  0.0000E+00
  0.0000E+00
  0.0000E+00
  0.0000E+00
  0.0000E+00
  0.0000E+00
  0.0000E+00
  0.0000E+00
  0.0000E+00
  0.0000E+00
  0.0000E+00
  0.0000E+00
  0.0000E+00
  0.0000E+00
  0.0000E+00
  0.0000E+00
  0.0000E+00
  0.0000E+00
  0.0000E+00
  0.0000E+00
  0.0000E+00
  0.0000E+00
  0.0000E+00
  0.0000E+00
  0.0000E+00
  4.1967E-08
  2.8581E-07
  8.7179E-07
  9.1799E-07
  3.0492E-07
  1.2789E-07
  1.8343E-07
  1.3908E-07
  1.2766E-08
  1.0843E-08
  4.5173E-09
  4.2375E-09
  3.6047E-09
  2.1997E-09
  1.1149E-09
  2.0300E-09
  1.6399E-09
  7.9425E-10
  2.7803E-10
