# CREATED BY GENE DIAGNOSTICS TOOL on Fri May 16 20:38:39 2025 /home/unix/ottink/gene/diagnostics
# diag: phases, run(s): TokITGv5, time window: 212.9426-224.8934(1 steps), species: i
# original data path: /Differ/Data/IMT/lottink/Tokamak_ITG/
# normalization: L_ref=1.65m
#
# x axis
#  phase    
 -3.1416E+00
 -3.0403E+00
 -2.9389E+00
 -2.8376E+00
 -2.7362E+00
 -2.6349E+00
 -2.5335E+00
 -2.4322E+00
 -2.3309E+00
 -2.2295E+00
 -2.1282E+00
 -2.0268E+00
 -1.9255E+00
 -1.8242E+00
 -1.7228E+00
 -1.6215E+00
 -1.5201E+00
 -1.4188E+00
 -1.3174E+00
 -1.2161E+00
 -1.1148E+00
 -1.0134E+00
 -9.1208E-01
 -8.1073E-01
 -7.0939E-01
 -6.0805E-01
 -5.0671E-01
 -4.0537E-01
 -3.0402E-01
 -2.0268E-01
 -1.0134E-01
  0.0000E+00
  1.0134E-01
  2.0268E-01
  3.0403E-01
  4.0537E-01
  5.0671E-01
  6.0805E-01
  7.0939E-01
  8.1073E-01
  9.1208E-01
  1.0134E+00
  1.1148E+00
  1.2161E+00
  1.3174E+00
  1.4188E+00
  1.5201E+00
  1.6215E+00
  1.7228E+00
  1.8242E+00
  1.9255E+00
  2.0268E+00
  2.1282E+00
  2.2295E+00
  2.3309E+00
  2.4322E+00
  2.5335E+00
  2.6349E+00
  2.7362E+00
  2.8376E+00
  2.9389E+00
  3.0403E+00
  3.1416E+00


# y axis
#  ky       
  3.0000E-01


#  time[Lref
  2.2489E+02


# time = 224.8934
#  phi_x_n,p
  0.0000E+00
  0.0000E+00
  0.0000E+00
  0.0000E+00
  0.0000E+00
  0.0000E+00
  0.0000E+00
  0.0000E+00
  0.0000E+00
  1.1961E-11
  0.0000E+00
  0.0000E+00
  0.0000E+00
  0.0000E+00
  0.0000E+00
  0.0000E+00
  0.0000E+00
  0.0000E+00
  0.0000E+00
  0.0000E+00
  0.0000E+00
  0.0000E+00
  0.0000E+00
  0.0000E+00
  0.0000E+00
  0.0000E+00
  8.4091E-11
  0.0000E+00
  7.9351E-07
  4.1590E-07
  1.8488E-07
  1.8566E-07
  2.1821E-07
  2.0357E-07
  1.0015E-07
  6.7822E-08
  3.4296E-08
  8.9657E-09
  9.6024E-09
  6.6450E-09
  1.5184E-09
  3.6151E-09
  4.1267E-09
  4.4075E-09
  4.0557E-10
  5.8602E-10
  7.5072E-09
  1.6075E-09
  5.6833E-09
  1.8447E-08
  6.5463E-09
  5.9556E-09
  2.9098E-10
  1.1488E-09
  2.6292E-09
  1.3784E-09
  0.0000E+00
  2.7676E-09
  1.6773E-09
  3.0346E-09
  4.3468E-09
  3.1605E-09
  0.0000E+00


# time = 224.8934
#  phi_x_Tpa
  1.4820E-09
  0.0000E+00
  0.0000E+00
  6.4513E-11
  9.5087E-11
  6.2997E-11
  0.0000E+00
  0.0000E+00
  0.0000E+00
  0.0000E+00
  0.0000E+00
  0.0000E+00
  0.0000E+00
  0.0000E+00
  0.0000E+00
  0.0000E+00
  0.0000E+00
  0.0000E+00
  9.5316E-11
  1.0834E-10
  3.6173E-10
  0.0000E+00
  2.9748E-10
  0.0000E+00
  9.2205E-10
  3.9429E-10
  3.3558E-09
  4.1442E-09
  1.0575E-08
  1.0355E-08
  1.2825E-08
  1.5923E-08
  9.2801E-09
  1.6513E-08
  8.5094E-09
  8.3266E-09
  2.2568E-08
  1.4645E-08
  1.4249E-08
  3.6364E-08
  5.4258E-08
  1.4692E-07
  2.4625E-07
  3.2298E-07
  6.7867E-07
  2.6581E-07
  1.5105E-07
  9.1755E-08
  1.4303E-07
  5.6190E-08
  1.7915E-08
  3.6894E-09
  2.8249E-09
  4.5397E-09
  6.7786E-09
  6.3908E-09
  6.0433E-09
  4.2622E-09
  6.2148E-10
  3.4525E-09
  1.3714E-09
  2.6513E-09
  5.3986E-10


# time = 224.8934
#  phi_x_Tpe
  6.7560E-09
  2.2175E-09
  0.0000E+00
  1.2681E-09
  0.0000E+00
  0.0000E+00
  0.0000E+00
  1.0620E-09
  1.5822E-09
  0.0000E+00
  0.0000E+00
  6.4457E-10
  2.9868E-09
  0.0000E+00
  2.4849E-11
  7.3432E-10
  2.6873E-10
  0.0000E+00
  0.0000E+00
  0.0000E+00
  0.0000E+00
  0.0000E+00
  0.0000E+00
  0.0000E+00
  0.0000E+00
  2.8387E-11
  0.0000E+00
  0.0000E+00
  0.0000E+00
  0.0000E+00
  0.0000E+00
  0.0000E+00
  2.8918E-11
  0.0000E+00
  0.0000E+00
  0.0000E+00
  0.0000E+00
  0.0000E+00
  9.0171E-11
  0.0000E+00
  0.0000E+00
  4.8740E-11
  4.8998E-10
  7.9215E-11
  0.0000E+00
  7.7677E-10
  3.5193E-09
  8.6197E-10
  1.1094E-08
  2.2226E-08
  9.5653E-08
  3.2193E-07
  1.1000E-06
  5.4486E-07
  1.4377E-07
  1.8947E-07
  4.4908E-08
  3.7954E-10
  5.8921E-09
  1.0770E-09
  3.2293E-09
  2.8909E-09
  6.1693E-09


# time = 224.8934
#  phi_x_n,t
  3.7032E-10
  1.7012E-10
  0.0000E+00
  5.4455E-10
  6.6343E-11
  0.0000E+00
  7.0945E-11
  8.4562E-11
  3.4002E-10
  2.3475E-10
  2.2047E-10
  5.4609E-11
  1.0448E-10
  9.4133E-11
  4.4533E-11
  1.7127E-10
  1.0372E-10
  6.7691E-12
  0.0000E+00
  0.0000E+00
  8.6101E-11
  1.5781E-10
  1.1594E-11
  0.0000E+00
  0.0000E+00
  0.0000E+00
  0.0000E+00
  4.3858E-11
  5.3088E-11
  0.0000E+00
  2.6663E-11
  6.9868E-13
  1.8515E-11
  9.2777E-13
  0.0000E+00
  0.0000E+00
  6.4938E-08
  7.9953E-07
  6.3384E-07
  7.5428E-07
  2.5929E-07
  1.2437E-07
  1.0274E-07
  1.1276E-07
  2.1377E-08
  3.4426E-09
  6.3546E-09
  2.7693E-09
  3.4567E-09
  2.1738E-09
  2.0929E-09
  2.0718E-09
  5.3284E-12
  6.0466E-10
  3.2693E-10
  1.9147E-09
  3.8741E-10
  1.5376E-10
  1.0673E-10
  3.7800E-10
  9.2718E-11
  2.5189E-10
  4.9176E-10


# time = 224.8934
#  phi_x_Tpa
  3.0692E-11
  2.0222E-07
  1.0161E-06
  8.2207E-07
  1.9917E-07
  1.9288E-07
  1.5594E-07
  8.4418E-08
  3.9438E-08
  1.9562E-08
  1.9721E-08
  9.7120E-09
  9.6349E-09
  9.6118E-09
  2.6930E-09
  3.5790E-09
  2.3826E-09
  5.1862E-09
  1.3836E-09
  4.8379E-10
  2.2608E-09
  2.0192E-10
  8.6997E-10
  1.5882E-09
  1.0938E-09
  6.6007E-10
  2.5885E-10
  1.6844E-10
  4.5585E-10
  1.8504E-10
  3.8542E-10
  2.2533E-10
  6.0226E-10
  6.5404E-10
  1.1838E-10
  6.7003E-10
  9.8997E-11
  1.0916E-10
  3.0855E-11
  1.0117E-10
  7.0748E-10
  2.0367E-10
  3.3357E-10
  1.0672E-10
  2.1356E-10
  1.1996E-10
  5.2252E-11
  2.4475E-10
  1.7225E-10
  0.0000E+00
  0.0000E+00
  1.2147E-10
  1.4334E-10
  1.2386E-10
  0.0000E+00
  0.0000E+00
  1.8367E-11
  0.0000E+00
  6.7481E-11
  3.5900E-12
  8.3788E-11
  0.0000E+00
  4.2419E-11


# time = 224.8934
#  phi_x_Tpe
  5.8714E-10
  9.5047E-10
  8.1932E-11
  3.0278E-10
  2.7930E-11
  2.1267E-11
  2.3092E-10
  2.9564E-10
  7.2733E-12
  3.5860E-12
  8.1433E-11
  0.0000E+00
  2.2730E-11
  5.4607E-11
  0.0000E+00
  0.0000E+00
  0.0000E+00
  0.0000E+00
  0.0000E+00
  1.2283E-12
  0.0000E+00
  0.0000E+00
  0.0000E+00
  0.0000E+00
  0.0000E+00
  0.0000E+00
  0.0000E+00
  0.0000E+00
  0.0000E+00
  0.0000E+00
  0.0000E+00
  0.0000E+00
  0.0000E+00
  0.0000E+00
  0.0000E+00
  0.0000E+00
  0.0000E+00
  0.0000E+00
  0.0000E+00
  0.0000E+00
  0.0000E+00
  1.5636E-12
  0.0000E+00
  0.0000E+00
  5.9989E-08
  3.3874E-07
  1.0079E-06
  7.2300E-07
  3.3244E-07
  9.5790E-08
  2.0298E-07
  1.1179E-07
  1.5807E-08
  5.9493E-09
  7.6540E-09
  4.2139E-09
  2.1650E-09
  3.7126E-09
  1.9051E-09
  1.2591E-09
  1.0786E-09
  1.1017E-09
  4.7053E-10
