# CREATED BY GENE DIAGNOSTICS TOOL on Fri May 16 20:11:27 2025 /home/unix/ottink/gene/diagnostics
# diag: phases, run(s): ky03_vi0ve01, time window: 143.93896-151.67656(1 steps), species: e
# original data path: /Differ/Data/IMT/lottink/Tokamak_nTEM/
# normalization: L_ref=1.65m
#
# x axis
#  phase    
 -3.1416E+00
 -3.0403E+00
 -2.9389E+00
 -2.8376E+00
 -2.7362E+00
 -2.6349E+00
 -2.5335E+00
 -2.4322E+00
 -2.3309E+00
 -2.2295E+00
 -2.1282E+00
 -2.0268E+00
 -1.9255E+00
 -1.8242E+00
 -1.7228E+00
 -1.6215E+00
 -1.5201E+00
 -1.4188E+00
 -1.3174E+00
 -1.2161E+00
 -1.1148E+00
 -1.0134E+00
 -9.1208E-01
 -8.1073E-01
 -7.0939E-01
 -6.0805E-01
 -5.0671E-01
 -4.0537E-01
 -3.0402E-01
 -2.0268E-01
 -1.0134E-01
  0.0000E+00
  1.0134E-01
  2.0268E-01
  3.0403E-01
  4.0537E-01
  5.0671E-01
  6.0805E-01
  7.0939E-01
  8.1073E-01
  9.1208E-01
  1.0134E+00
  1.1148E+00
  1.2161E+00
  1.3174E+00
  1.4188E+00
  1.5201E+00
  1.6215E+00
  1.7228E+00
  1.8242E+00
  1.9255E+00
  2.0268E+00
  2.1282E+00
  2.2295E+00
  2.3309E+00
  2.4322E+00
  2.5335E+00
  2.6349E+00
  2.7362E+00
  2.8376E+00
  2.9389E+00
  3.0403E+00
  3.1416E+00


# y axis
#  ky       
  3.0000E-01


#  time[Lref
  1.5168E+02


# time = 151.67656
#  phi_x_n,p
  0.0000E+00
  0.0000E+00
  0.0000E+00
  0.0000E+00
  0.0000E+00
  0.0000E+00
  0.0000E+00
  0.0000E+00
  0.0000E+00
  0.0000E+00
  0.0000E+00
  0.0000E+00
  0.0000E+00
  0.0000E+00
  0.0000E+00
  0.0000E+00
  0.0000E+00
  0.0000E+00
  0.0000E+00
  0.0000E+00
  0.0000E+00
  0.0000E+00
  0.0000E+00
  0.0000E+00
  0.0000E+00
  0.0000E+00
  2.5703E-10
  0.0000E+00
  1.6114E-09
  1.2141E-09
  9.6710E-09
  4.9093E-07
  3.9482E-06
  2.4597E-06
  2.7808E-07
  6.2286E-08
  3.6597E-08
  1.9542E-07
  5.5032E-07
  3.6384E-07
  1.7863E-07
  1.2324E-07
  8.2046E-08
  4.2431E-08
  8.5667E-08
  2.1486E-08
  3.5573E-08
  3.3424E-08
  4.3990E-08
  5.8534E-08
  1.2666E-08
  8.9762E-08
  3.5019E-08
  0.0000E+00
  0.0000E+00
  0.0000E+00
  0.0000E+00
  0.0000E+00
  0.0000E+00
  0.0000E+00
  0.0000E+00
  0.0000E+00
  5.2314E-11


# time = 151.67656
#  phi_x_Tpa
  0.0000E+00
  0.0000E+00
  0.0000E+00
  0.0000E+00
  0.0000E+00
  0.0000E+00
  0.0000E+00
  4.9731E-10
  0.0000E+00
  0.0000E+00
  0.0000E+00
  0.0000E+00
  1.2376E-10
  0.0000E+00
  1.0829E-09
  0.0000E+00
  1.3367E-09
  1.6221E-08
  5.5486E-09
  8.5443E-09
  4.9174E-09
  9.8183E-09
  3.3096E-09
  5.0625E-09
  9.9414E-09
  7.3662E-09
  3.1329E-08
  1.2824E-08
  1.0018E-07
  1.4661E-07
  5.2141E-07
  8.2902E-07
  2.3183E-06
  3.0938E-06
  5.7566E-07
  1.6943E-07
  3.2116E-07
  1.0720E-07
  5.7324E-07
  3.9277E-07
  2.3534E-07
  8.9332E-08
  9.0996E-08
  5.4118E-08
  4.6102E-08
  2.7984E-08
  4.2200E-08
  1.6958E-08
  0.0000E+00
  1.7640E-08
  2.1414E-08
  1.6629E-08
  1.0795E-08
  0.0000E+00
  1.4501E-08
  7.0586E-09
  0.0000E+00
  0.0000E+00
  0.0000E+00
  0.0000E+00
  0.0000E+00
  0.0000E+00
  4.3381E-09


# time = 151.67656
#  phi_x_Tpe
  3.5693E-06
  4.5192E-06
  3.0234E-07
  2.9763E-08
  4.4260E-08
  9.8030E-09
  5.8122E-07
  5.3448E-07
  2.6333E-07
  8.8618E-08
  3.7397E-08
  6.6870E-09
  8.5309E-10
  7.7458E-09
  3.0970E-09
  6.2529E-09
  0.0000E+00
  1.2343E-09
  4.5449E-09
  4.3018E-09
  1.9476E-10
  4.4132E-09
  1.0756E-08
  2.1699E-09
  6.0184E-09
  0.0000E+00
  0.0000E+00
  1.1713E-09
  0.0000E+00
  0.0000E+00
  3.2685E-09
  1.4828E-09
  1.0752E-09
  9.2044E-09
  4.5185E-09
  1.1607E-09
  6.3397E-09
  3.0867E-09
  1.6493E-09
  5.9107E-09
  0.0000E+00
  0.0000E+00
  0.0000E+00
  3.2036E-09
  0.0000E+00
  3.3973E-09
  0.0000E+00
  2.2227E-09
  6.6370E-09
  1.6536E-09
  1.1959E-08
  0.0000E+00
  2.8891E-08
  2.1870E-08
  1.3349E-08
  1.8649E-08
  9.9114E-09
  0.0000E+00
  3.3978E-09
  8.5754E-09
  9.8119E-09
  2.1940E-08
  7.6974E-08


# time = 151.67656
#  phi_x_n,t
  0.0000E+00
  0.0000E+00
  0.0000E+00
  0.0000E+00
  0.0000E+00
  0.0000E+00
  0.0000E+00
  0.0000E+00
  0.0000E+00
  0.0000E+00
  0.0000E+00
  0.0000E+00
  0.0000E+00
  0.0000E+00
  0.0000E+00
  0.0000E+00
  0.0000E+00
  0.0000E+00
  0.0000E+00
  0.0000E+00
  0.0000E+00
  0.0000E+00
  0.0000E+00
  0.0000E+00
  0.0000E+00
  0.0000E+00
  0.0000E+00
  0.0000E+00
  0.0000E+00
  0.0000E+00
  0.0000E+00
  0.0000E+00
  0.0000E+00
  0.0000E+00
  0.0000E+00
  0.0000E+00
  0.0000E+00
  0.0000E+00
  0.0000E+00
  0.0000E+00
  2.3489E-11
  0.0000E+00
  0.0000E+00
  3.4378E-10
  7.5171E-10
  0.0000E+00
  1.9703E-09
  6.8679E-08
  4.9655E-06
  2.2773E-06
  1.1923E-06
  8.2803E-07
  6.6986E-07
  2.5213E-07
  1.2407E-07
  3.2272E-08
  6.8468E-09
  4.8032E-10
  0.0000E+00
  1.0305E-10
  0.0000E+00
  1.1097E-10
  0.0000E+00


# time = 151.67656
#  phi_x_Tpa
  0.0000E+00
  0.0000E+00
  0.0000E+00
  0.0000E+00
  0.0000E+00
  0.0000E+00
  0.0000E+00
  0.0000E+00
  0.0000E+00
  2.9187E-11
  0.0000E+00
  0.0000E+00
  1.3566E-09
  0.0000E+00
  1.2293E-09
  1.3469E-09
  2.3739E-06
  3.4579E-06
  1.6954E-06
  1.1250E-06
  7.5375E-07
  5.2355E-07
  1.9666E-07
  5.9886E-08
  2.1128E-08
  5.8649E-10
  0.0000E+00
  1.2759E-10
  0.0000E+00
  1.3735E-10
  0.0000E+00
  0.0000E+00
  0.0000E+00
  0.0000E+00
  0.0000E+00
  0.0000E+00
  0.0000E+00
  0.0000E+00
  0.0000E+00
  0.0000E+00
  0.0000E+00
  0.0000E+00
  0.0000E+00
  0.0000E+00
  0.0000E+00
  0.0000E+00
  0.0000E+00
  0.0000E+00
  0.0000E+00
  0.0000E+00
  0.0000E+00
  0.0000E+00
  0.0000E+00
  0.0000E+00
  0.0000E+00
  0.0000E+00
  0.0000E+00
  0.0000E+00
  0.0000E+00
  0.0000E+00
  0.0000E+00
  0.0000E+00
  0.0000E+00


# time = 151.67656
#  phi_x_Tpe
  0.0000E+00
  0.0000E+00
  0.0000E+00
  0.0000E+00
  0.0000E+00
  0.0000E+00
  0.0000E+00
  0.0000E+00
  0.0000E+00
  0.0000E+00
  2.3203E-11
  0.0000E+00
  0.0000E+00
  0.0000E+00
  0.0000E+00
  0.0000E+00
  0.0000E+00
  0.0000E+00
  0.0000E+00
  0.0000E+00
  0.0000E+00
  0.0000E+00
  0.0000E+00
  0.0000E+00
  0.0000E+00
  0.0000E+00
  0.0000E+00
  0.0000E+00
  0.0000E+00
  0.0000E+00
  0.0000E+00
  0.0000E+00
  8.9784E-11
  0.0000E+00
  0.0000E+00
  0.0000E+00
  0.0000E+00
  0.0000E+00
  0.0000E+00
  0.0000E+00
  2.3431E-10
  7.8111E-10
  0.0000E+00
  0.0000E+00
  4.3055E-10
  0.0000E+00
  5.7566E-10
  1.8998E-09
  0.0000E+00
  2.6018E-09
  1.6783E-09
  2.8111E-09
  4.3318E-09
  6.0266E-09
  2.3429E-09
  1.5221E-06
  3.5513E-06
  2.2049E-06
  1.8001E-06
  8.2394E-07
  1.7399E-07
  4.8325E-08
  2.6284E-08
