# CREATED BY GENE DIAGNOSTICS TOOL on Wed May  7 16:04:38 2025 /home/unix/ottink/gene/diagnostics
# diag: phases, run(s): ky03v1, time window: 92.79176-98.61576(1 steps), species: e
# original data path: /Differ/Data/IMT/lottink/Tokamak_nTEM/vgrid/
# normalization: L_ref=1.65m
#
# x axis
#  phase    
 -3.1416E+00
 -3.0403E+00
 -2.9389E+00
 -2.8376E+00
 -2.7362E+00
 -2.6349E+00
 -2.5335E+00
 -2.4322E+00
 -2.3309E+00
 -2.2295E+00
 -2.1282E+00
 -2.0268E+00
 -1.9255E+00
 -1.8242E+00
 -1.7228E+00
 -1.6215E+00
 -1.5201E+00
 -1.4188E+00
 -1.3174E+00
 -1.2161E+00
 -1.1148E+00
 -1.0134E+00
 -9.1208E-01
 -8.1073E-01
 -7.0939E-01
 -6.0805E-01
 -5.0671E-01
 -4.0537E-01
 -3.0402E-01
 -2.0268E-01
 -1.0134E-01
  0.0000E+00
  1.0134E-01
  2.0268E-01
  3.0403E-01
  4.0537E-01
  5.0671E-01
  6.0805E-01
  7.0939E-01
  8.1073E-01
  9.1208E-01
  1.0134E+00
  1.1148E+00
  1.2161E+00
  1.3174E+00
  1.4188E+00
  1.5201E+00
  1.6215E+00
  1.7228E+00
  1.8242E+00
  1.9255E+00
  2.0268E+00
  2.1282E+00
  2.2295E+00
  2.3309E+00
  2.4322E+00
  2.5335E+00
  2.6349E+00
  2.7362E+00
  2.8376E+00
  2.9389E+00
  3.0403E+00
  3.1416E+00


# y axis
#  ky       
  3.0000E-01


#  time[Lref
  9.8616E+01


# time = 98.61576
#  phi_x_n,p
  0.0000E+00
  0.0000E+00
  0.0000E+00
  5.4366E-11
  0.0000E+00
  0.0000E+00
  0.0000E+00
  0.0000E+00
  0.0000E+00
  0.0000E+00
  0.0000E+00
  0.0000E+00
  0.0000E+00
  0.0000E+00
  0.0000E+00
  0.0000E+00
  0.0000E+00
  0.0000E+00
  0.0000E+00
  0.0000E+00
  0.0000E+00
  0.0000E+00
  0.0000E+00
  0.0000E+00
  0.0000E+00
  0.0000E+00
  3.0753E-10
  0.0000E+00
  1.3904E-09
  2.5377E-10
  1.1100E-08
  5.3037E-07
  3.8502E-06
  2.5054E-06
  2.8844E-07
  7.6096E-08
  3.2083E-08
  1.9516E-07
  5.0263E-07
  3.6777E-07
  2.1992E-07
  1.2353E-07
  6.2089E-08
  6.3670E-08
  8.5861E-08
  2.0998E-08
  3.6026E-08
  4.7614E-08
  2.9955E-08
  5.8121E-08
  1.2655E-08
  7.4617E-08
  5.0330E-08
  0.0000E+00
  0.0000E+00
  0.0000E+00
  0.0000E+00
  0.0000E+00
  0.0000E+00
  0.0000E+00
  0.0000E+00
  0.0000E+00
  0.0000E+00


# time = 98.61576
#  phi_x_Tpa
  0.0000E+00
  0.0000E+00
  0.0000E+00
  0.0000E+00
  0.0000E+00
  0.0000E+00
  0.0000E+00
  0.0000E+00
  5.2620E-10
  0.0000E+00
  0.0000E+00
  0.0000E+00
  0.0000E+00
  1.9442E-10
  0.0000E+00
  1.1586E-09
  1.3909E-09
  0.0000E+00
  2.0735E-08
  9.8047E-09
  0.0000E+00
  1.4905E-08
  3.2987E-09
  4.3487E-09
  1.1316E-08
  6.9737E-09
  3.6016E-08
  1.1058E-08
  1.0045E-07
  1.4832E-07
  5.2088E-07
  8.2728E-07
  2.3307E-06
  2.9590E-06
  6.8837E-07
  1.9240E-07
  3.5068E-07
  5.1577E-08
  5.2045E-07
  4.4944E-07
  2.4475E-07
  8.9506E-08
  1.0857E-07
  3.5732E-08
  4.6629E-08
  0.0000E+00
  4.9739E-08
  3.6190E-08
  0.0000E+00
  1.7955E-08
  2.1659E-08
  1.6523E-08
  7.7948E-11
  1.0634E-08
  1.4210E-08
  7.4660E-09
  0.0000E+00
  0.0000E+00
  0.0000E+00
  0.0000E+00
  0.0000E+00
  0.0000E+00
  4.4674E-09


# time = 98.61576
#  phi_x_Tpe
  3.4379E-06
  4.6264E-06
  3.3293E-07
  2.9288E-08
  4.1177E-08
  1.2260E-08
  4.9532E-07
  5.2297E-07
  3.6332E-07
  7.1840E-08
  5.3470E-08
  7.9404E-09
  9.7348E-10
  2.7092E-10
  1.0252E-08
  3.9188E-09
  2.9619E-09
  1.3122E-09
  5.4336E-09
  3.9023E-09
  0.0000E+00
  3.2552E-09
  1.4739E-08
  0.0000E+00
  6.0835E-09
  0.0000E+00
  1.2641E-09
  0.0000E+00
  0.0000E+00
  0.0000E+00
  3.1493E-09
  1.4946E-09
  1.7056E-09
  9.0756E-09
  4.5890E-09
  1.6433E-09
  5.0071E-09
  0.0000E+00
  7.0031E-09
  3.4307E-09
  0.0000E+00
  0.0000E+00
  3.1666E-09
  0.0000E+00
  1.4960E-09
  1.8003E-09
  0.0000E+00
  7.5201E-09
  1.0115E-09
  8.3352E-09
  5.0025E-09
  2.7954E-09
  2.5183E-08
  2.1397E-08
  1.3110E-08
  3.8120E-09
  2.2660E-08
  1.5659E-09
  3.3452E-09
  8.4723E-09
  9.7298E-09
  2.0724E-08
  7.4767E-08


# time = 98.61576
#  phi_x_n,t
  0.0000E+00
  0.0000E+00
  0.0000E+00
  0.0000E+00
  0.0000E+00
  0.0000E+00
  0.0000E+00
  0.0000E+00
  0.0000E+00
  0.0000E+00
  0.0000E+00
  0.0000E+00
  0.0000E+00
  0.0000E+00
  0.0000E+00
  0.0000E+00
  0.0000E+00
  0.0000E+00
  0.0000E+00
  0.0000E+00
  0.0000E+00
  0.0000E+00
  0.0000E+00
  0.0000E+00
  0.0000E+00
  0.0000E+00
  0.0000E+00
  0.0000E+00
  0.0000E+00
  0.0000E+00
  0.0000E+00
  0.0000E+00
  0.0000E+00
  0.0000E+00
  0.0000E+00
  0.0000E+00
  0.0000E+00
  0.0000E+00
  0.0000E+00
  0.0000E+00
  0.0000E+00
  0.0000E+00
  1.8703E-11
  2.7902E-10
  8.2922E-10
  0.0000E+00
  1.2085E-09
  6.8383E-08
  4.8684E-06
  2.2971E-06
  1.4160E-06
  6.6968E-07
  6.8174E-07
  3.3023E-07
  6.9431E-08
  1.6897E-08
  7.1851E-09
  0.0000E+00
  1.0743E-10
  1.1302E-10
  0.0000E+00
  0.0000E+00
  0.0000E+00


# time = 98.61576
#  phi_x_Tpa
  0.0000E+00
  0.0000E+00
  0.0000E+00
  0.0000E+00
  0.0000E+00
  0.0000E+00
  0.0000E+00
  0.0000E+00
  0.0000E+00
  0.0000E+00
  2.3230E-11
  0.0000E+00
  4.3750E-10
  9.3359E-10
  5.6811E-10
  1.7133E-09
  1.7141E-06
  4.1446E-06
  1.7539E-06
  9.9575E-07
  8.7502E-07
  4.5466E-07
  1.7724E-07
  7.8393E-08
  2.1407E-08
  0.0000E+00
  1.3288E-10
  0.0000E+00
  1.3977E-10
  0.0000E+00
  0.0000E+00
  0.0000E+00
  0.0000E+00
  0.0000E+00
  0.0000E+00
  0.0000E+00
  0.0000E+00
  0.0000E+00
  0.0000E+00
  0.0000E+00
  0.0000E+00
  0.0000E+00
  0.0000E+00
  0.0000E+00
  0.0000E+00
  0.0000E+00
  0.0000E+00
  0.0000E+00
  0.0000E+00
  0.0000E+00
  0.0000E+00
  0.0000E+00
  0.0000E+00
  0.0000E+00
  0.0000E+00
  0.0000E+00
  0.0000E+00
  0.0000E+00
  0.0000E+00
  0.0000E+00
  0.0000E+00
  0.0000E+00
  0.0000E+00


# time = 98.61576
#  phi_x_Tpe
  1.0250E-09
  0.0000E+00
  0.0000E+00
  0.0000E+00
  0.0000E+00
  0.0000E+00
  0.0000E+00
  0.0000E+00
  0.0000E+00
  0.0000E+00
  0.0000E+00
  0.0000E+00
  2.3912E-11
  0.0000E+00
  0.0000E+00
  0.0000E+00
  0.0000E+00
  0.0000E+00
  0.0000E+00
  0.0000E+00
  0.0000E+00
  0.0000E+00
  0.0000E+00
  0.0000E+00
  0.0000E+00
  0.0000E+00
  0.0000E+00
  0.0000E+00
  0.0000E+00
  0.0000E+00
  0.0000E+00
  0.0000E+00
  9.1121E-11
  0.0000E+00
  0.0000E+00
  0.0000E+00
  0.0000E+00
  0.0000E+00
  0.0000E+00
  0.0000E+00
  2.2758E-10
  8.0931E-10
  0.0000E+00
  0.0000E+00
  4.5136E-10
  0.0000E+00
  5.5931E-10
  1.9346E-09
  1.5824E-10
  2.3054E-09
  2.6156E-09
  1.5142E-09
  3.8471E-09
  3.8466E-09
  7.4687E-09
  1.1629E-06
  3.8469E-06
  2.2083E-06
  1.7877E-06
  8.7350E-07
  1.9611E-07
  5.1178E-08
  2.4902E-08
