# CREATED BY GENE DIAGNOSTICS TOOL on Fri May 16 20:32:02 2025 /home/unix/ottink/gene/diagnostics
# diag: phases, run(s): TokITGv4, time window: 231.1034-241.2326(1 steps), species: e
# original data path: /Differ/Data/IMT/lottink/Tokamak_ITG/
# normalization: L_ref=1.65m
#
# x axis
#  phase    
 -3.1416E+00
 -3.0403E+00
 -2.9389E+00
 -2.8376E+00
 -2.7362E+00
 -2.6349E+00
 -2.5335E+00
 -2.4322E+00
 -2.3309E+00
 -2.2295E+00
 -2.1282E+00
 -2.0268E+00
 -1.9255E+00
 -1.8242E+00
 -1.7228E+00
 -1.6215E+00
 -1.5201E+00
 -1.4188E+00
 -1.3174E+00
 -1.2161E+00
 -1.1148E+00
 -1.0134E+00
 -9.1208E-01
 -8.1073E-01
 -7.0939E-01
 -6.0805E-01
 -5.0671E-01
 -4.0537E-01
 -3.0402E-01
 -2.0268E-01
 -1.0134E-01
  0.0000E+00
  1.0134E-01
  2.0268E-01
  3.0403E-01
  4.0537E-01
  5.0671E-01
  6.0805E-01
  7.0939E-01
  8.1073E-01
  9.1208E-01
  1.0134E+00
  1.1148E+00
  1.2161E+00
  1.3174E+00
  1.4188E+00
  1.5201E+00
  1.6215E+00
  1.7228E+00
  1.8242E+00
  1.9255E+00
  2.0268E+00
  2.1282E+00
  2.2295E+00
  2.3309E+00
  2.4322E+00
  2.5335E+00
  2.6349E+00
  2.7362E+00
  2.8376E+00
  2.9389E+00
  3.0403E+00
  3.1416E+00


# y axis
#  ky       
  3.0000E-01


#  time[Lref
  2.4123E+02


# time = 241.2326
#  phi_x_n,p
  0.0000E+00
  0.0000E+00
  0.0000E+00
  0.0000E+00
  0.0000E+00
  0.0000E+00
  0.0000E+00
  0.0000E+00
  0.0000E+00
  0.0000E+00
  0.0000E+00
  0.0000E+00
  0.0000E+00
  0.0000E+00
  0.0000E+00
  0.0000E+00
  0.0000E+00
  0.0000E+00
  0.0000E+00
  0.0000E+00
  0.0000E+00
  0.0000E+00
  1.8635E-11
  2.3092E-10
  6.5432E-11
  3.1456E-10
  0.0000E+00
  6.4770E-10
  2.4362E-09
  3.0191E-09
  1.1542E-08
  4.4478E-08
  1.2125E-06
  2.8036E-07
  2.0532E-07
  1.4022E-07
  4.5168E-08
  2.8404E-08
  1.6350E-08
  1.0690E-08
  1.2190E-08
  5.0899E-09
  7.9666E-09
  7.5019E-09
  8.4649E-09
  9.6446E-08
  6.5586E-08
  3.9204E-08
  1.8676E-08
  1.5735E-08
  2.1311E-08
  9.7054E-09
  1.1177E-08
  1.2973E-08
  2.2756E-09
  1.1822E-08
  1.5714E-08
  2.4234E-08
  4.3854E-08
  2.5370E-08
  5.4944E-09
  0.0000E+00
  5.4160E-12


# time = 241.2326
#  phi_x_Tpa
  3.6024E-10
  6.7199E-10
  5.6934E-10
  2.4487E-10
  1.0250E-09
  1.9464E-10
  9.4811E-11
  1.0773E-09
  1.0426E-10
  1.2324E-10
  7.4560E-11
  4.9649E-10
  4.0633E-10
  9.6870E-11
  1.7565E-10
  6.7756E-11
  5.4532E-10
  8.1448E-10
  2.7609E-10
  5.4157E-10
  3.7774E-10
  1.8323E-09
  8.3828E-10
  2.2856E-09
  1.0213E-09
  3.0484E-09
  3.9267E-09
  1.4625E-09
  7.3624E-09
  1.6849E-07
  2.5716E-07
  7.3380E-07
  7.3842E-07
  1.7793E-07
  1.3257E-08
  1.2222E-08
  1.7166E-08
  7.1881E-09
  1.2052E-08
  2.0075E-08
  2.3167E-07
  1.7881E-07
  5.9339E-08
  1.6798E-08
  1.4005E-08
  1.1814E-08
  7.3042E-09
  5.7308E-09
  5.2352E-09
  0.0000E+00
  1.4077E-11
  0.0000E+00
  0.0000E+00
  0.0000E+00
  9.6985E-12
  0.0000E+00
  0.0000E+00
  0.0000E+00
  0.0000E+00
  0.0000E+00
  4.7445E-11
  3.0532E-10
  0.0000E+00


# time = 241.2326
#  phi_x_Tpe
  1.1808E-07
  1.1967E-06
  3.7787E-07
  1.9197E-07
  7.4353E-08
  1.3030E-07
  6.8050E-08
  3.4395E-08
  2.6048E-08
  1.9853E-08
  1.0013E-08
  1.2014E-08
  5.5890E-09
  3.2112E-09
  7.9800E-09
  3.3578E-09
  5.5242E-08
  3.2519E-08
  4.3852E-08
  3.8945E-08
  2.3614E-08
  2.0157E-08
  1.9102E-08
  1.3621E-08
  1.3957E-08
  1.1749E-08
  1.4037E-08
  9.1350E-09
  1.9024E-08
  5.5214E-08
  2.9762E-08
  0.0000E+00
  0.0000E+00
  2.7937E-09
  0.0000E+00
  2.3809E-09
  0.0000E+00
  0.0000E+00
  1.4839E-09
  2.4908E-09
  1.0481E-09
  0.0000E+00
  2.6687E-09
  2.3052E-09
  2.6700E-09
  0.0000E+00
  1.1635E-09
  1.1413E-09
  0.0000E+00
  0.0000E+00
  0.0000E+00
  0.0000E+00
  0.0000E+00
  0.0000E+00
  0.0000E+00
  0.0000E+00
  0.0000E+00
  0.0000E+00
  0.0000E+00
  0.0000E+00
  0.0000E+00
  0.0000E+00
  6.2695E-11


# time = 241.2326
#  phi_x_n,t
  9.0170E-08
  8.6863E-08
  7.4499E-08
  6.3150E-08
  4.1705E-08
  1.6604E-08
  1.8482E-08
  7.7334E-09
  3.5447E-08
  2.8420E-08
  2.7650E-08
  1.1433E-08
  0.0000E+00
  0.0000E+00
  0.0000E+00
  0.0000E+00
  0.0000E+00
  0.0000E+00
  0.0000E+00
  0.0000E+00
  0.0000E+00
  0.0000E+00
  0.0000E+00
  0.0000E+00
  0.0000E+00
  0.0000E+00
  0.0000E+00
  0.0000E+00
  0.0000E+00
  0.0000E+00
  0.0000E+00
  0.0000E+00
  0.0000E+00
  0.0000E+00
  0.0000E+00
  0.0000E+00
  0.0000E+00
  0.0000E+00
  0.0000E+00
  0.0000E+00
  8.7896E-10
  1.6681E-09
  2.9893E-09
  3.9269E-09
  1.3161E-07
  1.9435E-07
  1.9103E-07
  1.0128E-07
  9.6677E-08
  7.6468E-08
  7.7123E-08
  6.0052E-08
  3.8718E-08
  3.4759E-08
  3.7973E-08
  6.3022E-08
  5.9137E-08
  3.6729E-08
  8.5634E-08
  1.4121E-07
  1.1727E-07
  7.8716E-08
  7.3332E-08


# time = 241.2326
#  phi_x_Tpa
  0.0000E+00
  0.0000E+00
  0.0000E+00
  0.0000E+00
  0.0000E+00
  0.0000E+00
  0.0000E+00
  0.0000E+00
  7.9948E-10
  5.7544E-10
  2.5991E-09
  2.2132E-09
  4.0623E-09
  4.4712E-09
  2.5929E-09
  8.4914E-09
  7.5684E-09
  5.7458E-10
  4.2893E-09
  1.1690E-08
  1.3071E-08
  2.2910E-09
  1.0822E-08
  1.2611E-07
  3.8904E-07
  2.4492E-07
  1.6665E-07
  1.5474E-07
  1.9571E-07
  2.1100E-07
  1.5602E-07
  1.0584E-07
  1.2529E-07
  8.2887E-08
  6.2356E-08
  5.7629E-08
  2.5012E-08
  0.0000E+00
  2.4395E-08
  2.6524E-08
  1.9694E-08
  1.5496E-08
  2.0151E-08
  3.3309E-09
  0.0000E+00
  0.0000E+00
  0.0000E+00
  0.0000E+00
  0.0000E+00
  0.0000E+00
  0.0000E+00
  0.0000E+00
  0.0000E+00
  0.0000E+00
  0.0000E+00
  0.0000E+00
  0.0000E+00
  0.0000E+00
  0.0000E+00
  0.0000E+00
  0.0000E+00
  0.0000E+00
  0.0000E+00


# time = 241.2326
#  phi_x_Tpe
  0.0000E+00
  5.5418E-10
  1.2797E-09
  0.0000E+00
  0.0000E+00
  7.9554E-10
  0.0000E+00
  0.0000E+00
  9.0237E-10
  0.0000E+00
  0.0000E+00
  1.9054E-10
  8.7395E-10
  8.5218E-10
  3.5997E-10
  0.0000E+00
  9.4528E-10
  2.3607E-09
  2.7732E-09
  2.5945E-09
  8.6695E-09
  3.5909E-09
  1.2146E-08
  1.7654E-08
  2.2333E-08
  3.3596E-08
  6.0419E-08
  1.6828E-07
  3.9350E-07
  1.6021E-06
  5.6991E-07
  1.6931E-09
  1.1587E-09
  8.5792E-10
  5.8216E-10
  2.9652E-10
  4.6621E-10
  1.3579E-09
  4.4854E-10
  7.7958E-10
  7.5656E-11
  1.4179E-10
  3.7331E-10
  0.0000E+00
  1.2409E-09
  1.4879E-09
  7.3934E-10
  5.2792E-10
  2.9239E-11
  0.0000E+00
  2.9723E-10
  8.2902E-11
  0.0000E+00
  0.0000E+00
  1.1540E-12
  0.0000E+00
  1.7082E-10
  0.0000E+00
  2.0264E-10
  3.5781E-10
  0.0000E+00
  3.9823E-10
  6.7496E-12
