# CREATED BY GENE DIAGNOSTICS TOOL on Wed May  7 16:07:12 2025 /home/unix/ottink/gene/diagnostics
# diag: phases, run(s): ky01275v4, time window: 254.12701-261.75363(1 steps), species: e
# original data path: /Differ/Data/IMT/lottink/RFP_nTEM/vgrid/
# normalization: L_ref=1.5m
#
# x axis
#  phase    
 -3.1416E+00
 -3.0403E+00
 -2.9389E+00
 -2.8376E+00
 -2.7362E+00
 -2.6349E+00
 -2.5335E+00
 -2.4322E+00
 -2.3309E+00
 -2.2295E+00
 -2.1282E+00
 -2.0268E+00
 -1.9255E+00
 -1.8242E+00
 -1.7228E+00
 -1.6215E+00
 -1.5201E+00
 -1.4188E+00
 -1.3174E+00
 -1.2161E+00
 -1.1148E+00
 -1.0134E+00
 -9.1208E-01
 -8.1073E-01
 -7.0939E-01
 -6.0805E-01
 -5.0671E-01
 -4.0537E-01
 -3.0402E-01
 -2.0268E-01
 -1.0134E-01
  0.0000E+00
  1.0134E-01
  2.0268E-01
  3.0403E-01
  4.0537E-01
  5.0671E-01
  6.0805E-01
  7.0939E-01
  8.1073E-01
  9.1208E-01
  1.0134E+00
  1.1148E+00
  1.2161E+00
  1.3174E+00
  1.4188E+00
  1.5201E+00
  1.6215E+00
  1.7228E+00
  1.8242E+00
  1.9255E+00
  2.0268E+00
  2.1282E+00
  2.2295E+00
  2.3309E+00
  2.4322E+00
  2.5335E+00
  2.6349E+00
  2.7362E+00
  2.8376E+00
  2.9389E+00
  3.0403E+00
  3.1416E+00


# y axis
#  ky       
  1.2750E-01


#  time[Lref
  2.6175E+02


# time = 261.75363
#  phi_x_n,p
  0.0000E+00
  0.0000E+00
  0.0000E+00
  2.4933E-10
  2.7382E-10
  5.2357E-10
  2.2197E-10
  0.0000E+00
  0.0000E+00
  1.7782E-09
  1.3125E-09
  7.7981E-10
  6.9759E-10
  0.0000E+00
  1.6708E-09
  6.2740E-10
  6.2027E-10
  1.2601E-09
  1.1749E-09
  6.0306E-10
  1.1870E-09
  2.6996E-10
  1.6672E-09
  2.2747E-09
  1.8832E-09
  7.5456E-10
  8.0571E-09
  4.4077E-09
  2.4853E-08
  5.3178E-08
  7.7534E-07
  1.0173E-05
  1.6135E-06
  6.7448E-07
  2.8303E-07
  3.9217E-08
  1.0632E-07
  1.2819E-08
  2.0970E-09
  2.7696E-08
  6.0363E-09
  8.1558E-10
  1.2654E-09
  2.1021E-08
  3.1141E-10
  0.0000E+00
  0.0000E+00
  9.3154E-10
  1.1127E-08
  2.2193E-09
  0.0000E+00
  0.0000E+00
  8.8251E-09
  4.8714E-09
  4.3898E-09
  7.5917E-09
  1.5035E-08
  1.3444E-08
  2.7129E-08
  9.7446E-09
  0.0000E+00
  0.0000E+00
  0.0000E+00


# time = 261.75363
#  phi_x_Tpa
  0.0000E+00
  0.0000E+00
  0.0000E+00
  1.6782E-10
  0.0000E+00
  1.0859E-10
  0.0000E+00
  0.0000E+00
  3.7145E-11
  0.0000E+00
  4.2748E-11
  2.6736E-10
  4.2143E-10
  3.9518E-10
  3.1790E-10
  2.3943E-10
  4.7390E-10
  6.5112E-10
  6.9608E-10
  6.7363E-10
  6.8871E-10
  3.8851E-10
  2.8523E-10
  3.8972E-10
  6.4123E-10
  9.7949E-09
  1.7709E-08
  3.1737E-08
  6.5041E-08
  2.2907E-08
  3.6152E-07
  1.1883E-05
  2.2519E-06
  2.1889E-07
  5.2750E-09
  6.8728E-09
  4.2601E-09
  0.0000E+00
  1.2078E-09
  6.1326E-10
  8.9584E-11
  0.0000E+00
  1.6201E-10
  0.0000E+00
  0.0000E+00
  0.0000E+00
  0.0000E+00
  0.0000E+00
  0.0000E+00
  0.0000E+00
  0.0000E+00
  0.0000E+00
  0.0000E+00
  0.0000E+00
  0.0000E+00
  6.1847E-11
  0.0000E+00
  0.0000E+00
  1.7330E-10
  0.0000E+00
  0.0000E+00
  0.0000E+00
  0.0000E+00


# time = 261.75363
#  phi_x_Tpe
  6.5601E-06
  6.3866E-08
  6.0653E-09
  2.5993E-08
  3.8514E-09
  1.1565E-08
  1.8906E-08
  1.7000E-08
  6.4889E-09
  8.0120E-09
  7.3008E-09
  2.4063E-09
  1.3494E-10
  0.0000E+00
  3.7711E-10
  0.0000E+00
  1.6486E-10
  0.0000E+00
  0.0000E+00
  0.0000E+00
  0.0000E+00
  0.0000E+00
  0.0000E+00
  0.0000E+00
  1.2792E-10
  0.0000E+00
  0.0000E+00
  0.0000E+00
  3.8749E-10
  0.0000E+00
  0.0000E+00
  0.0000E+00
  0.0000E+00
  0.0000E+00
  0.0000E+00
  2.9906E-10
  0.0000E+00
  1.5802E-10
  0.0000E+00
  3.2212E-10
  0.0000E+00
  0.0000E+00
  1.2777E-10
  0.0000E+00
  0.0000E+00
  2.0576E-09
  1.2669E-09
  1.0349E-09
  6.2844E-10
  2.6123E-09
  2.5743E-09
  1.7897E-09
  4.8452E-09
  2.7123E-09
  0.0000E+00
  0.0000E+00
  2.3801E-09
  7.1485E-09
  8.5901E-09
  1.8834E-07
  3.2527E-07
  5.1921E-07
  4.3416E-06


# time = 261.75363
#  phi_x_n,t
  0.0000E+00
  4.5979E-11
  7.4448E-11
  1.8143E-11
  0.0000E+00
  0.0000E+00
  6.5511E-11
  3.3185E-11
  0.0000E+00
  0.0000E+00
  2.6398E-11
  0.0000E+00
  4.4099E-11
  0.0000E+00
  0.0000E+00
  6.3188E-11
  1.2277E-11
  0.0000E+00
  0.0000E+00
  0.0000E+00
  0.0000E+00
  0.0000E+00
  0.0000E+00
  0.0000E+00
  0.0000E+00
  0.0000E+00
  1.6828E-11
  5.4423E-12
  1.4546E-11
  0.0000E+00
  0.0000E+00
  0.0000E+00
  0.0000E+00
  6.5986E-11
  0.0000E+00
  1.5839E-10
  8.7044E-11
  1.7886E-10
  1.1765E-10
  2.4645E-10
  1.3837E-10
  5.6806E-11
  2.0717E-10
  2.6709E-10
  1.9925E-09
  1.6051E-09
  2.8264E-09
  1.0586E-08
  4.2486E-09
  7.8073E-06
  3.7367E-06
  2.5193E-06
  5.1316E-07
  1.6854E-07
  4.9662E-08
  9.1703E-08
  5.4286E-08
  4.0498E-08
  2.0682E-08
  1.7483E-08
  4.8858E-09
  0.0000E+00
  0.0000E+00


# time = 261.75363
#  phi_x_Tpa
  0.0000E+00
  2.0305E-11
  8.3061E-11
  0.0000E+00
  2.4751E-10
  1.3507E-10
  3.3713E-10
  4.9873E-10
  0.0000E+00
  2.0877E-10
  4.0031E-10
  3.3135E-11
  2.1640E-09
  2.3551E-09
  3.5429E-09
  6.7568E-09
  4.7639E-06
  4.6263E-06
  1.5288E-06
  2.1168E-06
  5.2431E-07
  1.6556E-07
  5.2788E-08
  9.8568E-08
  6.2718E-08
  4.3308E-08
  2.2615E-08
  2.6589E-08
  1.7548E-08
  0.0000E+00
  0.0000E+00
  0.0000E+00
  4.9335E-11
  1.0790E-10
  5.8514E-11
  0.0000E+00
  0.0000E+00
  4.5709E-11
  6.6689E-11
  3.6517E-11
  0.0000E+00
  0.0000E+00
  4.0438E-11
  0.0000E+00
  6.7538E-11
  0.0000E+00
  0.0000E+00
  7.5384E-11
  3.6175E-11
  0.0000E+00
  0.0000E+00
  0.0000E+00
  0.0000E+00
  0.0000E+00
  0.0000E+00
  0.0000E+00
  0.0000E+00
  0.0000E+00
  2.6118E-11
  8.5828E-12
  2.2935E-11
  0.0000E+00
  0.0000E+00


# time = 261.75363
#  phi_x_Tpe
  0.0000E+00
  2.9471E-11
  0.0000E+00
  2.4240E-11
  3.5771E-11
  1.2862E-10
  0.0000E+00
  7.6645E-11
  6.7357E-11
  3.0534E-11
  5.3883E-11
  0.0000E+00
  4.3742E-11
  0.0000E+00
  0.0000E+00
  1.5394E-11
  0.0000E+00
  0.0000E+00
  0.0000E+00
  0.0000E+00
  0.0000E+00
  0.0000E+00
  0.0000E+00
  0.0000E+00
  0.0000E+00
  1.1554E-11
  0.0000E+00
  0.0000E+00
  3.5182E-12
  0.0000E+00
  1.0211E-11
  2.2166E-12
  0.0000E+00
  0.0000E+00
  2.4076E-11
  8.1563E-12
  0.0000E+00
  2.6130E-11
  0.0000E+00
  0.0000E+00
  1.3694E-10
  1.5694E-10
  1.3691E-10
  1.1594E-10
  2.0583E-10
  2.0657E-10
  1.7536E-10
  2.1191E-09
  2.6296E-09
  2.7644E-09
  1.0678E-08
  6.4448E-09
  4.3307E-09
  4.6886E-08
  1.5182E-06
  1.1056E-05
  1.4419E-06
  3.3957E-07
  1.9831E-07
  6.5804E-08
  3.3078E-08
  2.8921E-08
  9.4046E-09
