# CREATED BY GENE DIAGNOSTICS TOOL on Wed May  7 16:07:06 2025 /home/unix/ottink/gene/diagnostics
# diag: phases, run(s): ky01275v3, time window: 244.19156-260.61405(1 steps), species: e
# original data path: /Differ/Data/IMT/lottink/RFP_nTEM/vgrid/
# normalization: L_ref=1.5m
#
# x axis
#  phase    
 -3.1416E+00
 -3.0403E+00
 -2.9389E+00
 -2.8376E+00
 -2.7362E+00
 -2.6349E+00
 -2.5335E+00
 -2.4322E+00
 -2.3309E+00
 -2.2295E+00
 -2.1282E+00
 -2.0268E+00
 -1.9255E+00
 -1.8242E+00
 -1.7228E+00
 -1.6215E+00
 -1.5201E+00
 -1.4188E+00
 -1.3174E+00
 -1.2161E+00
 -1.1148E+00
 -1.0134E+00
 -9.1208E-01
 -8.1073E-01
 -7.0939E-01
 -6.0805E-01
 -5.0671E-01
 -4.0537E-01
 -3.0402E-01
 -2.0268E-01
 -1.0134E-01
  0.0000E+00
  1.0134E-01
  2.0268E-01
  3.0403E-01
  4.0537E-01
  5.0671E-01
  6.0805E-01
  7.0939E-01
  8.1073E-01
  9.1208E-01
  1.0134E+00
  1.1148E+00
  1.2161E+00
  1.3174E+00
  1.4188E+00
  1.5201E+00
  1.6215E+00
  1.7228E+00
  1.8242E+00
  1.9255E+00
  2.0268E+00
  2.1282E+00
  2.2295E+00
  2.3309E+00
  2.4322E+00
  2.5335E+00
  2.6349E+00
  2.7362E+00
  2.8376E+00
  2.9389E+00
  3.0403E+00
  3.1416E+00


# y axis
#  ky       
  1.2750E-01


#  time[Lref
  2.6061E+02


# time = 260.61405
#  phi_x_n,p
  0.0000E+00
  1.0519E-09
  0.0000E+00
  5.5891E-10
  0.0000E+00
  7.7808E-10
  1.5461E-09
  2.1419E-09
  0.0000E+00
  9.8785E-10
  0.0000E+00
  0.0000E+00
  1.9489E-09
  1.0251E-09
  1.4086E-09
  6.4269E-10
  1.0514E-09
  5.5251E-10
  2.5553E-09
  1.2597E-09
  0.0000E+00
  1.5744E-09
  6.4880E-10
  2.7050E-09
  2.5405E-09
  2.7355E-09
  8.4027E-09
  7.1388E-09
  2.6815E-08
  5.3691E-08
  1.0898E-06
  9.4474E-06
  1.5175E-06
  7.3022E-07
  2.2579E-07
  7.3850E-08
  7.5482E-08
  2.4381E-08
  2.4961E-09
  2.5379E-08
  6.7545E-09
  7.9719E-09
  8.2009E-09
  1.1591E-08
  4.5487E-09
  0.0000E+00
  2.4434E-10
  1.0403E-08
  2.6238E-09
  2.3134E-10
  2.4695E-09
  1.4969E-09
  9.4525E-09
  2.8871E-09
  8.2292E-09
  2.0771E-08
  1.2343E-08
  1.4211E-08
  2.1869E-08
  1.1358E-08
  0.0000E+00
  0.0000E+00
  0.0000E+00


# time = 260.61405
#  phi_x_Tpa
  0.0000E+00
  0.0000E+00
  2.4615E-10
  0.0000E+00
  0.0000E+00
  0.0000E+00
  1.1444E-10
  0.0000E+00
  4.8114E-11
  9.0754E-11
  0.0000E+00
  7.7695E-10
  1.7407E-10
  4.2194E-10
  1.3024E-10
  5.8129E-10
  0.0000E+00
  5.5546E-10
  8.3206E-10
  0.0000E+00
  1.2377E-09
  3.4874E-10
  6.7217E-10
  5.1682E-10
  8.1021E-09
  4.1131E-08
  3.2814E-08
  5.7658E-08
  2.3472E-08
  2.1271E-08
  1.7663E-07
  1.1791E-05
  2.1118E-06
  9.5909E-08
  7.4049E-09
  6.8720E-09
  3.6774E-09
  1.6164E-09
  1.0591E-10
  6.0561E-10
  0.0000E+00
  0.0000E+00
  0.0000E+00
  0.0000E+00
  1.7300E-10
  6.8828E-11
  0.0000E+00
  0.0000E+00
  0.0000E+00
  0.0000E+00
  0.0000E+00
  0.0000E+00
  0.0000E+00
  0.0000E+00
  0.0000E+00
  5.9858E-11
  0.0000E+00
  0.0000E+00
  1.4569E-10
  0.0000E+00
  0.0000E+00
  0.0000E+00
  0.0000E+00


# time = 260.61405
#  phi_x_Tpe
  6.4422E-06
  1.4238E-07
  6.6636E-09
  2.4217E-08
  1.5982E-08
  4.0429E-09
  3.5133E-09
  1.4936E-08
  1.4056E-08
  8.9891E-09
  1.2392E-08
  6.3704E-09
  1.9202E-09
  3.8275E-09
  0.0000E+00
  0.0000E+00
  0.0000E+00
  0.0000E+00
  3.9344E-10
  0.0000E+00
  0.0000E+00
  1.4117E-10
  8.8105E-11
  0.0000E+00
  0.0000E+00
  0.0000E+00
  0.0000E+00
  2.0994E-10
  0.0000E+00
  0.0000E+00
  0.0000E+00
  0.0000E+00
  0.0000E+00
  0.0000E+00
  0.0000E+00
  0.0000E+00
  0.0000E+00
  0.0000E+00
  3.1938E-10
  1.2512E-10
  1.7539E-10
  3.3750E-10
  0.0000E+00
  0.0000E+00
  2.8021E-10
  1.0754E-09
  1.6931E-09
  9.1654E-10
  0.0000E+00
  9.2575E-10
  8.2339E-10
  1.9761E-09
  2.9980E-09
  6.4708E-09
  2.7385E-09
  9.6238E-10
  0.0000E+00
  7.6575E-10
  1.3324E-08
  1.0467E-08
  5.0586E-08
  5.6746E-07
  4.1928E-06


# time = 260.61405
#  phi_x_n,t
  9.9995E-11
  0.0000E+00
  0.0000E+00
  1.1883E-10
  0.0000E+00
  0.0000E+00
  0.0000E+00
  0.0000E+00
  6.6149E-11
  8.2148E-11
  0.0000E+00
  1.8052E-11
  3.4314E-11
  7.7631E-11
  0.0000E+00
  0.0000E+00
  0.0000E+00
  7.5571E-11
  0.0000E+00
  0.0000E+00
  2.7174E-12
  0.0000E+00
  0.0000E+00
  3.6385E-11
  0.0000E+00
  0.0000E+00
  0.0000E+00
  1.3438E-10
  0.0000E+00
  0.0000E+00
  0.0000E+00
  1.6221E-11
  3.4352E-11
  2.4348E-10
  1.2550E-10
  2.4286E-10
  3.7101E-11
  2.1022E-10
  2.0352E-10
  1.7469E-10
  2.1139E-10
  1.8693E-10
  1.0286E-09
  1.0565E-09
  1.2794E-09
  2.6190E-09
  3.9590E-06
  3.5008E-06
  3.3994E-06
  1.8768E-06
  1.4091E-06
  2.0829E-07
  2.1989E-07
  1.4377E-07
  9.6612E-08
  5.7636E-08
  1.9543E-08
  2.5972E-08
  2.5211E-08
  1.7377E-08
  9.8227E-10
  0.0000E+00
  2.5094E-11


# time = 260.61405
#  phi_x_Tpa
  0.0000E+00
  1.2293E-10
  2.8011E-10
  3.1679E-10
  2.1604E-10
  1.5572E-10
  1.9857E-10
  4.3901E-10
  4.0677E-10
  0.0000E+00
  6.6108E-10
  1.6869E-09
  3.7423E-06
  3.1778E-06
  2.8114E-06
  1.4826E-06
  1.0194E-06
  8.8381E-07
  6.2782E-07
  1.5938E-07
  1.4072E-07
  6.4328E-08
  3.5162E-08
  6.3513E-08
  2.2103E-08
  2.8681E-08
  3.4895E-08
  1.4813E-08
  1.0472E-08
  7.4651E-11
  3.7319E-11
  4.4333E-11
  1.0015E-10
  0.0000E+00
  0.0000E+00
  1.7648E-10
  0.0000E+00
  0.0000E+00
  0.0000E+00
  9.1689E-11
  4.7239E-11
  6.4453E-11
  2.4240E-11
  4.9736E-11
  0.0000E+00
  1.1530E-10
  0.0000E+00
  0.0000E+00
  0.0000E+00
  1.1024E-10
  0.0000E+00
  4.1169E-12
  0.0000E+00
  0.0000E+00
  5.3756E-11
  0.0000E+00
  0.0000E+00
  0.0000E+00
  4.5031E-11
  1.5183E-10
  0.0000E+00
  0.0000E+00
  2.3743E-11


# time = 260.61405
#  phi_x_Tpe
  1.6208E-08
  8.0608E-09
  4.4823E-11
  3.5938E-11
  9.2127E-11
  1.4733E-11
  0.0000E+00
  0.0000E+00
  9.3608E-11
  0.0000E+00
  0.0000E+00
  3.4225E-11
  0.0000E+00
  5.9177E-11
  8.2143E-11
  0.0000E+00
  5.0774E-11
  0.0000E+00
  0.0000E+00
  3.7956E-11
  0.0000E+00
  0.0000E+00
  6.0749E-11
  0.0000E+00
  0.0000E+00
  0.0000E+00
  0.0000E+00
  2.3265E-11
  0.0000E+00
  2.9111E-11
  0.0000E+00
  0.0000E+00
  2.6259E-11
  2.3330E-11
  0.0000E+00
  1.0497E-11
  8.0715E-12
  0.0000E+00
  6.6072E-12
  3.8042E-11
  2.6421E-10
  5.5814E-11
  0.0000E+00
  2.3022E-10
  4.6381E-10
  7.6121E-12
  2.4204E-10
  1.4641E-09
  1.6203E-09
  2.3276E-09
  2.7909E-09
  1.4684E-08
  6.3851E-09
  2.5156E-06
  5.5586E-06
  4.2235E-06
  1.2037E-06
  3.5605E-07
  2.1748E-07
  1.6791E-07
  6.0067E-08
  4.4985E-08
  2.2993E-08
