# CREATED BY GENE DIAGNOSTICS TOOL on Wed May  7 16:06:57 2025 /home/unix/ottink/gene/diagnostics
# diag: phases, run(s): ky01275v2, time window: 254.12701-267.09385(1 steps), species: i
# original data path: /Differ/Data/IMT/lottink/RFP_nTEM/vgrid/
# normalization: L_ref=1.5m
#
# x axis
#  phase    
 -3.1416E+00
 -3.0403E+00
 -2.9389E+00
 -2.8376E+00
 -2.7362E+00
 -2.6349E+00
 -2.5335E+00
 -2.4322E+00
 -2.3309E+00
 -2.2295E+00
 -2.1282E+00
 -2.0268E+00
 -1.9255E+00
 -1.8242E+00
 -1.7228E+00
 -1.6215E+00
 -1.5201E+00
 -1.4188E+00
 -1.3174E+00
 -1.2161E+00
 -1.1148E+00
 -1.0134E+00
 -9.1208E-01
 -8.1073E-01
 -7.0939E-01
 -6.0805E-01
 -5.0671E-01
 -4.0537E-01
 -3.0402E-01
 -2.0268E-01
 -1.0134E-01
  0.0000E+00
  1.0134E-01
  2.0268E-01
  3.0403E-01
  4.0537E-01
  5.0671E-01
  6.0805E-01
  7.0939E-01
  8.1073E-01
  9.1208E-01
  1.0134E+00
  1.1148E+00
  1.2161E+00
  1.3174E+00
  1.4188E+00
  1.5201E+00
  1.6215E+00
  1.7228E+00
  1.8242E+00
  1.9255E+00
  2.0268E+00
  2.1282E+00
  2.2295E+00
  2.3309E+00
  2.4322E+00
  2.5335E+00
  2.6349E+00
  2.7362E+00
  2.8376E+00
  2.9389E+00
  3.0403E+00
  3.1416E+00


# y axis
#  ky       
  1.2750E-01


#  time[Lref
  2.6709E+02


# time = 267.09385
#  phi_x_n,p
  0.0000E+00
  0.0000E+00
  0.0000E+00
  0.0000E+00
  0.0000E+00
  0.0000E+00
  0.0000E+00
  0.0000E+00
  0.0000E+00
  0.0000E+00
  0.0000E+00
  0.0000E+00
  0.0000E+00
  0.0000E+00
  0.0000E+00
  0.0000E+00
  0.0000E+00
  0.0000E+00
  0.0000E+00
  0.0000E+00
  0.0000E+00
  8.5121E-11
  0.0000E+00
  2.9777E-10
  0.0000E+00
  0.0000E+00
  1.2335E-09
  0.0000E+00
  2.1486E-09
  2.8869E-09
  2.9447E-09
  3.2068E-09
  5.7020E-09
  3.2539E-09
  5.0204E-09
  2.4349E-09
  3.1295E-09
  1.8908E-09
  2.3002E-09
  4.5123E-09
  4.5383E-09
  4.5185E-09
  3.9387E-09
  1.9333E-09
  6.6309E-09
  6.2733E-09
  4.5779E-09
  4.0731E-09
  6.0248E-09
  8.2273E-09
  1.4241E-08
  2.0703E-08
  2.1047E-08
  2.2119E-08
  6.5342E-08
  6.3211E-08
  8.0345E-08
  1.7666E-07
  2.5446E-07
  2.6011E-07
  2.0243E-06
  9.5560E-06
  2.3213E-06


# time = 267.09385
#  phi_x_Tpa
  1.3004E-06
  3.3302E-08
  2.9507E-08
  2.1180E-09
  9.4219E-09
  4.9674E-09
  5.9257E-09
  4.1700E-09
  1.1597E-09
  5.7640E-09
  5.4292E-09
  0.0000E+00
  2.4120E-09
  4.8041E-09
  1.4841E-09
  0.0000E+00
  6.5238E-10
  0.0000E+00
  0.0000E+00
  0.0000E+00
  0.0000E+00
  0.0000E+00
  0.0000E+00
  1.0786E-10
  0.0000E+00
  0.0000E+00
  0.0000E+00
  0.0000E+00
  0.0000E+00
  0.0000E+00
  0.0000E+00
  0.0000E+00
  0.0000E+00
  0.0000E+00
  0.0000E+00
  0.0000E+00
  0.0000E+00
  0.0000E+00
  0.0000E+00
  0.0000E+00
  0.0000E+00
  0.0000E+00
  0.0000E+00
  0.0000E+00
  0.0000E+00
  0.0000E+00
  0.0000E+00
  6.0086E-10
  5.5077E-10
  1.4741E-09
  1.3767E-09
  2.0797E-09
  1.1589E-09
  1.9636E-09
  4.9146E-09
  8.5530E-09
  1.1890E-08
  1.6515E-08
  9.0091E-08
  3.6368E-07
  1.1136E-06
  1.1986E-05
  1.6003E-06


# time = 267.09385
#  phi_x_Tpe
  7.2449E-09
  2.5063E-09
  4.6327E-09
  6.5042E-09
  6.2066E-09
  6.4039E-09
  2.8987E-09
  3.8804E-09
  3.8155E-09
  5.0379E-09
  6.6838E-09
  8.7483E-10
  5.2506E-09
  3.7982E-09
  6.7658E-09
  6.0572E-09
  1.9859E-09
  8.6994E-09
  9.3261E-09
  2.8612E-08
  1.0204E-08
  2.1733E-08
  5.4000E-08
  5.1733E-08
  4.4986E-08
  1.0721E-07
  1.4348E-07
  1.3370E-07
  5.0034E-07
  2.9780E-06
  7.8063E-06
  1.8875E-06
  0.0000E+00
  0.0000E+00
  0.0000E+00
  0.0000E+00
  0.0000E+00
  0.0000E+00
  0.0000E+00
  0.0000E+00
  0.0000E+00
  0.0000E+00
  0.0000E+00
  0.0000E+00
  0.0000E+00
  0.0000E+00
  0.0000E+00
  0.0000E+00
  0.0000E+00
  0.0000E+00
  0.0000E+00
  0.0000E+00
  0.0000E+00
  1.4901E-10
  6.2022E-10
  0.0000E+00
  0.0000E+00
  4.2244E-09
  3.4287E-09
  2.7898E-10
  5.7530E-09
  5.0212E-09
  7.4214E-09


# time = 267.09385
#  phi_x_n,t
  0.0000E+00
  0.0000E+00
  0.0000E+00
  0.0000E+00
  1.3223E-11
  6.9533E-12
  1.3015E-11
  1.3588E-11
  0.0000E+00
  0.0000E+00
  1.2019E-11
  4.2515E-12
  0.0000E+00
  0.0000E+00
  0.0000E+00
  1.1940E-11
  0.0000E+00
  4.4334E-12
  0.0000E+00
  0.0000E+00
  8.8801E-12
  0.0000E+00
  5.8605E-11
  5.7977E-11
  4.2429E-11
  1.5219E-10
  1.9962E-10
  3.5875E-10
  7.8762E-10
  4.5688E-10
  4.8125E-10
  1.2063E-09
  9.8676E-10
  2.2773E-09
  5.8897E-10
  2.9005E-09
  4.1171E-09
  7.0078E-09
  5.9271E-09
  3.7656E-07
  1.2562E-05
  2.3095E-06
  4.5721E-07
  1.5937E-07
  1.0187E-07
  4.3216E-08
  1.6491E-08
  1.2749E-08
  1.2612E-08
  6.9606E-10
  5.9097E-09
  2.3707E-09
  5.8022E-10
  0.0000E+00
  7.0407E-12
  0.0000E+00
  1.1644E-11
  8.6766E-12
  0.0000E+00
  0.0000E+00
  0.0000E+00
  1.6009E-12
  3.9267E-12


# time = 267.09385
#  phi_x_Tpa
  1.5727E-09
  1.2735E-09
  2.8687E-09
  1.5299E-09
  4.3334E-09
  5.7534E-09
  7.8192E-09
  2.1798E-08
  9.9170E-06
  4.1921E-06
  8.3040E-07
  2.8161E-07
  1.3096E-07
  7.8833E-08
  3.3714E-08
  1.4405E-08
  2.1222E-08
  9.2113E-09
  5.6701E-09
  5.6163E-09
  7.2304E-10
  1.6072E-10
  0.0000E+00
  8.7787E-12
  1.4516E-11
  1.0822E-11
  0.0000E+00
  0.0000E+00
  0.0000E+00
  0.0000E+00
  6.8976E-12
  0.0000E+00
  0.0000E+00
  0.0000E+00
  0.0000E+00
  1.6487E-11
  0.0000E+00
  2.4902E-11
  1.6948E-11
  0.0000E+00
  0.0000E+00
  1.4992E-11
  0.0000E+00
  5.3065E-12
  0.0000E+00
  0.0000E+00
  0.0000E+00
  1.4888E-11
  0.0000E+00
  5.5298E-12
  0.0000E+00
  1.1070E-11
  0.0000E+00
  0.0000E+00
  1.4770E-10
  0.0000E+00
  1.0718E-10
  3.9633E-10
  2.4582E-10
  9.7974E-10
  4.0732E-10
  7.1374E-10
  9.6272E-10


# time = 267.09385
#  phi_x_Tpe
  2.6968E-09
  7.5271E-09
  2.0310E-08
  5.0091E-09
  2.8537E-08
  9.7531E-09
  5.8469E-08
  1.0250E-07
  1.2503E-07
  1.4961E-07
  5.6713E-08
  6.4065E-08
  1.2144E-07
  6.3058E-08
  4.0654E-08
  8.0982E-08
  1.1295E-07
  1.7117E-08
  2.7396E-08
  5.1843E-09
  1.9855E-08
  1.3816E-07
  1.2072E-09
  1.5983E-08
  5.0708E-08
  1.2418E-07
  0.0000E+00
  1.8736E-08
  1.8174E-08
  3.1841E-07
  3.7880E-07
  7.1524E-08
  1.6185E-06
  3.0082E-06
  6.9782E-06
  1.0325E-06
  0.0000E+00
  0.0000E+00
  0.0000E+00
  0.0000E+00
  0.0000E+00
  0.0000E+00
  0.0000E+00
  0.0000E+00
  0.0000E+00
  0.0000E+00
  0.0000E+00
  0.0000E+00
  0.0000E+00
  0.0000E+00
  0.0000E+00
  0.0000E+00
  0.0000E+00
  0.0000E+00
  0.0000E+00
  0.0000E+00
  0.0000E+00
  7.4679E-10
  6.2282E-10
  2.0318E-09
  4.8321E-09
  1.2948E-08
  1.8316E-09
