# CREATED BY GENE DIAGNOSTICS TOOL on Fri May 16 20:44:11 2025 /home/unix/ottink/gene/diagnostics
# diag: phases, run(s): RFPnTEMv5, time window: 277.34569-277.34642(1 steps), species: e
# original data path: /Differ/Data/IMT/lottink/RFP_nTEM/vgrid/
# normalization: L_ref=1.5m
#
# x axis
#  phase    
 -3.1416E+00
 -3.0403E+00
 -2.9389E+00
 -2.8376E+00
 -2.7362E+00
 -2.6349E+00
 -2.5335E+00
 -2.4322E+00
 -2.3309E+00
 -2.2295E+00
 -2.1282E+00
 -2.0268E+00
 -1.9255E+00
 -1.8242E+00
 -1.7228E+00
 -1.6215E+00
 -1.5201E+00
 -1.4188E+00
 -1.3174E+00
 -1.2161E+00
 -1.1148E+00
 -1.0134E+00
 -9.1208E-01
 -8.1073E-01
 -7.0939E-01
 -6.0805E-01
 -5.0671E-01
 -4.0537E-01
 -3.0402E-01
 -2.0268E-01
 -1.0134E-01
  0.0000E+00
  1.0134E-01
  2.0268E-01
  3.0403E-01
  4.0537E-01
  5.0671E-01
  6.0805E-01
  7.0939E-01
  8.1073E-01
  9.1208E-01
  1.0134E+00
  1.1148E+00
  1.2161E+00
  1.3174E+00
  1.4188E+00
  1.5201E+00
  1.6215E+00
  1.7228E+00
  1.8242E+00
  1.9255E+00
  2.0268E+00
  2.1282E+00
  2.2295E+00
  2.3309E+00
  2.4322E+00
  2.5335E+00
  2.6349E+00
  2.7362E+00
  2.8376E+00
  2.9389E+00
  3.0403E+00
  3.1416E+00


# y axis
#  ky       
  1.2750E-01


#  time[Lref
  2.7735E+02


# time = 277.34642
#  phi_x_n,p
  0.0000E+00
  0.0000E+00
  0.0000E+00
  8.4770E-10
  0.0000E+00
  0.0000E+00
  2.1562E-10
  2.1857E-10
  1.0183E-09
  7.4099E-10
  7.5347E-10
  1.6883E-09
  3.1356E-10
  7.9113E-10
  2.5198E-10
  9.1394E-10
  1.0491E-09
  1.0947E-09
  1.6954E-09
  0.0000E+00
  1.3059E-09
  2.9857E-10
  1.9687E-09
  1.9128E-09
  1.9669E-09
  1.9435E-09
  7.1121E-09
  3.8033E-09
  2.5536E-08
  5.3657E-08
  8.0645E-07
  1.0120E-05
  1.6161E-06
  7.3313E-07
  2.1734E-07
  6.9459E-08
  7.8719E-08
  1.1381E-08
  2.9879E-09
  2.1183E-08
  1.2387E-08
  9.8543E-10
  7.7908E-09
  1.3939E-08
  2.7695E-10
  8.0354E-11
  2.2864E-10
  5.3290E-09
  6.6183E-09
  2.1411E-09
  0.0000E+00
  0.0000E+00
  4.4623E-09
  9.2376E-09
  2.2344E-09
  1.2713E-08
  7.8606E-09
  2.3046E-08
  2.1733E-08
  9.7838E-09
  0.0000E+00
  0.0000E+00
  0.0000E+00


# time = 277.34642
#  phi_x_Tpa
  0.0000E+00
  0.0000E+00
  3.7783E-11
  1.4128E-10
  0.0000E+00
  1.0150E-10
  0.0000E+00
  0.0000E+00
  3.2750E-11
  0.0000E+00
  3.4586E-10
  9.1763E-11
  0.0000E+00
  7.5338E-10
  3.4923E-10
  2.8834E-10
  4.4450E-10
  7.4430E-10
  5.0088E-10
  8.8051E-10
  6.3097E-10
  1.8179E-10
  2.7343E-10
  3.1113E-10
  4.7238E-10
  1.0402E-08
  1.4102E-08
  4.7256E-08
  5.2826E-08
  2.2992E-08
  3.6374E-07
  1.1861E-05
  2.2200E-06
  2.4460E-07
  7.0640E-09
  5.9387E-09
  3.6646E-09
  0.0000E+00
  5.4182E-10
  1.2640E-09
  8.2625E-11
  0.0000E+00
  1.7175E-10
  0.0000E+00
  0.0000E+00
  0.0000E+00
  0.0000E+00
  0.0000E+00
  0.0000E+00
  0.0000E+00
  0.0000E+00
  0.0000E+00
  0.0000E+00
  0.0000E+00
  5.6653E-11
  0.0000E+00
  0.0000E+00
  1.4713E-10
  0.0000E+00
  0.0000E+00
  0.0000E+00
  0.0000E+00
  0.0000E+00


# time = 277.34642
#  phi_x_Tpe
  6.5461E-06
  6.4437E-08
  3.8398E-09
  2.9753E-08
  3.6469E-09
  6.2825E-09
  2.8980E-08
  1.1985E-08
  7.0754E-09
  8.5396E-09
  5.6503E-09
  2.2858E-09
  1.4273E-10
  0.0000E+00
  0.0000E+00
  5.5382E-10
  0.0000E+00
  0.0000E+00
  0.0000E+00
  0.0000E+00
  0.0000E+00
  0.0000E+00
  0.0000E+00
  1.1656E-10
  0.0000E+00
  0.0000E+00
  0.0000E+00
  0.0000E+00
  3.2770E-10
  0.0000E+00
  0.0000E+00
  0.0000E+00
  0.0000E+00
  0.0000E+00
  0.0000E+00
  3.3174E-10
  0.0000E+00
  1.4833E-10
  0.0000E+00
  2.9417E-10
  0.0000E+00
  3.1272E-11
  9.9624E-11
  0.0000E+00
  7.2755E-10
  1.7609E-09
  1.2769E-09
  5.8736E-10
  9.4910E-10
  2.4281E-09
  2.8914E-09
  1.8026E-09
  4.2121E-09
  2.9637E-09
  0.0000E+00
  0.0000E+00
  2.5572E-09
  6.1506E-09
  2.3199E-08
  1.8191E-07
  3.1956E-07
  5.3558E-07
  4.3150E-06


# time = 277.34642
#  phi_x_n,t
  0.0000E+00
  3.1961E-11
  8.9444E-11
  1.8815E-11
  0.0000E+00
  2.8959E-11
  3.6780E-11
  2.3157E-11
  9.1128E-12
  0.0000E+00
  2.5485E-11
  0.0000E+00
  4.2526E-11
  0.0000E+00
  0.0000E+00
  1.1529E-11
  6.6912E-11
  0.0000E+00
  0.0000E+00
  0.0000E+00
  0.0000E+00
  0.0000E+00
  0.0000E+00
  0.0000E+00
  0.0000E+00
  0.0000E+00
  4.8651E-12
  1.8685E-11
  1.2148E-11
  0.0000E+00
  0.0000E+00
  0.0000E+00
  0.0000E+00
  6.3392E-11
  0.0000E+00
  1.5783E-10
  8.3950E-11
  1.8272E-10
  4.2060E-11
  3.2228E-10
  1.4451E-10
  5.2832E-11
  2.3776E-10
  2.6282E-10
  2.4682E-09
  1.1776E-09
  2.4089E-09
  1.0476E-08
  4.7991E-09
  7.7908E-06
  3.7348E-06
  2.4778E-06
  4.9677E-07
  2.1533E-07
  6.8157E-08
  1.1934E-07
  2.7013E-08
  4.0562E-08
  1.9923E-08
  1.8216E-08
  4.8925E-09
  0.0000E+00
  0.0000E+00


# time = 277.34642
#  phi_x_Tpa
  0.0000E+00
  0.0000E+00
  9.9404E-11
  0.0000E+00
  2.4676E-10
  2.0670E-10
  2.7256E-10
  2.8804E-10
  2.0549E-10
  2.9839E-10
  3.6165E-10
  1.3420E-10
  2.3831E-09
  2.1600E-09
  2.8063E-09
  6.4751E-09
  4.7501E-06
  4.3317E-06
  1.8220E-06
  2.0908E-06
  5.5687E-07
  1.9270E-07
  5.8200E-08
  8.7941E-08
  4.1731E-08
  4.4233E-08
  2.3317E-08
  2.4030E-08
  1.6903E-08
  1.6473E-09
  0.0000E+00
  0.0000E+00
  5.0348E-11
  1.0752E-10
  3.0930E-11
  2.9644E-11
  4.4322E-11
  0.0000E+00
  9.3410E-11
  0.0000E+00
  1.0093E-11
  3.9040E-11
  0.0000E+00
  6.5131E-11
  0.0000E+00
  0.0000E+00
  0.0000E+00
  7.7902E-11
  3.8376E-11
  0.0000E+00
  0.0000E+00
  0.0000E+00
  0.0000E+00
  0.0000E+00
  0.0000E+00
  0.0000E+00
  0.0000E+00
  0.0000E+00
  3.6680E-11
  1.9158E-11
  0.0000E+00
  0.0000E+00
  0.0000E+00


# time = 277.34642
#  phi_x_Tpe
  2.9201E-09
  2.8205E-11
  0.0000E+00
  0.0000E+00
  1.3383E-10
  3.7868E-11
  5.5061E-11
  6.8737E-11
  4.1206E-11
  2.9538E-11
  5.1936E-11
  0.0000E+00
  0.0000E+00
  4.5921E-11
  0.0000E+00
  1.4633E-11
  0.0000E+00
  0.0000E+00
  0.0000E+00
  0.0000E+00
  0.0000E+00
  0.0000E+00
  0.0000E+00
  0.0000E+00
  0.0000E+00
  1.2556E-11
  0.0000E+00
  3.1667E-12
  0.0000E+00
  8.5846E-12
  0.0000E+00
  1.9538E-12
  0.0000E+00
  2.2706E-11
  0.0000E+00
  8.7123E-12
  0.0000E+00
  2.9277E-11
  0.0000E+00
  0.0000E+00
  1.3073E-10
  1.4990E-10
  1.4027E-10
  1.9321E-10
  2.0073E-10
  1.9124E-10
  8.0578E-11
  2.6901E-09
  1.5618E-09
  3.2234E-09
  7.4685E-09
  1.0498E-08
  3.8769E-09
  4.7033E-08
  1.7976E-06
  1.0723E-05
  1.5420E-06
  2.8275E-07
  1.9843E-07
  6.7159E-08
  3.0093E-08
  3.2539E-08
  4.6680E-09
