# CREATED BY GENE DIAGNOSTICS TOOL on Wed May  7 16:06:37 2025 /home/unix/ottink/gene/diagnostics
# diag: phases, run(s): ky01275v0, time window: 228.16148-244.19156(1 steps), species: i
# original data path: /Differ/Data/IMT/lottink/RFP_nTEM/vgrid/
# normalization: L_ref=1.5m
#
# x axis
#  phase    
 -3.1416E+00
 -3.0403E+00
 -2.9389E+00
 -2.8376E+00
 -2.7362E+00
 -2.6349E+00
 -2.5335E+00
 -2.4322E+00
 -2.3309E+00
 -2.2295E+00
 -2.1282E+00
 -2.0268E+00
 -1.9255E+00
 -1.8242E+00
 -1.7228E+00
 -1.6215E+00
 -1.5201E+00
 -1.4188E+00
 -1.3174E+00
 -1.2161E+00
 -1.1148E+00
 -1.0134E+00
 -9.1208E-01
 -8.1073E-01
 -7.0939E-01
 -6.0805E-01
 -5.0671E-01
 -4.0537E-01
 -3.0402E-01
 -2.0268E-01
 -1.0134E-01
  0.0000E+00
  1.0134E-01
  2.0268E-01
  3.0403E-01
  4.0537E-01
  5.0671E-01
  6.0805E-01
  7.0939E-01
  8.1073E-01
  9.1208E-01
  1.0134E+00
  1.1148E+00
  1.2161E+00
  1.3174E+00
  1.4188E+00
  1.5201E+00
  1.6215E+00
  1.7228E+00
  1.8242E+00
  1.9255E+00
  2.0268E+00
  2.1282E+00
  2.2295E+00
  2.3309E+00
  2.4322E+00
  2.5335E+00
  2.6349E+00
  2.7362E+00
  2.8376E+00
  2.9389E+00
  3.0403E+00
  3.1416E+00


# y axis
#  ky       
  1.2750E-01


#  time[Lref
  2.4419E+02


# time = 244.19156
#  phi_x_n,p
  1.0506E-06
  0.0000E+00
  0.0000E+00
  0.0000E+00
  0.0000E+00
  0.0000E+00
  0.0000E+00
  0.0000E+00
  0.0000E+00
  0.0000E+00
  0.0000E+00
  0.0000E+00
  0.0000E+00
  0.0000E+00
  0.0000E+00
  0.0000E+00
  0.0000E+00
  0.0000E+00
  0.0000E+00
  0.0000E+00
  0.0000E+00
  0.0000E+00
  3.8325E-10
  0.0000E+00
  0.0000E+00
  1.3482E-09
  0.0000E+00
  1.1682E-09
  2.9644E-09
  3.1372E-09
  4.3863E-09
  5.0766E-09
  3.7657E-09
  4.7118E-09
  5.1665E-09
  1.9542E-09
  2.7176E-09
  3.1373E-09
  7.6059E-09
  3.8637E-09
  3.1778E-09
  5.5406E-09
  4.5839E-09
  5.6540E-09
  6.1432E-09
  4.3133E-09
  8.2967E-09
  7.1239E-09
  5.5177E-09
  7.5076E-09
  1.6412E-08
  3.4147E-08
  1.6878E-08
  3.9648E-08
  6.5992E-08
  6.6838E-08
  9.2449E-08
  1.6863E-07
  3.5960E-07
  2.5445E-07
  2.8551E-06
  8.0131E-06
  1.3050E-06


# time = 244.19156
#  phi_x_Tpa
  2.5189E-06
  1.8987E-07
  2.9997E-08
  1.9196E-08
  1.2581E-08
  8.7017E-09
  1.0900E-09
  7.3889E-09
  2.9108E-09
  4.5739E-09
  8.8786E-09
  2.2315E-09
  2.7733E-09
  2.8163E-09
  3.5206E-09
  3.4122E-09
  0.0000E+00
  5.8530E-11
  0.0000E+00
  0.0000E+00
  0.0000E+00
  6.8726E-11
  0.0000E+00
  0.0000E+00
  0.0000E+00
  0.0000E+00
  0.0000E+00
  0.0000E+00
  0.0000E+00
  0.0000E+00
  0.0000E+00
  0.0000E+00
  0.0000E+00
  0.0000E+00
  0.0000E+00
  0.0000E+00
  0.0000E+00
  0.0000E+00
  0.0000E+00
  0.0000E+00
  0.0000E+00
  0.0000E+00
  0.0000E+00
  0.0000E+00
  0.0000E+00
  0.0000E+00
  5.4026E-10
  2.6915E-10
  6.6073E-11
  1.7304E-09
  2.1831E-09
  4.2277E-10
  1.1050E-09
  3.6647E-09
  2.6124E-09
  5.4764E-09
  1.0402E-08
  3.0890E-08
  4.4014E-08
  3.0458E-07
  1.0592E-06
  1.0371E-05
  1.2605E-06


# time = 244.19156
#  phi_x_Tpe
  3.1432E-09
  7.4834E-09
  3.9794E-09
  8.9479E-09
  6.3776E-09
  5.6433E-09
  2.7968E-09
  3.3934E-09
  4.5764E-09
  7.9071E-09
  5.5616E-09
  4.2391E-09
  2.9500E-09
  6.4360E-09
  4.3346E-09
  6.8220E-09
  5.2267E-09
  1.5589E-08
  9.9062E-09
  3.5506E-08
  1.7186E-08
  4.1938E-08
  5.7712E-08
  3.9254E-08
  5.7036E-08
  1.0071E-07
  1.5799E-07
  1.9016E-07
  4.9150E-07
  5.6995E-06
  4.2824E-06
  1.9911E-06
  1.4543E-10
  0.0000E+00
  0.0000E+00
  0.0000E+00
  0.0000E+00
  0.0000E+00
  0.0000E+00
  0.0000E+00
  0.0000E+00
  0.0000E+00
  0.0000E+00
  0.0000E+00
  0.0000E+00
  0.0000E+00
  0.0000E+00
  0.0000E+00
  0.0000E+00
  0.0000E+00
  0.0000E+00
  0.0000E+00
  0.0000E+00
  7.7357E-10
  1.4779E-10
  0.0000E+00
  1.8643E-09
  5.4819E-09
  3.1421E-09
  4.6457E-09
  1.1025E-08
  4.5534E-09
  7.2006E-09


# time = 244.19156
#  phi_x_n,t
  0.0000E+00
  8.4887E-12
  0.0000E+00
  0.0000E+00
  4.1154E-12
  1.1084E-11
  1.3735E-11
  2.1001E-12
  5.1552E-12
  9.1146E-12
  0.0000E+00
  4.5729E-12
  0.0000E+00
  0.0000E+00
  1.2648E-11
  0.0000E+00
  0.0000E+00
  0.0000E+00
  2.9653E-12
  6.1183E-12
  0.0000E+00
  0.0000E+00
  5.1558E-11
  5.5814E-11
  0.0000E+00
  3.1048E-10
  4.8077E-11
  9.6839E-11
  8.9185E-10
  4.0995E-10
  7.9218E-10
  1.0071E-09
  1.9753E-09
  2.0450E-09
  1.4171E-09
  4.5482E-09
  8.0515E-09
  8.5282E-09
  1.1122E-06
  1.1299E-05
  1.8608E-06
  1.0195E-06
  3.1613E-07
  1.4416E-07
  3.7627E-08
  3.1960E-08
  1.7442E-08
  6.3481E-09
  8.1189E-09
  2.2034E-09
  4.1935E-09
  3.1978E-10
  6.0713E-10
  0.0000E+00
  0.0000E+00
  7.8165E-12
  7.0027E-12
  0.0000E+00
  0.0000E+00
  0.0000E+00
  0.0000E+00
  0.0000E+00
  0.0000E+00


# time = 244.19156
#  phi_x_Tpa
  2.6651E-09
  1.5695E-09
  2.3585E-09
  3.3465E-09
  3.9286E-09
  1.3215E-08
  2.0170E-08
  7.7850E-06
  4.6295E-06
  2.0083E-06
  5.3943E-07
  1.8865E-07
  9.4651E-08
  5.0605E-08
  2.2130E-08
  2.2461E-08
  7.0378E-09
  6.9072E-09
  3.2657E-09
  2.0464E-09
  1.0904E-09
  1.0684E-10
  0.0000E+00
  0.0000E+00
  9.7545E-12
  8.7410E-12
  0.0000E+00
  0.0000E+00
  0.0000E+00
  0.0000E+00
  0.0000E+00
  0.0000E+00
  0.0000E+00
  1.0588E-11
  0.0000E+00
  0.0000E+00
  1.8965E-11
  1.7141E-11
  2.6227E-12
  6.4332E-12
  1.1376E-11
  0.0000E+00
  5.7073E-12
  0.0000E+00
  0.0000E+00
  0.0000E+00
  1.5773E-11
  0.0000E+00
  0.0000E+00
  3.7028E-12
  7.6278E-12
  0.0000E+00
  0.0000E+00
  4.7324E-12
  6.1190E-11
  7.0583E-11
  0.0000E+00
  4.5783E-10
  1.2339E-10
  7.4042E-10
  5.8189E-10
  7.9913E-10
  1.0158E-09


# time = 244.19156
#  phi_x_Tpe
  1.6949E-08
  7.6379E-09
  1.5162E-08
  2.8442E-08
  4.1603E-08
  5.6405E-08
  8.6508E-08
  1.3649E-07
  1.1034E-07
  7.4554E-08
  7.8261E-08
  2.4734E-08
  8.0320E-08
  1.5300E-07
  5.0916E-08
  1.0713E-07
  6.6048E-08
  2.4410E-08
  1.8268E-08
  3.5398E-09
  1.1206E-07
  7.8666E-08
  1.0387E-07
  1.0414E-07
  2.0334E-08
  2.1919E-08
  2.1547E-08
  4.9782E-07
  2.6362E-07
  8.3458E-08
  1.4927E-06
  2.5351E-06
  6.2352E-06
  1.2177E-06
  6.0704E-07
  0.0000E+00
  0.0000E+00
  0.0000E+00
  0.0000E+00
  0.0000E+00
  0.0000E+00
  0.0000E+00
  0.0000E+00
  0.0000E+00
  0.0000E+00
  0.0000E+00
  0.0000E+00
  0.0000E+00
  0.0000E+00
  0.0000E+00
  0.0000E+00
  0.0000E+00
  0.0000E+00
  0.0000E+00
  0.0000E+00
  1.6427E-11
  9.7457E-10
  1.4314E-09
  3.3644E-09
  5.0022E-09
  1.0380E-08
  2.2595E-09
  3.5694E-09
