# CREATED BY GENE DIAGNOSTICS TOOL on Wed May  7 16:04:55 2025 /home/unix/ottink/gene/diagnostics
# diag: phases, run(s): ky03v4, time window: 128.69256-134.51656(1 steps), species: e
# original data path: /Differ/Data/IMT/lottink/Tokamak_nTEM/vgrid/
# normalization: L_ref=1.65m
#
# x axis
#  phase    
 -3.1416E+00
 -3.0403E+00
 -2.9389E+00
 -2.8376E+00
 -2.7362E+00
 -2.6349E+00
 -2.5335E+00
 -2.4322E+00
 -2.3309E+00
 -2.2295E+00
 -2.1282E+00
 -2.0268E+00
 -1.9255E+00
 -1.8242E+00
 -1.7228E+00
 -1.6215E+00
 -1.5201E+00
 -1.4188E+00
 -1.3174E+00
 -1.2161E+00
 -1.1148E+00
 -1.0134E+00
 -9.1208E-01
 -8.1073E-01
 -7.0939E-01
 -6.0805E-01
 -5.0671E-01
 -4.0537E-01
 -3.0402E-01
 -2.0268E-01
 -1.0134E-01
  0.0000E+00
  1.0134E-01
  2.0268E-01
  3.0403E-01
  4.0537E-01
  5.0671E-01
  6.0805E-01
  7.0939E-01
  8.1073E-01
  9.1208E-01
  1.0134E+00
  1.1148E+00
  1.2161E+00
  1.3174E+00
  1.4188E+00
  1.5201E+00
  1.6215E+00
  1.7228E+00
  1.8242E+00
  1.9255E+00
  2.0268E+00
  2.1282E+00
  2.2295E+00
  2.3309E+00
  2.4322E+00
  2.5335E+00
  2.6349E+00
  2.7362E+00
  2.8376E+00
  2.9389E+00
  3.0403E+00
  3.1416E+00


# y axis
#  ky       
  3.0000E-01


#  time[Lref
  1.3452E+02


# time = 134.51656
#  phi_x_n,p
  0.0000E+00
  0.0000E+00
  4.0459E-11
  0.0000E+00
  0.0000E+00
  0.0000E+00
  0.0000E+00
  0.0000E+00
  0.0000E+00
  0.0000E+00
  0.0000E+00
  0.0000E+00
  0.0000E+00
  0.0000E+00
  0.0000E+00
  0.0000E+00
  0.0000E+00
  0.0000E+00
  0.0000E+00
  0.0000E+00
  0.0000E+00
  0.0000E+00
  0.0000E+00
  0.0000E+00
  0.0000E+00
  0.0000E+00
  3.1534E-10
  2.5737E-10
  0.0000E+00
  2.4457E-09
  1.2198E-08
  4.5028E-07
  4.5450E-06
  2.0320E-06
  1.9839E-07
  4.3632E-08
  2.8153E-08
  2.4016E-07
  6.2559E-07
  2.7177E-07
  1.7594E-07
  1.1314E-07
  4.8648E-08
  8.8444E-08
  3.9569E-08
  3.4940E-08
  5.0402E-08
  1.4358E-08
  4.5284E-08
  4.0823E-08
  5.6062E-08
  5.7622E-08
  1.4034E-08
  0.0000E+00
  0.0000E+00
  0.0000E+00
  0.0000E+00
  0.0000E+00
  0.0000E+00
  0.0000E+00
  0.0000E+00
  0.0000E+00
  0.0000E+00


# time = 134.51656
#  phi_x_Tpa
  0.0000E+00
  0.0000E+00
  0.0000E+00
  0.0000E+00
  0.0000E+00
  0.0000E+00
  0.0000E+00
  0.0000E+00
  0.0000E+00
  0.0000E+00
  0.0000E+00
  2.1702E-11
  0.0000E+00
  2.3661E-09
  9.8335E-11
  5.6761E-09
  0.0000E+00
  0.0000E+00
  0.0000E+00
  0.0000E+00
  0.0000E+00
  1.3507E-09
  3.7768E-09
  0.0000E+00
  9.5209E-09
  9.3650E-09
  1.0668E-08
  2.3784E-08
  2.6043E-08
  6.3992E-08
  2.7104E-07
  1.2897E-06
  3.0319E-06
  2.7694E-06
  3.4545E-07
  9.0382E-08
  2.8603E-08
  5.6371E-07
  6.9671E-07
  2.8224E-07
  1.3989E-07
  1.1294E-07
  7.3749E-08
  6.1361E-08
  5.0819E-08
  3.4518E-08
  3.4959E-08
  1.8038E-08
  1.7659E-08
  0.0000E+00
  4.8283E-09
  0.0000E+00
  1.4870E-09
  0.0000E+00
  0.0000E+00
  0.0000E+00
  0.0000E+00
  1.1686E-09
  0.0000E+00
  0.0000E+00
  0.0000E+00
  0.0000E+00
  0.0000E+00


# time = 134.51656
#  phi_x_Tpe
  4.4039E-06
  4.0943E-06
  1.7083E-07
  1.9457E-08
  3.9534E-09
  8.5816E-09
  6.5780E-07
  5.9015E-07
  1.6045E-07
  6.8842E-08
  2.9444E-08
  0.0000E+00
  3.3686E-09
  3.6674E-09
  1.5915E-10
  1.7092E-09
  0.0000E+00
  0.0000E+00
  2.9928E-10
  6.7993E-10
  3.3879E-09
  7.1668E-10
  6.6409E-10
  0.0000E+00
  6.2402E-09
  3.1123E-10
  1.2048E-08
  4.2486E-09
  5.5147E-09
  0.0000E+00
  5.3502E-09
  3.2032E-09
  6.2589E-09
  1.4301E-09
  1.3932E-09
  0.0000E+00
  0.0000E+00
  0.0000E+00
  1.4137E-10
  1.3690E-09
  0.0000E+00
  8.6422E-10
  0.0000E+00
  1.1766E-09
  8.1533E-10
  0.0000E+00
  2.0197E-09
  1.0267E-09
  6.4668E-10
  1.1287E-08
  2.3891E-08
  1.6954E-08
  1.7194E-08
  1.3868E-08
  1.2643E-08
  6.7754E-10
  1.5144E-09
  0.0000E+00
  3.2941E-10
  1.3097E-09
  8.9490E-10
  1.6186E-08
  3.8812E-08


# time = 134.51656
#  phi_x_n,t
  0.0000E+00
  0.0000E+00
  0.0000E+00
  0.0000E+00
  0.0000E+00
  0.0000E+00
  0.0000E+00
  0.0000E+00
  0.0000E+00
  0.0000E+00
  0.0000E+00
  0.0000E+00
  0.0000E+00
  0.0000E+00
  0.0000E+00
  0.0000E+00
  0.0000E+00
  0.0000E+00
  0.0000E+00
  0.0000E+00
  0.0000E+00
  0.0000E+00
  0.0000E+00
  0.0000E+00
  0.0000E+00
  0.0000E+00
  0.0000E+00
  0.0000E+00
  0.0000E+00
  0.0000E+00
  0.0000E+00
  0.0000E+00
  0.0000E+00
  0.0000E+00
  0.0000E+00
  0.0000E+00
  0.0000E+00
  0.0000E+00
  0.0000E+00
  0.0000E+00
  0.0000E+00
  0.0000E+00
  0.0000E+00
  3.6267E-10
  5.2854E-10
  5.2026E-10
  3.1754E-10
  2.7440E-07
  4.9715E-06
  2.2201E-06
  1.2039E-06
  8.4184E-07
  5.2582E-07
  2.8784E-07
  6.1068E-08
  3.2285E-08
  0.0000E+00
  0.0000E+00
  0.0000E+00
  0.0000E+00
  0.0000E+00
  0.0000E+00
  0.0000E+00


# time = 134.51656
#  phi_x_Tpa
  0.0000E+00
  0.0000E+00
  0.0000E+00
  0.0000E+00
  0.0000E+00
  0.0000E+00
  0.0000E+00
  0.0000E+00
  0.0000E+00
  0.0000E+00
  0.0000E+00
  0.0000E+00
  4.4889E-10
  1.2980E-09
  3.9292E-10
  3.2281E-10
  3.8263E-06
  2.5235E-06
  1.5086E-06
  9.0104E-07
  7.8111E-07
  4.4471E-07
  1.7130E-07
  2.9062E-08
  2.6648E-08
  0.0000E+00
  0.0000E+00
  0.0000E+00
  0.0000E+00
  0.0000E+00
  0.0000E+00
  0.0000E+00
  0.0000E+00
  0.0000E+00
  0.0000E+00
  0.0000E+00
  0.0000E+00
  0.0000E+00
  0.0000E+00
  0.0000E+00
  0.0000E+00
  0.0000E+00
  0.0000E+00
  0.0000E+00
  0.0000E+00
  0.0000E+00
  0.0000E+00
  0.0000E+00
  0.0000E+00
  0.0000E+00
  0.0000E+00
  0.0000E+00
  0.0000E+00
  0.0000E+00
  0.0000E+00
  0.0000E+00
  0.0000E+00
  0.0000E+00
  0.0000E+00
  0.0000E+00
  0.0000E+00
  0.0000E+00
  0.0000E+00


# time = 134.51656
#  phi_x_Tpe
  0.0000E+00
  0.0000E+00
  0.0000E+00
  0.0000E+00
  0.0000E+00
  0.0000E+00
  0.0000E+00
  0.0000E+00
  0.0000E+00
  0.0000E+00
  0.0000E+00
  0.0000E+00
  0.0000E+00
  0.0000E+00
  0.0000E+00
  0.0000E+00
  0.0000E+00
  0.0000E+00
  0.0000E+00
  0.0000E+00
  0.0000E+00
  0.0000E+00
  0.0000E+00
  0.0000E+00
  0.0000E+00
  0.0000E+00
  0.0000E+00
  0.0000E+00
  0.0000E+00
  0.0000E+00
  0.0000E+00
  0.0000E+00
  0.0000E+00
  0.0000E+00
  0.0000E+00
  0.0000E+00
  0.0000E+00
  3.5874E-11
  0.0000E+00
  0.0000E+00
  0.0000E+00
  2.4391E-10
  5.3408E-10
  6.5322E-10
  1.8565E-10
  1.5360E-10
  6.8139E-10
  1.3964E-09
  1.3067E-09
  6.6898E-10
  6.0246E-10
  4.1915E-09
  4.8278E-09
  4.4489E-09
  8.2311E-09
  1.4867E-06
  3.7331E-06
  2.3211E-06
  1.7305E-06
  7.5169E-07
  7.2138E-08
  6.3710E-08
  0.0000E+00
