# CREATED BY GENE DIAGNOSTICS TOOL on Fri May 16 20:14:35 2025 /home/unix/ottink/gene/diagnostics
# diag: phases, run(s): none_ve0, time window: 146.87176-147.33976(1 steps), species: i
# original data path: /Differ/Data/IMT/lottink/Tokamak_nTEM/
# normalization: L_ref=1.65m
#
# x axis
#  phase    
 -3.1416E+00
 -3.0403E+00
 -2.9389E+00
 -2.8376E+00
 -2.7362E+00
 -2.6349E+00
 -2.5335E+00
 -2.4322E+00
 -2.3309E+00
 -2.2295E+00
 -2.1282E+00
 -2.0268E+00
 -1.9255E+00
 -1.8242E+00
 -1.7228E+00
 -1.6215E+00
 -1.5201E+00
 -1.4188E+00
 -1.3174E+00
 -1.2161E+00
 -1.1148E+00
 -1.0134E+00
 -9.1208E-01
 -8.1073E-01
 -7.0939E-01
 -6.0805E-01
 -5.0671E-01
 -4.0537E-01
 -3.0402E-01
 -2.0268E-01
 -1.0134E-01
  0.0000E+00
  1.0134E-01
  2.0268E-01
  3.0403E-01
  4.0537E-01
  5.0671E-01
  6.0805E-01
  7.0939E-01
  8.1073E-01
  9.1208E-01
  1.0134E+00
  1.1148E+00
  1.2161E+00
  1.3174E+00
  1.4188E+00
  1.5201E+00
  1.6215E+00
  1.7228E+00
  1.8242E+00
  1.9255E+00
  2.0268E+00
  2.1282E+00
  2.2295E+00
  2.3309E+00
  2.4322E+00
  2.5335E+00
  2.6349E+00
  2.7362E+00
  2.8376E+00
  2.9389E+00
  3.0403E+00
  3.1416E+00


# y axis
#  ky       
  3.0000E-01


#  time[Lref
  1.4734E+02


# time = 147.33976
#  phi_x_n,p
  0.0000E+00
  0.0000E+00
  0.0000E+00
  0.0000E+00
  0.0000E+00
  0.0000E+00
  0.0000E+00
  0.0000E+00
  0.0000E+00
  0.0000E+00
  0.0000E+00
  0.0000E+00
  0.0000E+00
  0.0000E+00
  0.0000E+00
  0.0000E+00
  0.0000E+00
  0.0000E+00
  0.0000E+00
  0.0000E+00
  0.0000E+00
  0.0000E+00
  0.0000E+00
  0.0000E+00
  0.0000E+00
  0.0000E+00
  5.7599E-11
  0.0000E+00
  0.0000E+00
  0.0000E+00
  2.6441E-10
  4.0420E-10
  7.0711E-09
  7.8705E-09
  2.3845E-08
  5.1666E-08
  9.3840E-08
  1.3052E-07
  1.6189E-07
  4.6102E-07
  2.0344E-06
  4.2008E-06
  5.2374E-07
  6.7546E-07
  2.1772E-07
  1.5155E-07
  8.8331E-08
  4.4964E-08
  5.0428E-08
  0.0000E+00
  0.0000E+00
  0.0000E+00
  0.0000E+00
  0.0000E+00
  0.0000E+00
  0.0000E+00
  0.0000E+00
  0.0000E+00
  0.0000E+00
  0.0000E+00
  0.0000E+00
  0.0000E+00
  0.0000E+00


# time = 147.33976
#  phi_x_Tpa
  5.5208E-10
  0.0000E+00
  0.0000E+00
  7.3384E-09
  0.0000E+00
  2.5149E-09
  0.0000E+00
  0.0000E+00
  4.9515E-09
  3.4075E-09
  2.4040E-09
  3.8407E-09
  0.0000E+00
  0.0000E+00
  1.0545E-08
  0.0000E+00
  8.8698E-09
  9.1121E-09
  2.9317E-08
  1.5640E-08
  8.1745E-09
  3.6303E-08
  5.0517E-08
  4.2844E-08
  4.8644E-08
  6.0129E-08
  8.1927E-08
  6.2077E-08
  5.6320E-08
  1.4605E-07
  7.7264E-08
  1.9190E-07
  1.1885E-07
  3.5973E-07
  6.1514E-07
  5.6813E-07
  1.9736E-06
  3.4227E-06
  4.4687E-07
  7.6581E-07
  3.9994E-08
  2.8158E-08
  1.6371E-08
  1.6548E-08
  1.1658E-08
  1.5252E-08
  0.0000E+00
  0.0000E+00
  0.0000E+00
  0.0000E+00
  1.6785E-09
  2.7405E-08
  0.0000E+00
  5.9235E-09
  5.6866E-09
  0.0000E+00
  7.4365E-09
  1.4597E-09
  1.0742E-08
  0.0000E+00
  3.5852E-09
  0.0000E+00
  2.4875E-09


# time = 147.33976
#  phi_x_Tpe
  2.5519E-09
  3.0708E-09
  1.2277E-08
  1.8671E-08
  2.3317E-08
  3.5873E-08
  3.8228E-08
  5.2485E-08
  9.0374E-08
  1.1473E-07
  3.2995E-07
  5.6754E-06
  1.6482E-06
  6.4216E-07
  3.7207E-07
  2.1523E-07
  4.3116E-08
  6.5366E-08
  2.6544E-10
  0.0000E+00
  0.0000E+00
  0.0000E+00
  0.0000E+00
  0.0000E+00
  0.0000E+00
  0.0000E+00
  0.0000E+00
  0.0000E+00
  0.0000E+00
  0.0000E+00
  0.0000E+00
  0.0000E+00
  0.0000E+00
  0.0000E+00
  0.0000E+00
  0.0000E+00
  0.0000E+00
  0.0000E+00
  0.0000E+00
  0.0000E+00
  0.0000E+00
  0.0000E+00
  0.0000E+00
  0.0000E+00
  0.0000E+00
  0.0000E+00
  0.0000E+00
  0.0000E+00
  0.0000E+00
  0.0000E+00
  0.0000E+00
  0.0000E+00
  0.0000E+00
  0.0000E+00
  0.0000E+00
  0.0000E+00
  0.0000E+00
  0.0000E+00
  0.0000E+00
  0.0000E+00
  2.8268E-11
  0.0000E+00
  0.0000E+00


# time = 147.33976
#  phi_x_n,t
  0.0000E+00
  0.0000E+00
  0.0000E+00
  0.0000E+00
  0.0000E+00
  0.0000E+00
  0.0000E+00
  0.0000E+00
  0.0000E+00
  0.0000E+00
  0.0000E+00
  0.0000E+00
  0.0000E+00
  0.0000E+00
  0.0000E+00
  0.0000E+00
  0.0000E+00
  0.0000E+00
  0.0000E+00
  0.0000E+00
  0.0000E+00
  0.0000E+00
  0.0000E+00
  0.0000E+00
  0.0000E+00
  0.0000E+00
  0.0000E+00
  0.0000E+00
  0.0000E+00
  0.0000E+00
  0.0000E+00
  0.0000E+00
  0.0000E+00
  0.0000E+00
  0.0000E+00
  0.0000E+00
  3.4822E-11
  3.9142E-10
  4.8428E-08
  7.5421E-07
  4.3654E-06
  3.7732E-06
  9.6990E-07
  7.6271E-07
  5.4166E-08
  4.1118E-08
  4.3539E-09
  3.2995E-09
  1.4632E-08
  2.5255E-09
  0.0000E+00
  7.8761E-10
  2.5922E-09
  5.8374E-10
  0.0000E+00
  0.0000E+00
  0.0000E+00
  0.0000E+00
  0.0000E+00
  0.0000E+00
  0.0000E+00
  0.0000E+00
  0.0000E+00


# time = 147.33976
#  phi_x_Tpa
  0.0000E+00
  0.0000E+00
  0.0000E+00
  0.0000E+00
  0.0000E+00
  4.3568E-11
  1.1735E-08
  6.7542E-08
  8.2320E-07
  4.2226E-06
  3.6641E-06
  9.4017E-07
  7.9308E-07
  1.7856E-08
  4.7549E-08
  0.0000E+00
  9.9735E-09
  1.1884E-08
  3.1341E-09
  9.8658E-10
  3.2188E-09
  0.0000E+00
  7.3108E-10
  0.0000E+00
  0.0000E+00
  0.0000E+00
  0.0000E+00
  0.0000E+00
  0.0000E+00
  0.0000E+00
  0.0000E+00
  0.0000E+00
  0.0000E+00
  0.0000E+00
  0.0000E+00
  0.0000E+00
  0.0000E+00
  0.0000E+00
  0.0000E+00
  0.0000E+00
  0.0000E+00
  0.0000E+00
  0.0000E+00
  0.0000E+00
  0.0000E+00
  0.0000E+00
  0.0000E+00
  0.0000E+00
  0.0000E+00
  0.0000E+00
  0.0000E+00
  0.0000E+00
  0.0000E+00
  0.0000E+00
  0.0000E+00
  0.0000E+00
  0.0000E+00
  0.0000E+00
  0.0000E+00
  0.0000E+00
  0.0000E+00
  0.0000E+00
  0.0000E+00


# time = 147.33976
#  phi_x_Tpe
  0.0000E+00
  0.0000E+00
  0.0000E+00
  0.0000E+00
  0.0000E+00
  0.0000E+00
  0.0000E+00
  0.0000E+00
  0.0000E+00
  0.0000E+00
  0.0000E+00
  0.0000E+00
  0.0000E+00
  0.0000E+00
  0.0000E+00
  0.0000E+00
  0.0000E+00
  0.0000E+00
  0.0000E+00
  0.0000E+00
  0.0000E+00
  0.0000E+00
  0.0000E+00
  0.0000E+00
  0.0000E+00
  0.0000E+00
  1.3879E-08
  4.6788E-07
  8.5180E-07
  6.7183E-07
  7.2800E-07
  1.1815E-06
  1.3196E-06
  1.9196E-06
  2.7428E-06
  4.1113E-07
  5.8593E-07
  8.3803E-09
  5.6441E-09
  7.7887E-10
  5.4495E-09
  8.8110E-09
  1.5215E-09
  5.8494E-10
  4.2420E-09
  2.0489E-09
  1.2440E-09
  2.4415E-09
  3.4407E-10
  7.3194E-10
  0.0000E+00
  1.5211E-09
  6.4649E-10
  9.6880E-10
  1.6856E-09
  8.0284E-10
  7.8280E-10
  0.0000E+00
  5.2340E-10
  0.0000E+00
  0.0000E+00
  0.0000E+00
  0.0000E+00
