# CREATED BY GENE DIAGNOSTICS TOOL on Fri May 16 20:14:36 2025 /home/unix/ottink/gene/diagnostics
# diag: phases, run(s): none_ve0, time window: 146.87176-147.33976(1 steps), species: e
# original data path: /Differ/Data/IMT/lottink/Tokamak_nTEM/
# normalization: L_ref=1.65m
#
# x axis
#  phase    
 -3.1416E+00
 -3.0403E+00
 -2.9389E+00
 -2.8376E+00
 -2.7362E+00
 -2.6349E+00
 -2.5335E+00
 -2.4322E+00
 -2.3309E+00
 -2.2295E+00
 -2.1282E+00
 -2.0268E+00
 -1.9255E+00
 -1.8242E+00
 -1.7228E+00
 -1.6215E+00
 -1.5201E+00
 -1.4188E+00
 -1.3174E+00
 -1.2161E+00
 -1.1148E+00
 -1.0134E+00
 -9.1208E-01
 -8.1073E-01
 -7.0939E-01
 -6.0805E-01
 -5.0671E-01
 -4.0537E-01
 -3.0402E-01
 -2.0268E-01
 -1.0134E-01
  0.0000E+00
  1.0134E-01
  2.0268E-01
  3.0403E-01
  4.0537E-01
  5.0671E-01
  6.0805E-01
  7.0939E-01
  8.1073E-01
  9.1208E-01
  1.0134E+00
  1.1148E+00
  1.2161E+00
  1.3174E+00
  1.4188E+00
  1.5201E+00
  1.6215E+00
  1.7228E+00
  1.8242E+00
  1.9255E+00
  2.0268E+00
  2.1282E+00
  2.2295E+00
  2.3309E+00
  2.4322E+00
  2.5335E+00
  2.6349E+00
  2.7362E+00
  2.8376E+00
  2.9389E+00
  3.0403E+00
  3.1416E+00


# y axis
#  ky       
  3.0000E-01


#  time[Lref
  1.4734E+02


# time = 147.33976
#  phi_x_n,p
  0.0000E+00
  0.0000E+00
  0.0000E+00
  0.0000E+00
  0.0000E+00
  0.0000E+00
  0.0000E+00
  0.0000E+00
  0.0000E+00
  4.6034E-11
  0.0000E+00
  0.0000E+00
  0.0000E+00
  0.0000E+00
  0.0000E+00
  0.0000E+00
  0.0000E+00
  0.0000E+00
  0.0000E+00
  0.0000E+00
  0.0000E+00
  0.0000E+00
  0.0000E+00
  0.0000E+00
  0.0000E+00
  0.0000E+00
  2.7572E-10
  3.1193E-10
  0.0000E+00
  2.4599E-09
  1.0458E-08
  4.5189E-07
  4.5464E-06
  2.0376E-06
  1.9176E-07
  4.4806E-08
  2.9555E-08
  2.8501E-07
  5.7854E-07
  3.1170E-07
  1.3754E-07
  1.1445E-07
  4.9443E-08
  6.8232E-08
  6.0539E-08
  3.3611E-08
  5.0351E-08
  0.0000E+00
  5.9368E-08
  4.1001E-08
  4.2555E-08
  5.6234E-08
  2.8270E-08
  0.0000E+00
  0.0000E+00
  0.0000E+00
  0.0000E+00
  0.0000E+00
  0.0000E+00
  0.0000E+00
  0.0000E+00
  0.0000E+00
  0.0000E+00


# time = 147.33976
#  phi_x_Tpa
  0.0000E+00
  0.0000E+00
  0.0000E+00
  0.0000E+00
  0.0000E+00
  0.0000E+00
  0.0000E+00
  0.0000E+00
  0.0000E+00
  0.0000E+00
  0.0000E+00
  0.0000E+00
  0.0000E+00
  1.1534E-10
  2.2887E-09
  4.3591E-09
  1.3072E-09
  0.0000E+00
  0.0000E+00
  0.0000E+00
  2.3382E-10
  6.9996E-10
  5.4524E-10
  6.7461E-09
  4.5212E-09
  1.1086E-08
  1.0482E-08
  2.3729E-08
  3.1433E-08
  5.9898E-08
  2.3928E-07
  1.2609E-06
  3.0311E-06
  2.8314E-06
  3.6788E-07
  6.7947E-08
  2.9100E-08
  4.4929E-07
  7.6763E-07
  3.2599E-07
  1.4025E-07
  1.1319E-07
  7.3543E-08
  6.0620E-08
  6.0494E-08
  2.5358E-08
  2.3324E-08
  2.4080E-08
  2.5575E-08
  2.1323E-09
  0.0000E+00
  0.0000E+00
  0.0000E+00
  0.0000E+00
  1.5545E-09
  0.0000E+00
  0.0000E+00
  0.0000E+00
  1.3752E-09
  0.0000E+00
  0.0000E+00
  0.0000E+00
  0.0000E+00


# time = 147.33976
#  phi_x_Tpe
  4.3476E-06
  4.1161E-06
  1.9888E-07
  1.9987E-08
  3.8824E-09
  8.7207E-09
  6.5802E-07
  5.9036E-07
  1.3871E-07
  9.0639E-08
  2.8729E-08
  5.3181E-10
  3.0989E-09
  3.5874E-09
  1.2400E-09
  7.5444E-10
  0.0000E+00
  0.0000E+00
  3.0851E-10
  0.0000E+00
  4.1102E-09
  1.2816E-09
  0.0000E+00
  1.0951E-09
  5.2391E-09
  6.5670E-10
  1.1674E-08
  4.3119E-09
  5.4206E-09
  0.0000E+00
  5.1289E-09
  3.2870E-09
  4.6190E-09
  3.0752E-09
  1.3862E-09
  0.0000E+00
  0.0000E+00
  0.0000E+00
  0.0000E+00
  1.6471E-09
  0.0000E+00
  8.4575E-10
  0.0000E+00
  1.0984E-09
  8.3947E-10
  2.1346E-09
  1.0531E-09
  0.0000E+00
  6.4316E-10
  1.1390E-08
  1.6905E-08
  2.3879E-08
  1.6825E-08
  8.4647E-09
  1.8300E-08
  6.8883E-10
  6.6718E-10
  8.7265E-10
  3.2188E-10
  2.1487E-09
  2.9115E-09
  1.4770E-08
  4.5093E-08


# time = 147.33976
#  phi_x_n,t
  0.0000E+00
  0.0000E+00
  0.0000E+00
  0.0000E+00
  0.0000E+00
  0.0000E+00
  0.0000E+00
  0.0000E+00
  0.0000E+00
  0.0000E+00
  0.0000E+00
  0.0000E+00
  0.0000E+00
  0.0000E+00
  0.0000E+00
  0.0000E+00
  0.0000E+00
  0.0000E+00
  0.0000E+00
  0.0000E+00
  0.0000E+00
  0.0000E+00
  0.0000E+00
  0.0000E+00
  0.0000E+00
  0.0000E+00
  0.0000E+00
  0.0000E+00
  0.0000E+00
  0.0000E+00
  0.0000E+00
  0.0000E+00
  0.0000E+00
  0.0000E+00
  0.0000E+00
  0.0000E+00
  0.0000E+00
  0.0000E+00
  0.0000E+00
  0.0000E+00
  0.0000E+00
  0.0000E+00
  0.0000E+00
  2.0444E-10
  6.9623E-10
  5.0319E-10
  3.3653E-10
  2.7424E-07
  4.9718E-06
  2.2607E-06
  1.1571E-06
  9.2511E-07
  4.2442E-07
  2.9877E-07
  7.2452E-08
  2.8469E-08
  6.6446E-09
  0.0000E+00
  0.0000E+00
  0.0000E+00
  0.0000E+00
  0.0000E+00
  0.0000E+00


# time = 147.33976
#  phi_x_Tpa
  0.0000E+00
  0.0000E+00
  0.0000E+00
  0.0000E+00
  0.0000E+00
  0.0000E+00
  0.0000E+00
  0.0000E+00
  0.0000E+00
  0.0000E+00
  0.0000E+00
  0.0000E+00
  4.4830E-10
  1.2891E-09
  4.1639E-10
  2.9765E-10
  3.8777E-06
  2.3446E-06
  1.7068E-06
  7.6645E-07
  7.4992E-07
  5.6667E-07
  1.3160E-07
  5.0964E-08
  1.8167E-08
  1.1735E-10
  0.0000E+00
  0.0000E+00
  0.0000E+00
  0.0000E+00
  0.0000E+00
  0.0000E+00
  0.0000E+00
  0.0000E+00
  0.0000E+00
  0.0000E+00
  0.0000E+00
  0.0000E+00
  0.0000E+00
  0.0000E+00
  0.0000E+00
  0.0000E+00
  0.0000E+00
  0.0000E+00
  0.0000E+00
  0.0000E+00
  0.0000E+00
  0.0000E+00
  0.0000E+00
  0.0000E+00
  0.0000E+00
  0.0000E+00
  0.0000E+00
  0.0000E+00
  0.0000E+00
  0.0000E+00
  0.0000E+00
  0.0000E+00
  0.0000E+00
  0.0000E+00
  0.0000E+00
  0.0000E+00
  0.0000E+00


# time = 147.33976
#  phi_x_Tpe
  0.0000E+00
  0.0000E+00
  0.0000E+00
  0.0000E+00
  0.0000E+00
  0.0000E+00
  0.0000E+00
  0.0000E+00
  0.0000E+00
  0.0000E+00
  0.0000E+00
  0.0000E+00
  0.0000E+00
  0.0000E+00
  0.0000E+00
  0.0000E+00
  0.0000E+00
  0.0000E+00
  0.0000E+00
  0.0000E+00
  0.0000E+00
  0.0000E+00
  0.0000E+00
  0.0000E+00
  0.0000E+00
  0.0000E+00
  0.0000E+00
  0.0000E+00
  0.0000E+00
  0.0000E+00
  0.0000E+00
  0.0000E+00
  0.0000E+00
  0.0000E+00
  0.0000E+00
  0.0000E+00
  3.5375E-11
  0.0000E+00
  0.0000E+00
  0.0000E+00
  0.0000E+00
  2.3734E-10
  5.4470E-10
  6.5779E-10
  1.9004E-10
  1.3751E-10
  3.8091E-10
  1.6450E-09
  1.3431E-09
  7.2820E-10
  1.1789E-09
  3.5773E-09
  4.9459E-09
  6.5601E-09
  4.1383E-09
  1.5425E-06
  3.6252E-06
  2.4116E-06
  1.7634E-06
  6.6011E-07
  9.5498E-08
  6.3401E-08
  1.0196E-10
