# CREATED BY GENE DIAGNOSTICS TOOL on Wed May  7 16:04:31 2025 /home/unix/ottink/gene/diagnostics
# diag: phases, run(s): ky03v0, time window: 115.31816-121.84936(1 steps), species: i
# original data path: /Differ/Data/IMT/lottink/Tokamak_nTEM/vgrid/
# normalization: L_ref=1.65m
#
# x axis
#  phase    
 -3.1416E+00
 -3.0403E+00
 -2.9389E+00
 -2.8376E+00
 -2.7362E+00
 -2.6349E+00
 -2.5335E+00
 -2.4322E+00
 -2.3309E+00
 -2.2295E+00
 -2.1282E+00
 -2.0268E+00
 -1.9255E+00
 -1.8242E+00
 -1.7228E+00
 -1.6215E+00
 -1.5201E+00
 -1.4188E+00
 -1.3174E+00
 -1.2161E+00
 -1.1148E+00
 -1.0134E+00
 -9.1208E-01
 -8.1073E-01
 -7.0939E-01
 -6.0805E-01
 -5.0671E-01
 -4.0537E-01
 -3.0402E-01
 -2.0268E-01
 -1.0134E-01
  0.0000E+00
  1.0134E-01
  2.0268E-01
  3.0403E-01
  4.0537E-01
  5.0671E-01
  6.0805E-01
  7.0939E-01
  8.1073E-01
  9.1208E-01
  1.0134E+00
  1.1148E+00
  1.2161E+00
  1.3174E+00
  1.4188E+00
  1.5201E+00
  1.6215E+00
  1.7228E+00
  1.8242E+00
  1.9255E+00
  2.0268E+00
  2.1282E+00
  2.2295E+00
  2.3309E+00
  2.4322E+00
  2.5335E+00
  2.6349E+00
  2.7362E+00
  2.8376E+00
  2.9389E+00
  3.0403E+00
  3.1416E+00


# y axis
#  ky       
  3.0000E-01


#  time[Lref
  1.2185E+02


# time = 121.84936
#  phi_x_n,p
  0.0000E+00
  0.0000E+00
  0.0000E+00
  0.0000E+00
  0.0000E+00
  0.0000E+00
  0.0000E+00
  0.0000E+00
  0.0000E+00
  0.0000E+00
  0.0000E+00
  0.0000E+00
  0.0000E+00
  0.0000E+00
  0.0000E+00
  0.0000E+00
  0.0000E+00
  0.0000E+00
  0.0000E+00
  0.0000E+00
  0.0000E+00
  0.0000E+00
  0.0000E+00
  0.0000E+00
  0.0000E+00
  0.0000E+00
  9.0124E-11
  0.0000E+00
  2.3857E-10
  0.0000E+00
  0.0000E+00
  9.3844E-10
  4.8907E-10
  1.4326E-08
  1.9232E-08
  3.3787E-08
  7.7781E-08
  1.2654E-07
  1.6405E-07
  4.1098E-07
  1.6141E-06
  4.6374E-06
  3.6585E-07
  8.9896E-07
  1.9475E-07
  1.6303E-07
  8.5026E-08
  5.9516E-08
  2.9005E-08
  2.3808E-08
  0.0000E+00
  0.0000E+00
  0.0000E+00
  0.0000E+00
  0.0000E+00
  0.0000E+00
  0.0000E+00
  0.0000E+00
  0.0000E+00
  0.0000E+00
  0.0000E+00
  0.0000E+00
  0.0000E+00


# time = 121.84936
#  phi_x_Tpa
  0.0000E+00
  5.4970E-10
  0.0000E+00
  7.5625E-09
  0.0000E+00
  2.4871E-09
  0.0000E+00
  0.0000E+00
  4.8638E-09
  3.4904E-09
  0.0000E+00
  2.1283E-09
  3.6644E-09
  3.6356E-10
  9.8692E-09
  0.0000E+00
  4.9283E-09
  5.1673E-09
  1.5909E-08
  2.6546E-08
  1.2769E-08
  2.9006E-08
  2.5161E-08
  5.7168E-08
  3.9250E-08
  6.2308E-08
  5.9184E-08
  1.1365E-07
  2.4674E-08
  1.4892E-07
  6.0806E-08
  2.0801E-07
  1.6569E-07
  3.0336E-07
  5.4890E-07
  6.8728E-07
  1.6774E-06
  3.4856E-06
  4.9002E-07
  8.9084E-07
  9.9098E-08
  1.8692E-08
  1.7955E-08
  1.5883E-08
  1.9909E-08
  6.9804E-09
  0.0000E+00
  8.8120E-09
  0.0000E+00
  0.0000E+00
  1.8001E-09
  2.9549E-09
  2.6518E-08
  5.2968E-09
  5.6015E-09
  0.0000E+00
  7.6510E-09
  1.4082E-09
  1.0584E-08
  0.0000E+00
  3.6649E-09
  3.3934E-10
  2.5203E-09


# time = 121.84936
#  phi_x_Tpe
  2.4939E-09
  3.5136E-09
  6.4142E-09
  1.7288E-08
  2.1783E-08
  3.9074E-08
  4.0731E-08
  4.7461E-08
  9.8605E-08
  9.8585E-08
  2.6736E-07
  4.8758E-06
  2.3002E-06
  8.4919E-07
  3.2896E-07
  2.6007E-07
  6.3715E-08
  6.7591E-08
  0.0000E+00
  0.0000E+00
  2.4079E-10
  0.0000E+00
  0.0000E+00
  0.0000E+00
  0.0000E+00
  0.0000E+00
  0.0000E+00
  0.0000E+00
  0.0000E+00
  0.0000E+00
  0.0000E+00
  0.0000E+00
  0.0000E+00
  0.0000E+00
  0.0000E+00
  0.0000E+00
  0.0000E+00
  0.0000E+00
  0.0000E+00
  0.0000E+00
  0.0000E+00
  0.0000E+00
  0.0000E+00
  0.0000E+00
  0.0000E+00
  0.0000E+00
  0.0000E+00
  0.0000E+00
  0.0000E+00
  0.0000E+00
  0.0000E+00
  0.0000E+00
  0.0000E+00
  0.0000E+00
  0.0000E+00
  0.0000E+00
  0.0000E+00
  4.8906E-11
  0.0000E+00
  0.0000E+00
  0.0000E+00
  0.0000E+00
  0.0000E+00


# time = 121.84936
#  phi_x_n,t
  0.0000E+00
  0.0000E+00
  0.0000E+00
  0.0000E+00
  0.0000E+00
  0.0000E+00
  0.0000E+00
  0.0000E+00
  0.0000E+00
  0.0000E+00
  0.0000E+00
  0.0000E+00
  0.0000E+00
  0.0000E+00
  0.0000E+00
  0.0000E+00
  0.0000E+00
  0.0000E+00
  0.0000E+00
  0.0000E+00
  0.0000E+00
  0.0000E+00
  0.0000E+00
  0.0000E+00
  0.0000E+00
  0.0000E+00
  0.0000E+00
  0.0000E+00
  0.0000E+00
  0.0000E+00
  0.0000E+00
  0.0000E+00
  0.0000E+00
  0.0000E+00
  0.0000E+00
  0.0000E+00
  3.2915E-11
  2.9386E-10
  2.6854E-08
  5.7110E-07
  3.6952E-06
  4.6215E-06
  5.0764E-07
  1.2085E-06
  8.9981E-08
  3.0773E-08
  1.5005E-08
  4.2220E-09
  1.2084E-08
  4.2560E-09
  8.1759E-10
  3.0802E-09
  6.6239E-10
  5.2859E-10
  0.0000E+00
  0.0000E+00
  0.0000E+00
  0.0000E+00
  0.0000E+00
  0.0000E+00
  0.0000E+00
  0.0000E+00
  0.0000E+00


# time = 121.84936
#  phi_x_Tpa
  0.0000E+00
  0.0000E+00
  0.0000E+00
  0.0000E+00
  4.1230E-11
  0.0000E+00
  7.8194E-09
  6.8662E-08
  6.7224E-07
  3.2911E-06
  4.7201E-06
  5.5391E-07
  1.1335E-06
  7.9439E-08
  4.3824E-08
  9.3818E-09
  1.6357E-08
  6.3190E-09
  3.4572E-09
  0.0000E+00
  4.6601E-09
  0.0000E+00
  6.6282E-10
  0.0000E+00
  0.0000E+00
  0.0000E+00
  0.0000E+00
  0.0000E+00
  0.0000E+00
  0.0000E+00
  0.0000E+00
  0.0000E+00
  0.0000E+00
  0.0000E+00
  0.0000E+00
  0.0000E+00
  0.0000E+00
  0.0000E+00
  0.0000E+00
  0.0000E+00
  0.0000E+00
  0.0000E+00
  0.0000E+00
  0.0000E+00
  0.0000E+00
  0.0000E+00
  0.0000E+00
  0.0000E+00
  0.0000E+00
  0.0000E+00
  0.0000E+00
  0.0000E+00
  0.0000E+00
  0.0000E+00
  0.0000E+00
  0.0000E+00
  0.0000E+00
  0.0000E+00
  0.0000E+00
  0.0000E+00
  0.0000E+00
  0.0000E+00
  0.0000E+00


# time = 121.84936
#  phi_x_Tpe
  0.0000E+00
  0.0000E+00
  0.0000E+00
  0.0000E+00
  0.0000E+00
  0.0000E+00
  0.0000E+00
  0.0000E+00
  0.0000E+00
  0.0000E+00
  0.0000E+00
  0.0000E+00
  0.0000E+00
  0.0000E+00
  0.0000E+00
  0.0000E+00
  0.0000E+00
  0.0000E+00
  0.0000E+00
  0.0000E+00
  0.0000E+00
  0.0000E+00
  0.0000E+00
  0.0000E+00
  0.0000E+00
  0.0000E+00
  2.5837E-08
  2.1962E-07
  7.1537E-07
  8.6979E-07
  6.5633E-07
  1.2261E-06
  1.3955E-06
  1.5283E-06
  2.8807E-06
  7.8326E-07
  5.0850E-07
  8.6328E-08
  7.9154E-09
  5.2045E-09
  1.0100E-09
  6.8860E-09
  4.7860E-09
  5.9246E-10
  0.0000E+00
  6.6174E-09
  3.5307E-09
  0.0000E+00
  3.2395E-10
  6.9918E-10
  1.5786E-09
  0.0000E+00
  5.8826E-10
  1.1983E-09
  1.8178E-09
  8.7215E-10
  7.3574E-10
  0.0000E+00
  4.6165E-10
  0.0000E+00
  0.0000E+00
  0.0000E+00
  0.0000E+00
