# CREATED BY GENE DIAGNOSTICS TOOL on Wed May  7 16:07:12 2025 /home/unix/ottink/gene/diagnostics
# diag: phases, run(s): ky01275v4, time window: 254.12701-261.75363(1 steps), species: i
# original data path: /Differ/Data/IMT/lottink/RFP_nTEM/vgrid/
# normalization: L_ref=1.5m
#
# x axis
#  phase    
 -3.1416E+00
 -3.0403E+00
 -2.9389E+00
 -2.8376E+00
 -2.7362E+00
 -2.6349E+00
 -2.5335E+00
 -2.4322E+00
 -2.3309E+00
 -2.2295E+00
 -2.1282E+00
 -2.0268E+00
 -1.9255E+00
 -1.8242E+00
 -1.7228E+00
 -1.6215E+00
 -1.5201E+00
 -1.4188E+00
 -1.3174E+00
 -1.2161E+00
 -1.1148E+00
 -1.0134E+00
 -9.1208E-01
 -8.1073E-01
 -7.0939E-01
 -6.0805E-01
 -5.0671E-01
 -4.0537E-01
 -3.0402E-01
 -2.0268E-01
 -1.0134E-01
  0.0000E+00
  1.0134E-01
  2.0268E-01
  3.0403E-01
  4.0537E-01
  5.0671E-01
  6.0805E-01
  7.0939E-01
  8.1073E-01
  9.1208E-01
  1.0134E+00
  1.1148E+00
  1.2161E+00
  1.3174E+00
  1.4188E+00
  1.5201E+00
  1.6215E+00
  1.7228E+00
  1.8242E+00
  1.9255E+00
  2.0268E+00
  2.1282E+00
  2.2295E+00
  2.3309E+00
  2.4322E+00
  2.5335E+00
  2.6349E+00
  2.7362E+00
  2.8376E+00
  2.9389E+00
  3.0403E+00
  3.1416E+00


# y axis
#  ky       
  1.2750E-01


#  time[Lref
  2.6175E+02


# time = 261.75363
#  phi_x_n,p
  7.9694E-07
  0.0000E+00
  0.0000E+00
  0.0000E+00
  0.0000E+00
  0.0000E+00
  0.0000E+00
  0.0000E+00
  0.0000E+00
  0.0000E+00
  0.0000E+00
  0.0000E+00
  0.0000E+00
  0.0000E+00
  0.0000E+00
  0.0000E+00
  0.0000E+00
  0.0000E+00
  0.0000E+00
  0.0000E+00
  0.0000E+00
  0.0000E+00
  0.0000E+00
  0.0000E+00
  8.2621E-11
  0.0000E+00
  3.9862E-10
  0.0000E+00
  3.0762E-09
  3.7062E-09
  4.7471E-09
  2.6466E-09
  4.3664E-09
  3.1662E-09
  4.9594E-09
  3.1486E-09
  2.4798E-09
  1.8544E-09
  5.4450E-09
  5.2082E-09
  2.9853E-09
  3.9749E-09
  4.2554E-09
  1.4346E-09
  7.3812E-09
  4.7410E-09
  6.9349E-09
  5.9747E-09
  4.6940E-09
  1.0302E-08
  9.8374E-09
  2.6350E-08
  1.8609E-08
  1.8781E-08
  7.4510E-08
  7.6947E-08
  2.1073E-08
  2.2859E-07
  2.6163E-07
  1.8877E-07
  1.9792E-06
  9.4281E-06
  1.6269E-06


# time = 261.75363
#  phi_x_Tpa
  1.5005E-06
  3.7704E-08
  1.6744E-10
  1.9401E-08
  8.0392E-09
  4.3051E-09
  0.0000E+00
  3.6887E-09
  5.6789E-09
  7.3757E-09
  4.8471E-09
  5.9376E-09
  2.0162E-09
  5.6512E-11
  1.9149E-09
  0.0000E+00
  0.0000E+00
  0.0000E+00
  0.0000E+00
  0.0000E+00
  0.0000E+00
  0.0000E+00
  0.0000E+00
  0.0000E+00
  0.0000E+00
  0.0000E+00
  0.0000E+00
  0.0000E+00
  0.0000E+00
  0.0000E+00
  0.0000E+00
  0.0000E+00
  0.0000E+00
  0.0000E+00
  0.0000E+00
  0.0000E+00
  0.0000E+00
  0.0000E+00
  0.0000E+00
  0.0000E+00
  0.0000E+00
  0.0000E+00
  0.0000E+00
  0.0000E+00
  0.0000E+00
  0.0000E+00
  0.0000E+00
  0.0000E+00
  0.0000E+00
  6.5641E-10
  5.3087E-10
  2.4129E-09
  1.3130E-09
  5.5904E-09
  1.4799E-09
  4.5828E-09
  6.1746E-09
  9.1869E-09
  3.3095E-08
  2.0533E-07
  1.5161E-06
  1.1675E-05
  1.3900E-06


# time = 261.75363
#  phi_x_Tpe
  2.6123E-09
  2.2498E-09
  7.8648E-09
  4.1061E-09
  8.3692E-09
  5.0771E-09
  4.6234E-09
  1.8121E-09
  7.3207E-09
  3.7919E-09
  6.7016E-09
  3.1574E-09
  2.2059E-09
  5.7782E-09
  6.3467E-09
  1.2713E-09
  8.9888E-09
  1.1753E-08
  3.0303E-09
  3.4326E-08
  1.6793E-08
  2.0103E-08
  5.5029E-08
  4.7771E-08
  4.7393E-08
  9.8448E-08
  1.4582E-07
  1.4634E-07
  4.6094E-07
  3.4765E-06
  7.0301E-06
  2.0656E-06
  0.0000E+00
  0.0000E+00
  0.0000E+00
  0.0000E+00
  0.0000E+00
  0.0000E+00
  0.0000E+00
  0.0000E+00
  0.0000E+00
  0.0000E+00
  0.0000E+00
  0.0000E+00
  0.0000E+00
  0.0000E+00
  0.0000E+00
  0.0000E+00
  0.0000E+00
  0.0000E+00
  0.0000E+00
  0.0000E+00
  0.0000E+00
  0.0000E+00
  0.0000E+00
  0.0000E+00
  1.7375E-10
  2.5926E-09
  3.6139E-09
  3.3695E-09
  1.0996E-08
  4.8658E-09
  7.5281E-09


# time = 261.75363
#  phi_x_n,t
  0.0000E+00
  0.0000E+00
  0.0000E+00
  1.2279E-11
  0.0000E+00
  4.8312E-12
  2.6755E-11
  0.0000E+00
  0.0000E+00
  3.3208E-12
  1.0476E-11
  0.0000E+00
  0.0000E+00
  0.0000E+00
  4.7079E-12
  1.8766E-11
  0.0000E+00
  0.0000E+00
  0.0000E+00
  2.9685E-12
  0.0000E+00
  1.6004E-12
  4.6212E-11
  6.5654E-11
  0.0000E+00
  3.4407E-10
  7.5780E-11
  1.6432E-10
  7.2906E-10
  1.8665E-10
  7.8344E-10
  9.7270E-10
  1.3249E-09
  2.2710E-09
  1.3354E-09
  1.6874E-09
  3.2544E-09
  9.7324E-09
  9.2375E-09
  9.0149E-06
  4.5674E-06
  1.8520E-06
  2.5160E-07
  1.5974E-07
  9.2631E-08
  5.3154E-08
  2.2800E-08
  1.1346E-08
  7.3096E-09
  3.3393E-09
  5.4628E-09
  6.2104E-10
  5.9084E-10
  1.9540E-11
  0.0000E+00
  0.0000E+00
  8.2345E-12
  2.7921E-12
  0.0000E+00
  0.0000E+00
  5.7941E-12
  0.0000E+00
  0.0000E+00


# time = 261.75363
#  phi_x_Tpa
  1.5425E-09
  2.1120E-09
  1.4678E-09
  2.5820E-09
  4.9847E-09
  6.7342E-09
  7.9795E-09
  2.7600E-08
  1.1557E-05
  2.9461E-06
  3.7882E-07
  4.1406E-07
  1.0002E-07
  5.9867E-08
  6.7860E-11
  3.4010E-08
  1.4964E-08
  1.6928E-09
  9.9658E-09
  9.0361E-10
  7.6397E-10
  1.0008E-11
  1.4375E-11
  0.0000E+00
  0.0000E+00
  1.3768E-11
  0.0000E+00
  0.0000E+00
  7.2339E-12
  0.0000E+00
  0.0000E+00
  0.0000E+00
  0.0000E+00
  0.0000E+00
  0.0000E+00
  1.5321E-11
  6.0309E-12
  1.6053E-11
  1.7342E-11
  0.0000E+00
  0.0000E+00
  1.7226E-11
  0.0000E+00
  0.0000E+00
  0.0000E+00
  5.8773E-12
  8.5312E-12
  1.4879E-11
  0.0000E+00
  0.0000E+00
  3.7122E-12
  0.0000E+00
  1.9988E-12
  5.8994E-11
  6.6896E-11
  1.5869E-11
  5.5011E-11
  4.8161E-10
  0.0000E+00
  9.4321E-10
  3.4472E-10
  6.7515E-10
  1.1793E-09


# time = 261.75363
#  phi_x_Tpe
  9.1482E-09
  1.1523E-08
  1.0073E-08
  1.6779E-08
  2.4685E-08
  2.8123E-08
  7.1208E-08
  1.1512E-07
  1.1792E-07
  1.4638E-07
  6.8832E-08
  2.5898E-11
  2.3243E-08
  4.2253E-08
  2.9107E-07
  1.2803E-08
  2.8750E-08
  3.6185E-08
  3.1853E-08
  8.6740E-09
  1.0982E-09
  1.1810E-09
  0.0000E+00
  2.7928E-07
  3.5256E-08
  1.7619E-08
  5.4155E-08
  0.0000E+00
  0.0000E+00
  7.3402E-07
  0.0000E+00
  1.0332E-06
  1.6070E-06
  8.1934E-06
  1.8957E-06
  0.0000E+00
  0.0000E+00
  0.0000E+00
  0.0000E+00
  0.0000E+00
  0.0000E+00
  0.0000E+00
  0.0000E+00
  0.0000E+00
  0.0000E+00
  0.0000E+00
  0.0000E+00
  0.0000E+00
  0.0000E+00
  0.0000E+00
  0.0000E+00
  0.0000E+00
  0.0000E+00
  0.0000E+00
  0.0000E+00
  0.0000E+00
  0.0000E+00
  8.5962E-10
  1.0919E-09
  3.7187E-09
  9.7498E-09
  4.8464E-09
  3.0188E-09
