# CREATED BY GENE DIAGNOSTICS TOOL on Fri May 16 20:44:19 2025 /home/unix/ottink/gene/diagnostics
# diag: phases, run(s): RFPnTEMv8, time window: 268.02709-276.00774(1 steps), species: i
# original data path: /Differ/Data/IMT/lottink/RFP_nTEM/vgrid/
# normalization: L_ref=1.5m
#
# x axis
#  phase    
 -3.1416E+00
 -3.0403E+00
 -2.9389E+00
 -2.8376E+00
 -2.7362E+00
 -2.6349E+00
 -2.5335E+00
 -2.4322E+00
 -2.3309E+00
 -2.2295E+00
 -2.1282E+00
 -2.0268E+00
 -1.9255E+00
 -1.8242E+00
 -1.7228E+00
 -1.6215E+00
 -1.5201E+00
 -1.4188E+00
 -1.3174E+00
 -1.2161E+00
 -1.1148E+00
 -1.0134E+00
 -9.1208E-01
 -8.1073E-01
 -7.0939E-01
 -6.0805E-01
 -5.0671E-01
 -4.0537E-01
 -3.0402E-01
 -2.0268E-01
 -1.0134E-01
  0.0000E+00
  1.0134E-01
  2.0268E-01
  3.0403E-01
  4.0537E-01
  5.0671E-01
  6.0805E-01
  7.0939E-01
  8.1073E-01
  9.1208E-01
  1.0134E+00
  1.1148E+00
  1.2161E+00
  1.3174E+00
  1.4188E+00
  1.5201E+00
  1.6215E+00
  1.7228E+00
  1.8242E+00
  1.9255E+00
  2.0268E+00
  2.1282E+00
  2.2295E+00
  2.3309E+00
  2.4322E+00
  2.5335E+00
  2.6349E+00
  2.7362E+00
  2.8376E+00
  2.9389E+00
  3.0403E+00
  3.1416E+00


# y axis
#  ky       
  1.2750E-01


#  time[Lref
  2.7601E+02


# time = 276.00774
#  phi_x_n,p
  8.0988E-07
  0.0000E+00
  0.0000E+00
  0.0000E+00
  0.0000E+00
  0.0000E+00
  0.0000E+00
  0.0000E+00
  0.0000E+00
  0.0000E+00
  0.0000E+00
  0.0000E+00
  0.0000E+00
  0.0000E+00
  0.0000E+00
  0.0000E+00
  0.0000E+00
  0.0000E+00
  0.0000E+00
  0.0000E+00
  0.0000E+00
  0.0000E+00
  0.0000E+00
  0.0000E+00
  0.0000E+00
  9.1413E-11
  0.0000E+00
  1.1467E-09
  3.5241E-09
  3.7047E-09
  2.7903E-09
  5.5395E-09
  4.4599E-09
  2.6597E-09
  5.4817E-09
  2.7833E-09
  3.8679E-09
  2.2257E-09
  5.5686E-09
  4.0980E-09
  4.2602E-09
  2.6740E-09
  4.5522E-09
  2.1394E-09
  7.0109E-09
  4.2470E-09
  8.9767E-09
  4.8719E-09
  4.7368E-09
  6.8257E-09
  1.3882E-08
  2.6349E-08
  2.3052E-08
  2.5166E-08
  6.7574E-08
  7.1284E-08
  2.8309E-08
  2.3303E-07
  2.6545E-07
  2.8923E-07
  2.3943E-06
  8.8134E-06
  1.5935E-06


# time = 276.00774
#  phi_x_Tpa
  2.7469E-06
  3.7867E-08
  1.2488E-08
  1.7061E-08
  1.1595E-08
  0.0000E+00
  4.4203E-09
  2.8113E-09
  6.3939E-09
  6.9639E-09
  5.0908E-09
  6.5203E-09
  2.0284E-09
  1.2912E-09
  2.0175E-09
  0.0000E+00
  0.0000E+00
  0.0000E+00
  0.0000E+00
  0.0000E+00
  0.0000E+00
  0.0000E+00
  0.0000E+00
  0.0000E+00
  0.0000E+00
  0.0000E+00
  0.0000E+00
  0.0000E+00
  0.0000E+00
  0.0000E+00
  0.0000E+00
  0.0000E+00
  0.0000E+00
  0.0000E+00
  0.0000E+00
  0.0000E+00
  0.0000E+00
  0.0000E+00
  0.0000E+00
  0.0000E+00
  0.0000E+00
  0.0000E+00
  0.0000E+00
  0.0000E+00
  0.0000E+00
  0.0000E+00
  0.0000E+00
  0.0000E+00
  8.5045E-10
  0.0000E+00
  0.0000E+00
  6.9377E-10
  3.9371E-09
  4.3307E-09
  3.1230E-09
  4.0017E-09
  7.0594E-09
  1.0951E-08
  3.2695E-08
  1.8915E-07
  1.5064E-06
  1.1343E-05
  3.3192E-07


# time = 276.00774
#  phi_x_Tpe
  3.8556E-09
  3.5615E-09
  9.1148E-09
  6.5655E-09
  7.2541E-09
  4.6611E-09
  5.7095E-09
  2.2144E-09
  6.1488E-09
  3.8735E-09
  5.9536E-09
  5.4497E-09
  5.1118E-10
  5.7054E-09
  5.4705E-09
  1.1245E-09
  1.0458E-08
  8.9269E-09
  5.2771E-09
  3.8780E-08
  1.1483E-08
  2.0322E-08
  7.0166E-08
  3.3474E-08
  4.6585E-08
  1.1476E-07
  1.3387E-07
  1.5681E-07
  4.5224E-07
  3.8085E-06
  6.5272E-06
  2.1218E-06
  0.0000E+00
  0.0000E+00
  0.0000E+00
  0.0000E+00
  0.0000E+00
  0.0000E+00
  0.0000E+00
  0.0000E+00
  0.0000E+00
  0.0000E+00
  0.0000E+00
  0.0000E+00
  0.0000E+00
  0.0000E+00
  0.0000E+00
  0.0000E+00
  0.0000E+00
  0.0000E+00
  0.0000E+00
  0.0000E+00
  0.0000E+00
  0.0000E+00
  0.0000E+00
  0.0000E+00
  0.0000E+00
  2.9216E-09
  4.7464E-09
  5.7362E-09
  6.9980E-09
  4.4066E-09
  9.5983E-09


# time = 276.00774
#  phi_x_n,t
  0.0000E+00
  0.0000E+00
  0.0000E+00
  1.3115E-11
  0.0000E+00
  4.0596E-12
  2.7241E-11
  0.0000E+00
  0.0000E+00
  1.3693E-11
  0.0000E+00
  0.0000E+00
  0.0000E+00
  5.1357E-12
  1.8588E-11
  0.0000E+00
  0.0000E+00
  0.0000E+00
  0.0000E+00
  4.6207E-12
  0.0000E+00
  4.4464E-11
  1.2130E-11
  5.3416E-11
  0.0000E+00
  3.8566E-10
  4.7026E-11
  1.7040E-10
  7.3275E-10
  3.7786E-10
  7.5606E-10
  8.5956E-10
  1.5468E-09
  2.2152E-09
  1.8412E-09
  1.2048E-09
  5.7715E-09
  8.6574E-09
  1.8318E-08
  1.1108E-05
  3.2696E-06
  9.7002E-07
  3.5705E-07
  1.1955E-07
  6.8682E-08
  1.7343E-08
  2.3379E-08
  1.6203E-08
  2.3024E-09
  7.2738E-09
  2.2286E-09
  1.0802E-09
  9.1395E-11
  0.0000E+00
  0.0000E+00
  0.0000E+00
  1.1434E-11
  0.0000E+00
  0.0000E+00
  6.7012E-12
  0.0000E+00
  0.0000E+00
  0.0000E+00


# time = 276.00774
#  phi_x_Tpa
  1.7612E-09
  1.5590E-09
  2.3776E-09
  2.3338E-09
  4.6287E-09
  9.8212E-09
  1.0547E-08
  2.9707E-06
  9.2357E-06
  2.2534E-06
  5.2944E-07
  2.6252E-07
  1.0138E-07
  6.0950E-08
  2.2447E-08
  1.2221E-08
  1.5315E-08
  4.8749E-09
  6.9962E-09
  9.0181E-10
  6.8552E-10
  1.1721E-10
  0.0000E+00
  0.0000E+00
  1.0191E-11
  4.0803E-12
  0.0000E+00
  0.0000E+00
  8.3632E-12
  0.0000E+00
  0.0000E+00
  0.0000E+00
  0.0000E+00
  0.0000E+00
  0.0000E+00
  1.6358E-11
  0.0000E+00
  5.0657E-12
  3.3988E-11
  0.0000E+00
  4.1359E-12
  1.2954E-11
  0.0000E+00
  0.0000E+00
  6.4088E-12
  2.3180E-11
  0.0000E+00
  0.0000E+00
  0.0000E+00
  0.0000E+00
  3.7241E-12
  2.0496E-12
  0.0000E+00
  7.1908E-11
  6.7487E-11
  0.0000E+00
  6.3292E-11
  4.8961E-10
  0.0000E+00
  6.8050E-10
  5.7629E-10
  8.9725E-10
  1.4960E-09


# time = 276.00774
#  phi_x_Tpe
  1.1807E-08
  9.8702E-09
  9.6536E-09
  2.5011E-08
  1.9879E-08
  5.6997E-08
  5.3394E-08
  1.4446E-07
  9.2601E-08
  1.5098E-07
  5.8756E-08
  2.9257E-11
  2.3060E-08
  7.9888E-08
  2.6330E-07
  1.3173E-08
  3.9821E-08
  3.0050E-08
  3.1602E-08
  6.8540E-09
  1.3119E-09
  9.8834E-10
  1.0780E-07
  2.1707E-07
  0.0000E+00
  3.5456E-08
  3.8842E-08
  0.0000E+00
  1.6327E-07
  5.7331E-07
  0.0000E+00
  1.7157E-06
  2.6952E-06
  6.5691E-06
  1.5847E-06
  0.0000E+00
  0.0000E+00
  0.0000E+00
  0.0000E+00
  0.0000E+00
  0.0000E+00
  0.0000E+00
  0.0000E+00
  0.0000E+00
  0.0000E+00
  0.0000E+00
  0.0000E+00
  0.0000E+00
  0.0000E+00
  0.0000E+00
  0.0000E+00
  0.0000E+00
  0.0000E+00
  0.0000E+00
  0.0000E+00
  0.0000E+00
  0.0000E+00
  1.0509E-09
  1.0669E-09
  5.9273E-09
  7.8006E-09
  6.1633E-09
  2.0933E-09
