# CREATED BY GENE DIAGNOSTICS TOOL on Wed May  7 16:04:44 2025 /home/unix/ottink/gene/diagnostics
# diag: phases, run(s): ky03v2, time window: 98.61576-105.12616(1 steps), species: i
# original data path: /Differ/Data/IMT/lottink/Tokamak_nTEM/vgrid/
# normalization: L_ref=1.65m
#
# x axis
#  phase    
 -3.1416E+00
 -3.0403E+00
 -2.9389E+00
 -2.8376E+00
 -2.7362E+00
 -2.6349E+00
 -2.5335E+00
 -2.4322E+00
 -2.3309E+00
 -2.2295E+00
 -2.1282E+00
 -2.0268E+00
 -1.9255E+00
 -1.8242E+00
 -1.7228E+00
 -1.6215E+00
 -1.5201E+00
 -1.4188E+00
 -1.3174E+00
 -1.2161E+00
 -1.1148E+00
 -1.0134E+00
 -9.1208E-01
 -8.1073E-01
 -7.0939E-01
 -6.0805E-01
 -5.0671E-01
 -4.0537E-01
 -3.0402E-01
 -2.0268E-01
 -1.0134E-01
  0.0000E+00
  1.0134E-01
  2.0268E-01
  3.0403E-01
  4.0537E-01
  5.0671E-01
  6.0805E-01
  7.0939E-01
  8.1073E-01
  9.1208E-01
  1.0134E+00
  1.1148E+00
  1.2161E+00
  1.3174E+00
  1.4188E+00
  1.5201E+00
  1.6215E+00
  1.7228E+00
  1.8242E+00
  1.9255E+00
  2.0268E+00
  2.1282E+00
  2.2295E+00
  2.3309E+00
  2.4322E+00
  2.5335E+00
  2.6349E+00
  2.7362E+00
  2.8376E+00
  2.9389E+00
  3.0403E+00
  3.1416E+00


# y axis
#  ky       
  3.0000E-01


#  time[Lref
  1.0513E+02


# time = 105.12616
#  phi_x_n,p
  0.0000E+00
  0.0000E+00
  0.0000E+00
  0.0000E+00
  0.0000E+00
  0.0000E+00
  0.0000E+00
  0.0000E+00
  0.0000E+00
  0.0000E+00
  0.0000E+00
  0.0000E+00
  0.0000E+00
  0.0000E+00
  0.0000E+00
  0.0000E+00
  0.0000E+00
  0.0000E+00
  0.0000E+00
  0.0000E+00
  0.0000E+00
  0.0000E+00
  0.0000E+00
  0.0000E+00
  0.0000E+00
  0.0000E+00
  0.0000E+00
  0.0000E+00
  0.0000E+00
  0.0000E+00
  4.1809E-10
  2.6177E-10
  3.4357E-09
  9.7969E-09
  1.9293E-08
  2.8823E-08
  7.8778E-08
  1.1669E-07
  2.0215E-07
  3.2959E-07
  1.5046E-06
  4.8112E-06
  3.4276E-07
  8.7413E-07
  1.9751E-07
  1.8321E-07
  1.1914E-07
  4.3724E-08
  5.7652E-08
  1.1324E-08
  0.0000E+00
  0.0000E+00
  0.0000E+00
  0.0000E+00
  0.0000E+00
  0.0000E+00
  0.0000E+00
  0.0000E+00
  0.0000E+00
  0.0000E+00
  5.4880E-12
  0.0000E+00
  0.0000E+00


# time = 105.12616
#  phi_x_Tpa
  0.0000E+00
  0.0000E+00
  0.0000E+00
  2.9634E-09
  3.6392E-09
  8.0432E-10
  0.0000E+00
  1.7555E-09
  7.1457E-09
  0.0000E+00
  5.9321E-09
  0.0000E+00
  0.0000E+00
  4.7097E-09
  0.0000E+00
  9.7393E-09
  3.1626E-09
  7.1461E-09
  2.8891E-08
  2.1790E-08
  1.4059E-08
  2.9646E-08
  1.9731E-08
  4.9142E-08
  8.9137E-08
  3.8841E-08
  2.7180E-08
  6.7424E-08
  7.6532E-08
  1.3329E-07
  1.4742E-07
  1.1735E-07
  1.4874E-07
  4.5033E-07
  4.7086E-07
  6.4902E-07
  1.7245E-06
  3.4001E-06
  6.3702E-07
  7.0036E-07
  2.3512E-07
  0.0000E+00
  1.1089E-08
  1.0744E-08
  1.1325E-08
  0.0000E+00
  6.9009E-09
  7.1125E-09
  1.7779E-08
  0.0000E+00
  1.5457E-09
  1.0996E-08
  1.2607E-08
  0.0000E+00
  0.0000E+00
  0.0000E+00
  8.8393E-09
  1.0556E-08
  0.0000E+00
  4.1995E-09
  0.0000E+00
  2.6018E-09
  0.0000E+00


# time = 105.12616
#  phi_x_Tpe
  1.1196E-09
  2.4645E-09
  8.3158E-09
  9.2711E-09
  3.1427E-08
  2.2221E-08
  3.9309E-08
  5.7116E-08
  7.0025E-08
  8.8899E-08
  2.2632E-07
  3.7141E-06
  3.4098E-06
  8.7185E-07
  3.9950E-07
  2.9750E-07
  8.6091E-08
  5.4560E-08
  1.1761E-08
  0.0000E+00
  0.0000E+00
  0.0000E+00
  0.0000E+00
  0.0000E+00
  0.0000E+00
  0.0000E+00
  0.0000E+00
  0.0000E+00
  0.0000E+00
  0.0000E+00
  0.0000E+00
  0.0000E+00
  0.0000E+00
  0.0000E+00
  0.0000E+00
  0.0000E+00
  9.2966E-12
  0.0000E+00
  0.0000E+00
  0.0000E+00
  0.0000E+00
  0.0000E+00
  0.0000E+00
  0.0000E+00
  0.0000E+00
  0.0000E+00
  0.0000E+00
  0.0000E+00
  0.0000E+00
  0.0000E+00
  0.0000E+00
  0.0000E+00
  0.0000E+00
  0.0000E+00
  0.0000E+00
  0.0000E+00
  0.0000E+00
  0.0000E+00
  0.0000E+00
  0.0000E+00
  0.0000E+00
  0.0000E+00
  0.0000E+00


# time = 105.12616
#  phi_x_n,t
  0.0000E+00
  0.0000E+00
  0.0000E+00
  0.0000E+00
  0.0000E+00
  0.0000E+00
  0.0000E+00
  0.0000E+00
  0.0000E+00
  0.0000E+00
  0.0000E+00
  0.0000E+00
  0.0000E+00
  0.0000E+00
  0.0000E+00
  0.0000E+00
  0.0000E+00
  0.0000E+00
  0.0000E+00
  0.0000E+00
  0.0000E+00
  0.0000E+00
  0.0000E+00
  0.0000E+00
  0.0000E+00
  0.0000E+00
  0.0000E+00
  0.0000E+00
  0.0000E+00
  0.0000E+00
  0.0000E+00
  0.0000E+00
  0.0000E+00
  0.0000E+00
  0.0000E+00
  0.0000E+00
  0.0000E+00
  3.8191E-10
  1.9014E-08
  5.0937E-07
  3.1157E-06
  5.2806E-06
  4.7971E-07
  1.2580E-06
  6.4474E-08
  4.6148E-08
  9.8609E-09
  1.9304E-08
  2.1066E-09
  0.0000E+00
  7.6046E-09
  1.3445E-09
  0.0000E+00
  0.0000E+00
  6.0070E-10
  0.0000E+00
  0.0000E+00
  0.0000E+00
  0.0000E+00
  0.0000E+00
  0.0000E+00
  0.0000E+00
  0.0000E+00


# time = 105.12616
#  phi_x_Tpa
  0.0000E+00
  0.0000E+00
  0.0000E+00
  0.0000E+00
  0.0000E+00
  0.0000E+00
  4.7228E-10
  5.6409E-08
  5.3762E-07
  3.0931E-06
  5.1027E-06
  4.4618E-07
  1.2416E-06
  7.3735E-08
  3.0815E-08
  2.1433E-08
  1.3643E-08
  2.6106E-09
  0.0000E+00
  1.0331E-08
  7.4937E-10
  0.0000E+00
  7.5335E-10
  0.0000E+00
  0.0000E+00
  0.0000E+00
  0.0000E+00
  0.0000E+00
  0.0000E+00
  0.0000E+00
  0.0000E+00
  0.0000E+00
  0.0000E+00
  0.0000E+00
  0.0000E+00
  0.0000E+00
  0.0000E+00
  0.0000E+00
  0.0000E+00
  0.0000E+00
  0.0000E+00
  0.0000E+00
  0.0000E+00
  0.0000E+00
  0.0000E+00
  0.0000E+00
  0.0000E+00
  0.0000E+00
  0.0000E+00
  0.0000E+00
  0.0000E+00
  0.0000E+00
  0.0000E+00
  0.0000E+00
  0.0000E+00
  0.0000E+00
  0.0000E+00
  0.0000E+00
  0.0000E+00
  0.0000E+00
  0.0000E+00
  0.0000E+00
  0.0000E+00


# time = 105.12616
#  phi_x_Tpe
  0.0000E+00
  0.0000E+00
  0.0000E+00
  0.0000E+00
  0.0000E+00
  0.0000E+00
  0.0000E+00
  0.0000E+00
  0.0000E+00
  0.0000E+00
  0.0000E+00
  0.0000E+00
  0.0000E+00
  0.0000E+00
  0.0000E+00
  0.0000E+00
  0.0000E+00
  0.0000E+00
  0.0000E+00
  0.0000E+00
  0.0000E+00
  0.0000E+00
  0.0000E+00
  0.0000E+00
  0.0000E+00
  0.0000E+00
  0.0000E+00
  1.9807E-07
  7.2765E-07
  9.4888E-07
  5.7376E-07
  1.2539E-06
  1.3724E-06
  1.4808E-06
  3.0528E-06
  5.6517E-07
  6.6041E-07
  7.7607E-08
  1.0056E-08
  3.7250E-09
  7.5044E-10
  4.7837E-09
  6.1873E-09
  9.0583E-10
  1.6940E-09
  9.1055E-10
  7.1633E-09
  1.2205E-10
  1.4028E-10
  8.6945E-10
  1.0421E-09
  1.0028E-09
  0.0000E+00
  1.3830E-09
  1.6465E-09
  0.0000E+00
  1.3071E-09
  0.0000E+00
  5.8224E-10
  0.0000E+00
  0.0000E+00
  0.0000E+00
  0.0000E+00
