# CREATED BY GENE DIAGNOSTICS TOOL on Sat May 17 17:25:37 2025 /home/unix/ottink/gene/diagnostics
# diag: vsp1, run(s): RFPnTEMv5, time window: 277.34569-277.34642(2 steps), species: i
# original data path: /Differ/Data/IMT/lottink/RFP_nTEM/vgrid/
# normalization: L_ref=1.5m
#
# vpar
 -3.0000E+00
 -2.9048E+00
 -2.8095E+00
 -2.7143E+00
 -2.6190E+00
 -2.5238E+00
 -2.4286E+00
 -2.3333E+00
 -2.2381E+00
 -2.1429E+00
 -2.0476E+00
 -1.9524E+00
 -1.8571E+00
 -1.7619E+00
 -1.6667E+00
 -1.5714E+00
 -1.4762E+00
 -1.3810E+00
 -1.2857E+00
 -1.1905E+00
 -1.0952E+00
 -1.0000E+00
 -9.0476E-01
 -8.0952E-01
 -7.1429E-01
 -6.1905E-01
 -5.2381E-01
 -4.2857E-01
 -3.3333E-01
 -2.3810E-01
 -1.4286E-01
 -4.7619E-02
  4.7619E-02
  1.4286E-01
  2.3810E-01
  3.3333E-01
  4.2857E-01
  5.2381E-01
  6.1905E-01
  7.1429E-01
  8.0952E-01
  9.0476E-01
  1.0000E+00
  1.0952E+00
  1.1905E+00
  1.2857E+00
  1.3810E+00
  1.4762E+00
  1.5714E+00
  1.6667E+00
  1.7619E+00
  1.8571E+00
  1.9524E+00
  2.0476E+00
  2.1429E+00
  2.2381E+00
  2.3333E+00
  2.4286E+00
  2.5238E+00
  2.6190E+00
  2.7143E+00
  2.8095E+00
  2.9048E+00
  3.0000E+00


# mu
  1.8108E-02
  9.5589E-02
  2.3573E-01
  4.3989E-01
  7.1007E-01
  1.0491E+00
  1.4607E+00
  1.9499E+00
  2.5234E+00
  3.1901E+00
  3.9625E+00
  4.8582E+00
  5.9041E+00
  7.1447E+00
  8.6646E+00
  1.0681E+01


# trapped boundary
#  mu         vpar      
  1.8108E-02 -7.6321E-02
  1.8108E-02  8.8062E-02
  9.5589E-02 -1.8200E-01
  9.5589E-02  1.9374E-01
  2.3573E-01 -2.8767E-01
  2.3573E-01  2.9941E-01
  4.3989E-01 -4.0509E-01
  4.3989E-01  4.1683E-01
  7.1007E-01 -5.1076E-01
  7.1007E-01  5.2250E-01
  1.0491E+00 -6.1644E-01
  1.0491E+00  6.2818E-01
  1.4607E+00 -7.3386E-01
  1.4607E+00  7.4560E-01
  1.9499E+00 -8.5127E-01
  1.9499E+00  8.6301E-01
  2.5234E+00 -9.6869E-01
  2.5234E+00  9.8043E-01
  3.1901E+00 -1.0861E+00
  3.1901E+00  1.0978E+00
  3.9625E+00 -1.2153E+00
  3.9625E+00  1.2270E+00
  4.8582E+00 -1.3444E+00
  4.8582E+00  1.3562E+00
  5.9041E+00 -1.4736E+00
  5.9041E+00  1.4853E+00
  7.1447E+00 -1.6262E+00
  7.1447E+00  1.6380E+00
  8.6646E+00 -1.7906E+00
  8.6646E+00  1.8023E+00
  1.0681E+01 -1.9902E+00
  1.0681E+01  2.0020E+00


# , time = 277.34569, var = <|f|^2>^(1/2) , z = 0
  8.7354E-02  8.3801E-02  7.6879E-02  6.7743E-02  5.7461E-02  4.6865E-02  3.6662E-02  2.7510E-02  1.9730E-02  1.3316E-02  8.4143E-03  4.8986E-03  2.5728E-03  1.1871E-03  4.5073E-04  1.8403E-04
  1.4849E-01  1.4237E-01  1.3032E-01  1.1428E-01  9.6128E-02  7.7433E-02  5.9630E-02  4.4030E-02  3.1107E-02  2.0787E-02  1.3089E-02  7.6439E-03  4.0493E-03  1.9066E-03  7.5044E-04  2.5942E-04
  2.4678E-01  2.3674E-01  2.1704E-01  1.9089E-01  1.6127E-01  1.3067E-01  1.0128E-01  7.5166E-02  5.3273E-02  3.5580E-02  2.2334E-02  1.2989E-02  6.8531E-03  3.1857E-03  1.2215E-03  4.7230E-04
  4.0314E-01  3.8684E-01  3.5489E-01  3.1237E-01  2.6415E-01  2.1427E-01  1.6631E-01  1.2364E-01  8.7774E-02  5.8703E-02  3.6875E-02  2.1464E-02  1.1348E-02  5.3359E-03  2.0793E-03  7.5644E-04
  6.4691E-01  6.2091E-01  5.7004E-01  5.0223E-01  4.2516E-01  3.4526E-01  2.6834E-01  1.9975E-01  1.4201E-01  9.5116E-02  5.9804E-02  3.4800E-02  1.8391E-02  8.5795E-03  3.3355E-03  1.1395E-03
  1.0197E+00  9.7897E-01  8.9941E-01  7.9317E-01  6.7218E-01  5.4646E-01  4.2524E-01  3.1685E-01  2.2547E-01  1.5119E-01  9.5177E-02  5.5460E-02  2.9308E-02  1.3781E-02  5.3514E-03  1.6608E-03
  1.5789E+00  1.5161E+00  1.3939E+00  1.2304E+00  1.0438E+00  8.4955E-01  6.6191E-01  4.9367E-01  3.5160E-01  2.3597E-01  1.4868E-01  8.6708E-02  4.5904E-02  2.1472E-02  8.3864E-03  2.4433E-03
  2.4013E+00  2.3064E+00  2.1219E+00  1.8748E+00  1.5922E+00  1.2973E+00  1.0120E+00  7.5546E-01  5.3851E-01  3.6172E-01  2.2809E-01  1.3315E-01  7.0485E-02  3.3140E-02  1.2871E-02  3.6698E-03
  3.5875E+00  3.4464E+00  3.1728E+00  2.8059E+00  2.3853E+00  1.9456E+00  1.5195E+00  1.1354E+00  8.1005E-01  5.4455E-01  3.4363E-01  2.0074E-01  1.0641E-01  5.0026E-02  1.9453E-02  5.5630E-03
  5.2646E+00  5.0584E+00  4.6600E+00  4.1247E+00  3.5100E+00  2.8659E+00  2.2409E+00  1.6760E+00  1.1967E+00  8.0514E-01  5.0846E-01  2.9719E-01  1.5777E-01  7.4007E-02  2.8822E-02  8.1319E-03
  7.5885E+00  7.2924E+00  6.7222E+00  5.9553E+00  5.0728E+00  4.1462E+00  3.2457E+00  2.4297E+00  1.7363E+00  1.1691E+00  7.3871E-01  4.3229E-01  2.2955E-01  1.0763E-01  4.1752E-02  1.1863E-02
  1.0744E+01  1.0326E+01  9.5245E+00  8.4450E+00  7.2003E+00  5.8911E+00  4.6168E+00  3.4591E+00  2.4737E+00  1.6669E+00  1.0543E+00  6.1728E-01  3.2783E-01  1.5349E-01  5.9913E-02  1.8796E-02
  1.4942E+01  1.4362E+01  1.3254E+01  1.1762E+01  1.0037E+01  8.2202E+00  6.4492E+00  4.8362E+00  3.4617E+00  2.3344E+00  1.4770E+00  8.6600E-01  4.5888E-01  2.1533E-01  8.4075E-02  3.1150E-02
  2.0410E+01  1.9619E+01  1.8116E+01  1.6088E+01  1.3741E+01  1.1264E+01  8.8466E+00  6.6396E+00  4.7548E+00  3.2090E+00  2.0338E+00  1.1907E+00  6.3231E-01  2.9804E-01  1.1032E-01  4.8647E-02
  2.7382E+01  2.6322E+01  2.4317E+01  2.1610E+01  1.8474E+01  1.5157E+01  1.1916E+01  8.9506E+00  6.4176E+00  4.3356E+00  2.7461E+00  1.6090E+00  8.6144E-01  3.8576E-01  1.3615E-01  7.1030E-02
  3.6080E+01  3.4684E+01  3.2055E+01  2.8506E+01  2.4387E+01  2.0026E+01  1.5759E+01  1.1847E+01  8.4969E+00  5.7433E+00  3.6408E+00  2.1523E+00  1.1230E+00  4.2888E-01  1.6740E-01  1.0103E-01
  4.6688E+01  4.4879E+01  4.1493E+01  3.6922E+01  3.1610E+01  2.5978E+01  2.0462E+01  1.5396E+01  1.1056E+01  7.4766E+00  4.7666E+00  2.8014E+00  1.2642E+00  4.3638E-01  2.1288E-01  1.4066E-01
  5.9330E+01  5.7026E+01  5.2740E+01  4.6956E+01  4.0226E+01  3.3083E+01  2.6082E+01  1.9638E+01  1.4107E+01  9.5747E+00  6.1363E+00  3.2554E+00  1.2217E+00  4.6938E-01  2.7288E-01  1.8851E-01
  7.4031E+01  7.1145E+01  6.5816E+01  5.8623E+01  5.0250E+01  4.1355E+01  3.2631E+01  2.4586E+01  1.7693E+01  1.2108E+01  7.3023E+00  3.0970E+00  1.5504E+00  4.8910E-01  3.2790E-01  2.4009E-01
  9.0686E+01  8.7134E+01  8.0621E+01  7.1837E+01  6.1604E+01  5.0729E+01  4.0051E+01  3.0210E+01  2.1924E+01  1.4549E+01  7.0823E+00  3.9656E+00  2.0800E+00  5.5626E-01  3.4916E-01  2.8429E-01
  1.0903E+02  1.0473E+02  9.6912E+01  8.6376E+01  7.4099E+01  6.1041E+01  4.8237E+01  3.6592E+01  2.6202E+01  1.4556E+01  8.1653E+00  6.4043E+00  2.6917E+00  7.9758E-01  2.9822E-01  3.0238E-01
  1.2861E+02  1.2350E+02  1.1428E+02  1.0187E+02  8.7403E+01  7.2031E+01  5.7150E+01  4.3236E+01  2.7206E+01  1.4825E+01  1.4681E+01  8.6995E+00  4.1346E+00  1.3782E+00  2.3716E-01  2.6926E-01
  1.4877E+02  1.4279E+02  1.3212E+02  1.1776E+02  1.0105E+02  8.3472E+01  6.6305E+01  4.5924E+01  2.5154E+01  2.7552E+01  2.1182E+01  1.2573E+01  6.5821E+00  2.5579E+00  5.9496E-01  1.5699E-01
  1.6861E+02  1.6175E+02  1.4962E+02  1.3335E+02  1.1456E+02  9.4758E+01  7.0860E+01  4.0512E+01  4.3495E+01  4.2048E+01  2.9423E+01  1.9113E+01  1.0240E+01  4.4974E+00  1.3909E+00  9.4058E-02
  1.8702E+02  1.7929E+02  1.6577E+02  1.4778E+02  1.2703E+02  1.0052E+02  6.1758E+01  6.1102E+01  7.1302E+01  5.7197E+01  4.3246E+01  2.7708E+01  1.5607E+01  7.2732E+00  2.5923E+00  4.4216E-01
  2.0263E+02  1.9407E+02  1.7934E+02  1.5973E+02  1.3256E+02  8.7007E+01  7.8656E+01  1.0611E+02  9.7004E+01  8.1811E+01  6.0152E+01  3.9311E+01  2.2530E+01  1.0968E+01  4.1964E+00  9.3909E-01
  2.1361E+02  2.0426E+02  1.8819E+02  1.6248E+02  1.1316E+02  9.4225E+01  1.4172E+02  1.4482E+02  1.3503E+02  1.1063E+02  8.0668E+01  5.3476E+01  3.0928E+01  1.5436E+01  6.1473E+00  1.5569E+00
  2.1712E+02  2.0647E+02  1.8415E+02  1.3427E+02  1.0636E+02  1.7359E+02  1.9573E+02  1.9681E+02  1.7807E+02  1.4183E+02  1.0464E+02  6.8977E+01  4.0314E+01  2.0386E+01  8.3047E+00  2.2493E+00
  2.0632E+02  1.8847E+02  1.4089E+02  1.1351E+02  1.9951E+02  2.4328E+02  2.6067E+02  2.5359E+02  2.1859E+02  1.7620E+02  1.2802E+02  8.4876E+01  4.9686E+01  2.5332E+01  1.0461E+01  2.9454E+00
  1.5539E+02  1.1716E+02  1.1912E+02  2.2245E+02  2.8275E+02  3.1689E+02  3.2498E+02  2.9834E+02  2.5943E+02  2.0495E+02  1.4951E+02  9.8667E+01  5.8067E+01  2.9676E+01  1.2356E+01  3.5600E+00
  9.7853E+01  1.5624E+02  2.5159E+02  3.1049E+02  3.5226E+02  3.7340E+02  3.6241E+02  3.3594E+02  2.8561E+02  2.2699E+02  1.6450E+02  1.0897E+02  6.4103E+01  3.2861E+01  1.3738E+01  4.0091E+00
  1.8023E+02  2.2476E+02  2.8323E+02  3.3181E+02  3.6785E+02  3.8246E+02  3.7934E+02  3.4592E+02  2.9800E+02  2.3553E+02  1.7176E+02  1.1358E+02  6.7065E+01  3.4364E+01  1.4400E+01  4.2264E+00
  3.7158E+02  3.0192E+02  2.4422E+02  2.7305E+02  3.2482E+02  3.5429E+02  3.6138E+02  3.3441E+02  2.9073E+02  2.3114E+02  1.6920E+02  1.1207E+02  6.6345E+01  3.3995E+01  1.4246E+01  4.1799E+00
  4.5966E+02  3.9621E+02  2.8136E+02  2.3563E+02  2.7000E+02  3.0972E+02  3.1815E+02  3.0643E+02  2.6639E+02  2.1509E+02  1.5746E+02  1.0478E+02  6.2090E+01  3.1823E+01  1.3304E+01  3.8775E+00
  3.9688E+02  3.6713E+02  2.8331E+02  2.1530E+02  2.1852E+02  2.5177E+02  2.7338E+02  2.6124E+02  2.3395E+02  1.8886E+02  1.3975E+02  9.2751E+01  5.5205E+01  2.8183E+01  1.1721E+01  3.3670E+00
  3.3923E+02  3.2477E+02  2.8216E+02  2.0163E+02  1.7917E+02  1.9628E+02  2.1676E+02  2.1866E+02  1.9307E+02  1.5952E+02  1.1755E+02  7.8389E+01  4.6511E+01  2.3655E+01  9.7286E+00  2.7221E+00
  2.9382E+02  2.8298E+02  2.6187E+02  2.1311E+02  1.4533E+02  1.5357E+02  1.6541E+02  1.6995E+02  1.5662E+02  1.2744E+02  9.5160E+01  6.2957E+01  3.7320E+01  1.8796E+01  7.5845E+00  2.0296E+00
  2.5430E+02  2.4481E+02  2.2858E+02  2.0339E+02  1.5344E+02  1.0638E+02  1.2765E+02  1.2738E+02  1.1976E+02  9.9901E+01  7.3270E+01  4.8647E+01  2.8468E+01  1.4141E+01  5.5288E+00  1.3688E+00
  2.1843E+02  2.1013E+02  1.9576E+02  1.7658E+02  1.5017E+02  1.0402E+02  8.0103E+01  9.8206E+01  8.8023E+01  7.5086E+01  5.5177E+01  3.6002E+01  2.0780E+01  1.0078E+01  3.7364E+00  8.0018E-01
  1.8555E+02  1.7842E+02  1.6591E+02  1.4916E+02  1.2970E+02  1.0464E+02  6.6260E+01  6.0456E+01  6.7665E+01  5.3944E+01  4.0622E+01  2.5883E+01  1.4567E+01  6.8001E+00  2.3110E+00  3.5909E-01
  1.5550E+02  1.4950E+02  1.3887E+02  1.2455E+02  1.0788E+02  9.0220E+01  6.8364E+01  3.9900E+01  4.3276E+01  4.1346E+01  2.8705E+01  1.8513E+01  9.8111E+00  4.3789E+00  1.2795E+00  6.4626E-02
  1.2839E+02  1.2343E+02  1.1457E+02  1.0265E+02  8.8663E+01  7.3853E+01  5.9255E+01  4.1269E+01  2.3851E+01  2.8208E+01  2.1677E+01  1.2835E+01  6.6254E+00  2.6833E+00  6.1137E-01  1.4239E-01
  1.0434E+02  1.0032E+02  9.3072E+01  8.3325E+01  7.1903E+01  5.9683E+01  4.7734E+01  3.6453E+01  2.2905E+01  1.4323E+01  1.5610E+01  9.4095E+00  4.4788E+00  1.6143E+00  2.6374E-01  2.2764E-01
  8.3427E+01  8.0216E+01  7.4395E+01  6.6568E+01  5.7406E+01  4.7611E+01  3.7892E+01  2.8970E+01  2.0922E+01  1.1502E+01  8.3146E+00  7.1519E+00  3.1601E+00  1.0227E+00  1.8386E-01  2.4705E-01
  6.5600E+01  6.3083E+01  5.8489E+01  5.2312E+01  4.5088E+01  3.7375E+01  2.9716E+01  2.2577E+01  1.6536E+01  1.1044E+01  5.3461E+00  4.2705E+00  2.4905E+00  6.9459E-01  1.8777E-01  2.2671E-01
  5.0716E+01  4.8778E+01  4.5214E+01  4.0426E+01  3.4828E+01  2.8855E+01  2.2931E+01  1.7402E+01  1.2608E+01  8.7345E+00  5.2505E+00  2.3258E+00  1.7339E+00  5.4898E-01  1.7177E-01  1.8772E-01
  3.8545E+01  3.7077E+01  3.4362E+01  3.0714E+01  2.6452E+01  2.1905E+01  1.7397E+01  1.3199E+01  9.5401E+00  6.5181E+00  4.2495E+00  2.1895E+00  9.5293E-01  4.6052E-01  1.4089E-01  1.4513E-01
  2.8794E+01  2.7702E+01  2.5668E+01  2.2938E+01  1.9749E+01  1.6348E+01  1.2975E+01  9.8407E+00  7.1162E+00  4.8307E+00  3.1135E+00  1.8515E+00  7.8350E-01  3.2060E-01  1.1037E-01  1.0641E-01
  2.1141E+01  2.0341E+01  1.8845E+01  1.6837E+01  1.4492E+01  1.1993E+01  9.5135E+00  7.2106E+00  5.2094E+00  3.5393E+00  2.2488E+00  1.3571E+00  6.9483E-01  2.4313E-01  8.8896E-02  7.4285E-02
  1.5254E+01  1.4679E+01  1.3597E+01  1.2146E+01  1.0452E+01  8.6466E+00  6.8559E+00  5.1944E+00  3.7514E+00  2.5487E+00  1.6179E+00  9.5447E-01  5.1884E-01  2.1808E-01  7.0768E-02  5.0149E-02
  1.0817E+01  1.0410E+01  9.6410E+00  8.6103E+00  7.4079E+00  6.1265E+00  4.8555E+00  3.6773E+00  2.6538E+00  1.8001E+00  1.1443E+00  6.6926E-01  3.6224E-01  1.6682E-01  5.6668E-02  3.2253E-02
  7.5374E+00  7.2542E+00  6.7174E+00  5.9981E+00  5.1594E+00  4.2658E+00  3.3793E+00  2.5584E+00  1.8458E+00  1.2524E+00  7.9420E-01  4.6521E-01  2.4676E-01  1.1685E-01  4.2998E-02  1.8477E-02
  5.1611E+00  4.9674E+00  4.5991E+00  4.1057E+00  3.5309E+00  2.9185E+00  2.3110E+00  1.7491E+00  1.2613E+00  8.5474E-01  5.4251E-01  3.1747E-01  1.6754E-01  7.9744E-02  2.9628E-02  9.5697E-03
  3.4727E+00  3.3424E+00  3.0940E+00  2.7615E+00  2.3743E+00  1.9620E+00  1.5529E+00  1.1749E+00  8.4690E-01  5.7398E-01  3.6359E-01  2.1268E-01  1.1254E-01  5.2580E-02  1.9864E-02  5.3660E-03
  2.2961E+00  2.2099E+00  2.0453E+00  1.8251E+00  1.5688E+00  1.2960E+00  1.0253E+00  7.7545E-01  5.5872E-01  3.7837E-01  2.3989E-01  1.4010E-01  7.4003E-02  3.4411E-02  1.3345E-02  3.6056E-03
  1.4918E+00  1.4357E+00  1.3285E+00  1.1851E+00  1.0184E+00  8.4107E-01  6.6513E-01  5.0286E-01  3.6216E-01  2.4518E-01  1.5524E-01  9.0717E-02  4.7788E-02  2.2277E-02  8.6318E-03  2.4862E-03
  9.5233E-01  9.1649E-01  8.4783E-01  7.5615E-01  6.4962E-01  5.3631E-01  4.2392E-01  3.2039E-01  2.3064E-01  1.5605E-01  9.8812E-02  5.7666E-02  3.0439E-02  1.4105E-02  5.4360E-03  1.6008E-03
  5.9739E-01  5.7486E-01  5.3166E-01  4.7402E-01  4.0712E-01  3.3599E-01  2.6546E-01  2.0055E-01  1.4430E-01  9.7590E-02  6.1743E-02  3.6041E-02  1.8948E-02  8.8188E-03  3.3962E-03  8.7400E-04
  3.6822E-01  3.5429E-01  3.2757E-01  2.9197E-01  2.5068E-01  2.0681E-01  1.6331E-01  1.2333E-01  8.8701E-02  5.9955E-02  3.7922E-02  2.2117E-02  1.1670E-02  5.3803E-03  2.0714E-03  6.7865E-04
  2.2301E-01  2.1454E-01  1.9831E-01  1.7670E-01  1.5165E-01  1.2507E-01  9.8710E-02  7.4515E-02  5.3568E-02  3.6193E-02  2.2882E-02  1.3342E-02  7.0054E-03  3.2567E-03  1.2397E-03  5.9107E-04
  1.3271E-01  1.2766E-01  1.1796E-01  1.0506E-01  9.0139E-02  7.4300E-02  5.8609E-02  4.4226E-02  3.1786E-02  2.1476E-02  1.3579E-02  7.9129E-03  4.1640E-03  1.9223E-03  7.3144E-04  3.4224E-04
  7.7605E-02  7.4633E-02  6.8944E-02  6.1386E-02  5.2653E-02  4.3398E-02  3.4236E-02  2.5851E-02  1.8594E-02  1.2564E-02  7.9307E-03  4.6049E-03  2.4079E-03  1.1115E-03  4.2826E-04  1.6321E-04
  4.4604E-02  4.2870E-02  3.9556E-02  3.5161E-02  3.0100E-02  2.4761E-02  1.9500E-02  1.4708E-02  1.0563E-02  7.1187E-03  4.4817E-03  2.6023E-03  1.3694E-03  6.3652E-04  2.4193E-04  7.8345E-05
  2.5144E-02  2.4275E-02  2.2597E-02  2.0342E-02  1.7686E-02  1.4788E-02  1.1808E-02  8.9791E-03  6.4778E-03  4.3646E-03  2.7446E-03  1.5902E-03  8.2980E-04  3.7812E-04  1.4529E-04  5.4136E-05


# trapped boundary
#  mu         vpar      
  1.8108E-02 -7.6321E-02
  1.8108E-02  8.8062E-02
  9.5589E-02 -1.8200E-01
  9.5589E-02  1.9374E-01
  2.3573E-01 -2.8767E-01
  2.3573E-01  2.9941E-01
  4.3989E-01 -4.0509E-01
  4.3989E-01  4.1683E-01
  7.1007E-01 -5.1076E-01
  7.1007E-01  5.2250E-01
  1.0491E+00 -6.1644E-01
  1.0491E+00  6.2818E-01
  1.4607E+00 -7.3386E-01
  1.4607E+00  7.4560E-01
  1.9499E+00 -8.5127E-01
  1.9499E+00  8.6301E-01
  2.5234E+00 -9.6869E-01
  2.5234E+00  9.8043E-01
  3.1901E+00 -1.0861E+00
  3.1901E+00  1.0978E+00
  3.9625E+00 -1.2153E+00
  3.9625E+00  1.2270E+00
  4.8582E+00 -1.3444E+00
  4.8582E+00  1.3562E+00
  5.9041E+00 -1.4736E+00
  5.9041E+00  1.4853E+00
  7.1447E+00 -1.6262E+00
  7.1447E+00  1.6380E+00
  8.6646E+00 -1.7906E+00
  8.6646E+00  1.8023E+00
  1.0681E+01 -1.9902E+00
  1.0681E+01  2.0020E+00


# , time = 277.34642, var = <|f|^2>^(1/2) , z = 0
  8.7364E-02  8.3810E-02  7.6888E-02  6.7751E-02  5.7467E-02  4.6871E-02  3.6666E-02  2.7513E-02  1.9732E-02  1.3318E-02  8.4153E-03  4.8992E-03  2.5731E-03  1.1872E-03  4.5078E-04  1.8404E-04
  1.4851E-01  1.4238E-01  1.3033E-01  1.1430E-01  9.6139E-02  7.7442E-02  5.9637E-02  4.4035E-02  3.1111E-02  2.0790E-02  1.3090E-02  7.6448E-03  4.0497E-03  1.9068E-03  7.5052E-04  2.5945E-04
  2.4681E-01  2.3677E-01  2.1707E-01  1.9091E-01  1.6129E-01  1.3069E-01  1.0129E-01  7.5174E-02  5.3279E-02  3.5584E-02  2.2337E-02  1.2991E-02  6.8539E-03  3.1861E-03  1.2217E-03  4.7235E-04
  4.0319E-01  3.8688E-01  3.5493E-01  3.1241E-01  2.6419E-01  2.1429E-01  1.6633E-01  1.2366E-01  8.7784E-02  5.8710E-02  3.6879E-02  2.1466E-02  1.1349E-02  5.3365E-03  2.0796E-03  7.5651E-04
  6.4698E-01  6.2098E-01  5.7011E-01  5.0229E-01  4.2521E-01  3.4530E-01  2.6837E-01  1.9977E-01  1.4202E-01  9.5127E-02  5.9810E-02  3.4805E-02  1.8393E-02  8.5805E-03  3.3359E-03  1.1396E-03
  1.0198E+00  9.7908E-01  8.9951E-01  7.9326E-01  6.7226E-01  5.4652E-01  4.2529E-01  3.1688E-01  2.2549E-01  1.5120E-01  9.5188E-02  5.5466E-02  2.9311E-02  1.3783E-02  5.3519E-03  1.6610E-03
  1.5790E+00  1.5163E+00  1.3941E+00  1.2306E+00  1.0440E+00  8.4965E-01  6.6199E-01  4.9372E-01  3.5164E-01  2.3600E-01  1.4870E-01  8.6718E-02  4.5909E-02  2.1474E-02  8.3873E-03  2.4437E-03
  2.4016E+00  2.3067E+00  2.1222E+00  1.8750E+00  1.5924E+00  1.2974E+00  1.0121E+00  7.5554E-01  5.3857E-01  3.6176E-01  2.2812E-01  1.3316E-01  7.0493E-02  3.3144E-02  1.2873E-02  3.6701E-03
  3.5879E+00  3.4468E+00  3.1732E+00  2.8062E+00  2.3856E+00  1.9458E+00  1.5197E+00  1.1356E+00  8.1015E-01  5.4462E-01  3.4367E-01  2.0076E-01  1.0642E-01  5.0031E-02  1.9456E-02  5.5635E-03
  5.2652E+00  5.0590E+00  4.6605E+00  4.1252E+00  3.5104E+00  2.8663E+00  2.2412E+00  1.6762E+00  1.1968E+00  8.0523E-01  5.0852E-01  2.9723E-01  1.5778E-01  7.4015E-02  2.8826E-02  8.1330E-03
  7.5894E+00  7.2933E+00  6.7230E+00  5.9560E+00  5.0733E+00  4.1467E+00  3.2461E+00  2.4300E+00  1.7365E+00  1.1692E+00  7.3879E-01  4.3234E-01  2.2958E-01  1.0764E-01  4.1756E-02  1.1865E-02
  1.0745E+01  1.0327E+01  9.5256E+00  8.4460E+00  7.2012E+00  5.8917E+00  4.6173E+00  3.4595E+00  2.4740E+00  1.6671E+00  1.0544E+00  6.1735E-01  3.2787E-01  1.5351E-01  5.9920E-02  1.8799E-02
  1.4944E+01  1.4364E+01  1.3256E+01  1.1763E+01  1.0039E+01  8.2212E+00  6.4499E+00  4.8368E+00  3.4621E+00  2.3347E+00  1.4772E+00  8.6610E-01  4.5893E-01  2.1535E-01  8.4085E-02  3.1152E-02
  2.0412E+01  1.9621E+01  1.8118E+01  1.6090E+01  1.3743E+01  1.1265E+01  8.8476E+00  6.6403E+00  4.7554E+00  3.2093E+00  2.0341E+00  1.1909E+00  6.3239E-01  2.9808E-01  1.1034E-01  4.8649E-02
  2.7385E+01  2.6326E+01  2.4320E+01  2.1613E+01  1.8476E+01  1.5159E+01  1.1917E+01  8.9516E+00  6.4183E+00  4.3361E+00  2.7464E+00  1.6092E+00  8.6154E-01  3.8581E-01  1.3616E-01  7.1034E-02
  3.6084E+01  3.4688E+01  3.2058E+01  2.8509E+01  2.4390E+01  2.0028E+01  1.5761E+01  1.1848E+01  8.4979E+00  5.7440E+00  3.6412E+00  2.1526E+00  1.1231E+00  4.2893E-01  1.6741E-01  1.0104E-01
  4.6694E+01  4.4885E+01  4.1498E+01  3.6927E+01  3.1614E+01  2.5981E+01  2.0464E+01  1.5397E+01  1.1058E+01  7.4774E+00  4.7672E+00  2.8018E+00  1.2644E+00  4.3642E-01  2.1288E-01  1.4067E-01
  5.9337E+01  5.7032E+01  5.2747E+01  4.6961E+01  4.0231E+01  3.3087E+01  2.6085E+01  1.9641E+01  1.4109E+01  9.5758E+00  6.1370E+00  3.2558E+00  1.2219E+00  4.6942E-01  2.7285E-01  1.8851E-01
  7.4039E+01  7.1154E+01  6.5823E+01  5.8630E+01  5.0255E+01  4.1360E+01  3.2635E+01  2.4588E+01  1.7695E+01  1.2110E+01  7.3032E+00  3.0973E+00  1.5506E+00  4.8916E-01  3.2786E-01  2.4011E-01
  9.0696E+01  8.7144E+01  8.0630E+01  7.1845E+01  6.1612E+01  5.0735E+01  4.0055E+01  3.0214E+01  2.1927E+01  1.4551E+01  7.0831E+00  3.9660E+00  2.0802E+00  5.5636E-01  3.4913E-01  2.8433E-01
  1.0904E+02  1.0474E+02  9.6924E+01  8.6386E+01  7.4108E+01  6.1048E+01  4.8243E+01  3.6597E+01  2.6205E+01  1.4558E+01  8.1662E+00  6.4050E+00  2.6920E+00  7.9769E-01  2.9824E-01  3.0244E-01
  1.2863E+02  1.2351E+02  1.1429E+02  1.0188E+02  8.7413E+01  7.2039E+01  5.7157E+01  4.3241E+01  2.7209E+01  1.4826E+01  1.4682E+01  8.7001E+00  4.1353E+00  1.3782E+00  2.3721E-01  2.6934E-01
  1.4879E+02  1.4281E+02  1.3213E+02  1.1778E+02  1.0107E+02  8.3481E+01  6.6313E+01  4.5930E+01  2.5157E+01  2.7556E+01  2.1184E+01  1.2573E+01  6.5834E+00  2.5578E+00  5.9494E-01  1.5710E-01
  1.6863E+02  1.6177E+02  1.4963E+02  1.3336E+02  1.1457E+02  9.4769E+01  7.0868E+01  4.0516E+01  4.3500E+01  4.2052E+01  2.9428E+01  1.9114E+01  1.0242E+01  4.4972E+00  1.3909E+00  9.4091E-02
  1.8705E+02  1.7931E+02  1.6579E+02  1.4780E+02  1.2704E+02  1.0053E+02  6.1765E+01  6.1110E+01  7.1311E+01  5.7203E+01  4.3253E+01  2.7710E+01  1.5610E+01  7.2732E+00  2.5924E+00  4.4215E-01
  2.0265E+02  1.9409E+02  1.7936E+02  1.5974E+02  1.3257E+02  8.7017E+01  7.8665E+01  1.0613E+02  9.7015E+01  8.1819E+01  6.0161E+01  3.9313E+01  2.2534E+01  1.0968E+01  4.1967E+00  9.3912E-01
  2.1364E+02  2.0428E+02  1.8821E+02  1.6250E+02  1.1318E+02  9.4236E+01  1.4174E+02  1.4484E+02  1.3505E+02  1.1064E+02  8.0679E+01  5.3481E+01  3.0933E+01  1.5437E+01  6.1478E+00  1.5570E+00
  2.1715E+02  2.0650E+02  1.8417E+02  1.3429E+02  1.0637E+02  1.7361E+02  1.9576E+02  1.9683E+02  1.7809E+02  1.4184E+02  1.0465E+02  6.8983E+01  4.0319E+01  2.0388E+01  8.3056E+00  2.2495E+00
  2.0635E+02  1.8849E+02  1.4090E+02  1.1352E+02  1.9953E+02  2.4331E+02  2.6069E+02  2.5362E+02  2.1862E+02  1.7622E+02  1.2804E+02  8.4885E+01  4.9693E+01  2.5334E+01  1.0463E+01  2.9457E+00
  1.5541E+02  1.1718E+02  1.1914E+02  2.2248E+02  2.8279E+02  3.1693E+02  3.2502E+02  2.9838E+02  2.5946E+02  2.0497E+02  1.4952E+02  9.8678E+01  5.8074E+01  2.9679E+01  1.2357E+01  3.5604E+00
  9.7864E+01  1.5625E+02  2.5162E+02  3.1052E+02  3.5230E+02  3.7345E+02  3.6245E+02  3.3598E+02  2.8564E+02  2.2702E+02  1.6452E+02  1.0898E+02  6.4111E+01  3.2865E+01  1.3740E+01  4.0095E+00
  1.8025E+02  2.2479E+02  2.8326E+02  3.3185E+02  3.6790E+02  3.8251E+02  3.7938E+02  3.4596E+02  2.9803E+02  2.3556E+02  1.7178E+02  1.1359E+02  6.7073E+01  3.4368E+01  1.4401E+01  4.2269E+00
  3.7163E+02  3.0195E+02  2.4425E+02  2.7308E+02  3.2486E+02  3.5433E+02  3.6142E+02  3.3444E+02  2.9077E+02  2.3117E+02  1.6922E+02  1.1208E+02  6.6352E+01  3.3999E+01  1.4248E+01  4.1804E+00
  4.5971E+02  3.9626E+02  2.8139E+02  2.3565E+02  2.7003E+02  3.0976E+02  3.1818E+02  3.0646E+02  2.6643E+02  2.1512E+02  1.5748E+02  1.0479E+02  6.2097E+01  3.1827E+01  1.3305E+01  3.8779E+00
  3.9692E+02  3.6717E+02  2.8334E+02  2.1533E+02  2.1855E+02  2.5180E+02  2.7342E+02  2.6127E+02  2.3398E+02  1.8889E+02  1.3976E+02  9.2762E+01  5.5211E+01  2.8187E+01  1.1722E+01  3.3674E+00
  3.3927E+02  3.2480E+02  2.8219E+02  2.0166E+02  1.7919E+02  1.9630E+02  2.1678E+02  2.1868E+02  1.9309E+02  1.5954E+02  1.1756E+02  7.8399E+01  4.6515E+01  2.3658E+01  9.7298E+00  2.7224E+00
  2.9385E+02  2.8302E+02  2.6190E+02  2.1313E+02  1.4534E+02  1.5358E+02  1.6543E+02  1.6997E+02  1.5663E+02  1.2746E+02  9.5170E+01  6.2966E+01  3.7324E+01  1.8799E+01  7.5855E+00  2.0299E+00
  2.5433E+02  2.4484E+02  2.2861E+02  2.0341E+02  1.5345E+02  1.0639E+02  1.2767E+02  1.2739E+02  1.1977E+02  9.9913E+01  7.3277E+01  4.8655E+01  2.8470E+01  1.4143E+01  5.5296E+00  1.3690E+00
  2.1846E+02  2.1015E+02  1.9579E+02  1.7660E+02  1.5019E+02  1.0403E+02  8.0113E+01  9.8217E+01  8.8032E+01  7.5096E+01  5.5181E+01  3.6008E+01  2.0781E+01  1.0080E+01  3.7370E+00  8.0034E-01
  1.8557E+02  1.7844E+02  1.6593E+02  1.4917E+02  1.2971E+02  1.0465E+02  6.6268E+01  6.0463E+01  6.7672E+01  5.3951E+01  4.0625E+01  2.5888E+01  1.4568E+01  6.8018E+00  2.3114E+00  3.5919E-01
  1.5552E+02  1.4952E+02  1.3888E+02  1.2457E+02  1.0790E+02  9.0230E+01  6.8371E+01  3.9905E+01  4.3281E+01  4.1351E+01  2.8707E+01  1.8516E+01  9.8114E+00  4.3801E+00  1.2799E+00  6.4591E-02
  1.2841E+02  1.2344E+02  1.1458E+02  1.0266E+02  8.8673E+01  7.3861E+01  5.9262E+01  4.1274E+01  2.3853E+01  2.8212E+01  2.1679E+01  1.2837E+01  6.6256E+00  2.6841E+00  6.1156E-01  1.4232E-01
  1.0436E+02  1.0033E+02  9.3083E+01  8.3335E+01  7.1911E+01  5.9690E+01  4.7740E+01  3.6457E+01  2.2907E+01  1.4325E+01  1.5612E+01  9.4108E+00  4.4791E+00  1.6147E+00  2.6378E-01  2.2762E-01
  8.3437E+01  8.0225E+01  7.4404E+01  6.6576E+01  5.7413E+01  4.7616E+01  3.7896E+01  2.8974E+01  2.0925E+01  1.1504E+01  8.3155E+00  7.1528E+00  3.1604E+00  1.0229E+00  1.8385E-01  2.4706E-01
  6.5608E+01  6.3091E+01  5.8495E+01  5.2318E+01  4.5094E+01  3.7380E+01  2.9720E+01  2.2579E+01  1.6537E+01  1.1046E+01  5.3467E+00  4.2709E+00  2.4908E+00  6.9463E-01  1.8781E-01  2.2673E-01
  5.0722E+01  4.8783E+01  4.5219E+01  4.0431E+01  3.4832E+01  2.8859E+01  2.2934E+01  1.7404E+01  1.2610E+01  8.7355E+00  5.2511E+00  2.3260E+00  1.7342E+00  5.4900E-01  1.7184E-01  1.8775E-01
  3.8549E+01  3.7081E+01  3.4365E+01  3.0718E+01  2.6455E+01  2.1908E+01  1.7399E+01  1.3201E+01  9.5412E+00  6.5189E+00  4.2500E+00  2.1897E+00  9.5304E-01  4.6056E-01  1.4095E-01  1.4515E-01
  2.8798E+01  2.7705E+01  2.5671E+01  2.2941E+01  1.9751E+01  1.6350E+01  1.2977E+01  9.8418E+00  7.1171E+00  4.8313E+00  3.1139E+00  1.8517E+00  7.8359E-01  3.2064E-01  1.1041E-01  1.0644E-01
  2.1143E+01  2.0343E+01  1.8847E+01  1.6839E+01  1.4494E+01  1.1994E+01  9.5146E+00  7.2115E+00  5.2100E+00  3.5397E+00  2.2490E+00  1.3573E+00  6.9491E-01  2.4316E-01  8.8914E-02  7.4302E-02
  1.5256E+01  1.4681E+01  1.3599E+01  1.2147E+01  1.0453E+01  8.6476E+00  6.8567E+00  5.1950E+00  3.7519E+00  2.5490E+00  1.6181E+00  9.5458E-01  5.1890E-01  2.1810E-01  7.0776E-02  5.0161E-02
  1.0818E+01  1.0411E+01  9.6421E+00  8.6113E+00  7.4088E+00  6.1272E+00  4.8561E+00  3.6777E+00  2.6541E+00  1.8003E+00  1.1444E+00  6.6934E-01  3.6228E-01  1.6684E-01  5.6674E-02  3.2260E-02
  7.5383E+00  7.2550E+00  6.7182E+00  5.9988E+00  5.1600E+00  4.2662E+00  3.3797E+00  2.5587E+00  1.8460E+00  1.2525E+00  7.9429E-01  4.6527E-01  2.4679E-01  1.1686E-01  4.3002E-02  1.8480E-02
  5.1617E+00  4.9680E+00  4.5996E+00  4.1062E+00  3.5313E+00  2.9188E+00  2.3113E+00  1.7493E+00  1.2614E+00  8.5484E-01  5.4257E-01  3.1751E-01  1.6756E-01  7.9754E-02  2.9631E-02  9.5707E-03
  3.4731E+00  3.3428E+00  3.0944E+00  2.7618E+00  2.3746E+00  1.9622E+00  1.5531E+00  1.1750E+00  8.4699E-01  5.7404E-01  3.6364E-01  2.1270E-01  1.1256E-01  5.2586E-02  1.9867E-02  5.3661E-03
  2.2964E+00  2.2102E+00  2.0455E+00  1.8253E+00  1.5690E+00  1.2961E+00  1.0254E+00  7.7554E-01  5.5878E-01  3.7842E-01  2.3992E-01  1.4011E-01  7.4012E-02  3.4415E-02  1.3346E-02  3.6059E-03
  1.4919E+00  1.4359E+00  1.3286E+00  1.1853E+00  1.0186E+00  8.4117E-01  6.6520E-01  5.0292E-01  3.6220E-01  2.4521E-01  1.5526E-01  9.0727E-02  4.7794E-02  2.2280E-02  8.6324E-03  2.4867E-03
  9.5244E-01  9.1659E-01  8.4793E-01  7.5623E-01  6.4970E-01  5.3637E-01  4.2397E-01  3.2043E-01  2.3067E-01  1.5607E-01  9.8824E-02  5.7672E-02  3.0443E-02  1.4106E-02  5.4367E-03  1.6011E-03
  5.9746E-01  5.7492E-01  5.3172E-01  4.7408E-01  4.0717E-01  3.3603E-01  2.6549E-01  2.0057E-01  1.4432E-01  9.7601E-02  6.1750E-02  3.6045E-02  1.8950E-02  8.8198E-03  3.3966E-03  8.7404E-04
  3.6826E-01  3.5433E-01  3.2761E-01  2.9201E-01  2.5071E-01  2.0683E-01  1.6333E-01  1.2335E-01  8.8712E-02  5.9962E-02  3.7927E-02  2.2119E-02  1.1672E-02  5.3809E-03  2.0716E-03  6.7869E-04
  2.2304E-01  2.1457E-01  1.9833E-01  1.7672E-01  1.5167E-01  1.2508E-01  9.8722E-02  7.4524E-02  5.3574E-02  3.6197E-02  2.2885E-02  1.3343E-02  7.0062E-03  3.2570E-03  1.2398E-03  5.9118E-04
  1.3273E-01  1.2767E-01  1.1797E-01  1.0508E-01  9.0149E-02  7.4309E-02  5.8616E-02  4.4231E-02  3.1790E-02  2.1479E-02  1.3581E-02  7.9138E-03  4.1645E-03  1.9225E-03  7.3151E-04  3.4230E-04
  7.7614E-02  7.4642E-02  6.8952E-02  6.1393E-02  5.2659E-02  4.3403E-02  3.4240E-02  2.5854E-02  1.8596E-02  1.2565E-02  7.9316E-03  4.6055E-03  2.4082E-03  1.1116E-03  4.2831E-04  1.6323E-04
  4.4609E-02  4.2875E-02  3.9560E-02  3.5165E-02  3.0103E-02  2.4764E-02  1.9502E-02  1.4710E-02  1.0564E-02  7.1196E-03  4.4823E-03  2.6026E-03  1.3696E-03  6.3660E-04  2.4195E-04  7.8363E-05
  2.5147E-02  2.4277E-02  2.2599E-02  2.0345E-02  1.7688E-02  1.4790E-02  1.1810E-02  8.9802E-03  6.4786E-03  4.3651E-03  2.7449E-03  1.5904E-03  8.2990E-04  3.7817E-04  1.4530E-04  5.4151E-05
