# CREATED BY GENE DIAGNOSTICS TOOL on Sat May 17 17:59:53 2025 /home/unix/ottink/gene/diagnostics
# diag: vsp1, run(s): vim010vep001, time window: 108-108.06936(1 steps), species: i
# original data path: /Differ/Data/IMT/lottink/Tokamak_nTEM/vres_scan/v1/
# normalization: L_ref=1.65m
#
# vpar
 -3.0000E+00
 -2.9528E+00
 -2.9055E+00
 -2.8583E+00
 -2.8110E+00
 -2.7638E+00
 -2.7165E+00
 -2.6693E+00
 -2.6220E+00
 -2.5748E+00
 -2.5276E+00
 -2.4803E+00
 -2.4331E+00
 -2.3858E+00
 -2.3386E+00
 -2.2913E+00
 -2.2441E+00
 -2.1969E+00
 -2.1496E+00
 -2.1024E+00
 -2.0551E+00
 -2.0079E+00
 -1.9606E+00
 -1.9134E+00
 -1.8661E+00
 -1.8189E+00
 -1.7717E+00
 -1.7244E+00
 -1.6772E+00
 -1.6299E+00
 -1.5827E+00
 -1.5354E+00
 -1.4882E+00
 -1.4409E+00
 -1.3937E+00
 -1.3465E+00
 -1.2992E+00
 -1.2520E+00
 -1.2047E+00
 -1.1575E+00
 -1.1102E+00
 -1.0630E+00
 -1.0157E+00
 -9.6850E-01
 -9.2126E-01
 -8.7402E-01
 -8.2677E-01
 -7.7953E-01
 -7.3228E-01
 -6.8504E-01
 -6.3780E-01
 -5.9055E-01
 -5.4331E-01
 -4.9606E-01
 -4.4882E-01
 -4.0157E-01
 -3.5433E-01
 -3.0709E-01
 -2.5984E-01
 -2.1260E-01
 -1.6535E-01
 -1.1811E-01
 -7.0866E-02
 -2.3622E-02
  2.3622E-02
  7.0866E-02
  1.1811E-01
  1.6535E-01
  2.1260E-01
  2.5984E-01
  3.0709E-01
  3.5433E-01
  4.0157E-01
  4.4882E-01
  4.9606E-01
  5.4331E-01
  5.9055E-01
  6.3780E-01
  6.8504E-01
  7.3228E-01
  7.7953E-01
  8.2677E-01
  8.7402E-01
  9.2126E-01
  9.6850E-01
  1.0157E+00
  1.0630E+00
  1.1102E+00
  1.1575E+00
  1.2047E+00
  1.2520E+00
  1.2992E+00
  1.3465E+00
  1.3937E+00
  1.4409E+00
  1.4882E+00
  1.5354E+00
  1.5827E+00
  1.6299E+00
  1.6772E+00
  1.7244E+00
  1.7717E+00
  1.8189E+00
  1.8661E+00
  1.9134E+00
  1.9606E+00
  2.0079E+00
  2.0551E+00
  2.1024E+00
  2.1496E+00
  2.1969E+00
  2.2441E+00
  2.2913E+00
  2.3386E+00
  2.3858E+00
  2.4331E+00
  2.4803E+00
  2.5276E+00
  2.5748E+00
  2.6220E+00
  2.6693E+00
  2.7165E+00
  2.7638E+00
  2.8110E+00
  2.8583E+00
  2.9055E+00
  2.9528E+00
  3.0000E+00


# mu
  5.5286E-02
  2.9341E-01
  7.3088E-01
  1.3853E+00
  2.2877E+00
  3.4931E+00
  5.1107E+00
  7.4232E+00


# trapped boundary
#  mu         vpar      
  5.5286E-02 -1.3503E-01
  5.5286E-02  1.4677E-01
  2.9341E-01 -3.2290E-01
  2.9341E-01  3.3464E-01
  7.3088E-01 -5.1076E-01
  7.3088E-01  5.2251E-01
  1.3853E+00 -7.1037E-01
  1.3853E+00  7.2211E-01
  2.2877E+00 -9.2172E-01
  2.2877E+00  9.3346E-01
  3.4931E+00 -1.1331E+00
  3.4931E+00  1.1448E+00
  5.1107E+00 -1.3679E+00
  5.1107E+00  1.3796E+00
  7.4232E+00 -1.6614E+00
  7.4232E+00  1.6732E+00


# , time = 108.06936, var = <|f|^2>^(1/2) , z = 0
  1.0655E-03  8.3132E-04  6.2198E-04  4.0692E-04  2.2892E-04  1.0539E-04  3.4399E-05  5.3433E-06
  1.3354E-03  9.8785E-04  7.6243E-04  5.8462E-04  3.7035E-04  1.6450E-04  4.7772E-05  6.3002E-06
  1.7132E-03  1.2497E-03  9.1459E-04  6.5614E-04  4.1453E-04  1.8807E-04  5.6755E-05  8.1610E-06
  2.2556E-03  1.6340E-03  1.1922E-03  8.7531E-04  5.7225E-04  2.6616E-04  8.0893E-05  1.1331E-05
  3.0344E-03  2.1954E-03  1.5630E-03  1.1118E-03  7.1830E-04  3.3497E-04  1.0139E-04  1.4863E-05
  4.1387E-03  3.0118E-03  2.1061E-03  1.4660E-03  9.4592E-04  4.4525E-04  1.3586E-04  2.0020E-05
  5.6708E-03  4.1738E-03  2.8770E-03  1.9365E-03  1.2226E-03  5.7491E-04  1.7555E-04  2.5647E-05
  7.7482E-03  5.7899E-03  3.9624E-03  2.5879E-03  1.5967E-03  7.4996E-04  2.2913E-04  3.4037E-05
  1.0506E-02  7.9899E-03  5.4647E-03  3.4741E-03  2.0817E-03  9.6966E-04  2.9616E-04  4.3239E-05
  1.4100E-02  1.0929E-02  7.5121E-03  4.6760E-03  2.7200E-03  1.2541E-03  3.8263E-04  5.6664E-05
  1.8721E-02  1.4795E-02  1.0262E-02  6.2905E-03  3.5534E-03  1.6158E-03  4.9145E-04  7.1564E-05
  2.4624E-02  1.9830E-02  1.3912E-02  8.4413E-03  4.6394E-03  2.0775E-03  6.3001E-04  9.3564E-05
  3.2165E-02  2.6343E-02  1.8704E-02  1.1281E-02  6.0478E-03  2.6629E-03  8.0285E-04  1.1762E-04
  4.1847E-02  3.4742E-02  2.4938E-02  1.4995E-02  7.8649E-03  3.4034E-03  1.0204E-03  1.5033E-04
  5.4370E-02  4.5560E-02  3.2983E-02  1.9812E-02  1.0196E-02  4.3357E-03  1.2915E-03  1.9271E-04
  7.0676E-02  5.9487E-02  4.3294E-02  2.6003E-02  1.3169E-02  5.5046E-03  1.6268E-03  2.3913E-04
  9.1963E-02  7.7400E-02  5.6423E-02  3.3894E-02  1.6937E-02  6.9632E-03  2.0443E-03  3.0062E-04
  1.1967E-01  1.0037E-01  7.3033E-02  4.3868E-02  2.1681E-02  8.7747E-03  2.5518E-03  3.7774E-04
  1.5543E-01  1.2966E-01  9.3918E-02  5.6374E-02  2.7614E-02  1.1013E-02  3.1775E-03  4.6219E-04
  2.0105E-01  1.6672E-01  1.2001E-01  7.1935E-02  3.4984E-02  1.3764E-02  3.9338E-03  5.6667E-04
  2.5851E-01  2.1320E-01  1.5239E-01  9.1153E-02  4.4077E-02  1.7127E-02  4.8529E-03  7.0555E-04
  3.2996E-01  2.7092E-01  1.9231E-01  1.1471E-01  5.5218E-02  2.1216E-02  5.9648E-03  8.5100E-04
  4.1776E-01  3.4190E-01  2.4117E-01  1.4340E-01  6.8774E-02  2.6160E-02  7.2973E-03  1.0334E-03
  5.2459E-01  4.2836E-01  3.0054E-01  1.7808E-01  8.5158E-02  3.2107E-02  8.8979E-03  1.2755E-03
  6.5339E-01  5.3273E-01  3.7218E-01  2.1974E-01  1.0483E-01  3.9217E-02  1.0782E-02  1.5256E-03
  8.0739E-01  6.5768E-01  4.5800E-01  2.6950E-01  1.2830E-01  4.7675E-02  1.3015E-02  1.8452E-03
  9.8996E-01  8.0611E-01  5.6011E-01  3.2858E-01  1.5612E-01  5.7676E-02  1.5626E-02  2.2408E-03
  1.2045E+00  9.8110E-01  6.8078E-01  3.9830E-01  1.8890E-01  6.9428E-02  1.8660E-02  2.6590E-03
  1.4546E+00  1.1859E+00  8.2242E-01  4.8011E-01  2.2729E-01  8.3172E-02  2.2243E-02  3.1750E-03
  1.7437E+00  1.4237E+00  9.8758E-01  5.7554E-01  2.7200E-01  9.9152E-02  2.6411E-02  3.7848E-03
  2.0754E+00  1.6979E+00  1.1789E+00  6.8621E-01  3.2376E-01  1.1765E-01  3.1247E-02  4.4302E-03
  2.4534E+00  2.0120E+00  1.3991E+00  8.1380E-01  3.8333E-01  1.3895E-01  3.6902E-02  5.2109E-03
  2.8818E+00  2.3694E+00  1.6511E+00  9.6008E-01  4.5152E-01  1.6326E-01  4.3420E-02  6.1093E-03
  3.3648E+00  2.7738E+00  1.9377E+00  1.1268E+00  5.2911E-01  1.9085E-01  5.0792E-02  7.0563E-03
  3.9067E+00  3.2290E+00  2.2617E+00  1.3158E+00  6.1691E-01  2.2199E-01  5.9168E-02  8.2103E-03
  4.5118E+00  3.7385E+00  2.6258E+00  1.5286E+00  7.1566E-01  2.5716E-01  6.8660E-02  9.4657E-03
  5.1842E+00  4.3059E+00  3.0328E+00  1.7671E+00  8.2611E-01  2.9689E-01  7.9057E-02  1.0801E-02
  5.9281E+00  4.9349E+00  3.4852E+00  2.0325E+00  9.4895E-01  3.4175E-01  9.0588E-02  1.2376E-02
  6.7475E+00  5.6288E+00  3.9851E+00  2.3262E+00  1.0847E+00  3.9227E-01  1.0329E-01  1.3971E-02
  7.6467E+00  6.3904E+00  4.5344E+00  2.6492E+00  1.2339E+00  4.4849E-01  1.1672E-01  1.5680E-02
  8.6290E+00  7.2222E+00  5.1345E+00  3.0024E+00  1.3969E+00  5.1013E-01  1.3109E-01  1.7572E-02
  9.6971E+00  8.1258E+00  5.7866E+00  3.3862E+00  1.5744E+00  5.7671E-01  1.4638E-01  1.9380E-02
  1.0852E+01  9.1021E+00  6.4909E+00  3.8007E+00  1.7675E+00  6.4732E-01  1.6213E-01  2.1353E-02
  1.2094E+01  1.0151E+01  7.2471E+00  4.2455E+00  1.9774E+00  7.2128E-01  1.7869E-01  2.3399E-02
  1.3421E+01  1.1271E+01  8.0541E+00  4.7199E+00  2.2041E+00  7.9857E-01  1.9621E-01  2.5341E-02
  1.4830E+01  1.2460E+01  8.9097E+00  5.2224E+00  2.4455E+00  8.7926E-01  2.1425E-01  2.7568E-02
  1.6314E+01  1.3713E+01  9.8109E+00  5.7516E+00  2.6988E+00  9.6349E-01  2.3323E-01  2.9741E-02
  1.7866E+01  1.5024E+01  1.0753E+01  6.3061E+00  2.9611E+00  1.0516E+00  2.5350E-01  3.1939E-02
  1.9477E+01  1.6386E+01  1.1731E+01  6.8842E+00  3.2316E+00  1.1438E+00  2.7418E-01  3.4458E-02
  2.1135E+01  1.7788E+01  1.2738E+01  7.4825E+00  3.5098E+00  1.2395E+00  2.9587E-01  3.6730E-02
  2.2826E+01  1.9218E+01  1.3766E+01  8.0956E+00  3.7952E+00  1.3378E+00  3.1860E-01  3.9240E-02
  2.4535E+01  2.0664E+01  1.4806E+01  8.7174E+00  4.0861E+00  1.4384E+00  3.4091E-01  4.1865E-02
  2.6241E+01  2.2108E+01  1.5849E+01  9.3426E+00  4.3796E+00  1.5397E+00  3.6370E-01  4.4168E-02
  2.7924E+01  2.3535E+01  1.6883E+01  9.9654E+00  4.6724E+00  1.6395E+00  3.8647E-01  4.6843E-02
  2.9561E+01  2.4925E+01  1.7896E+01  1.0579E+01  4.9601E+00  1.7373E+00  4.0752E-01  4.9187E-02
  3.1125E+01  2.6256E+01  1.8873E+01  1.1173E+01  5.2387E+00  1.8316E+00  4.2847E-01  5.1331E-02
  3.2588E+01  2.7508E+01  1.9798E+01  1.1740E+01  5.5041E+00  1.9199E+00  4.4831E-01  5.3786E-02
  3.3922E+01  2.8654E+01  2.0655E+01  1.2267E+01  5.7522E+00  2.0026E+00  4.6581E-01  5.5693E-02
  3.5096E+01  2.9672E+01  2.1425E+01  1.2747E+01  5.9795E+00  2.0799E+00  4.8329E-01  5.7680E-02
  3.6082E+01  3.0538E+01  2.2094E+01  1.3172E+01  6.1848E+00  2.1507E+00  4.9980E-01  5.9776E-02
  3.6854E+01  3.1234E+01  2.2653E+01  1.3545E+01  6.3748E+00  2.2200E+00  5.1639E-01  6.1824E-02
  3.7393E+01  3.1761E+01  2.3126E+01  1.3890E+01  6.5619E+00  2.2921E+00  5.3512E-01  6.4521E-02
  3.7711E+01  3.2224E+01  2.3690E+01  1.4384E+01  6.8616E+00  2.4162E+00  5.6835E-01  6.9083E-02
  3.7871E+01  3.2888E+01  2.4735E+01  1.5386E+01  7.5165E+00  2.7106E+00  6.5335E-01  8.1422E-02
  3.7047E+01  3.0329E+01  2.0804E+01  1.1581E+01  5.0134E+00  1.5900E+00  3.3457E-01  3.6125E-02
  3.6683E+01  3.0541E+01  2.1513E+01  1.2380E+01  5.5741E+00  1.8521E+00  4.1207E-01  4.7570E-02
  3.5972E+01  3.0114E+01  2.1415E+01  1.2475E+01  5.6934E+00  1.9200E+00  4.3438E-01  5.1105E-02
  3.5006E+01  2.9343E+01  2.0924E+01  1.2238E+01  5.6174E+00  1.9095E+00  4.3680E-01  5.2197E-02
  3.3840E+01  2.8372E+01  2.0248E+01  1.1868E+01  5.4700E+00  1.8720E+00  4.3179E-01  5.2025E-02
  3.2508E+01  2.7248E+01  1.9447E+01  1.1411E+01  5.2749E+00  1.8153E+00  4.2235E-01  5.1428E-02
  3.1040E+01  2.6005E+01  1.8553E+01  1.0894E+01  5.0495E+00  1.7475E+00  4.0991E-01  5.0258E-02
  2.9466E+01  2.4674E+01  1.7588E+01  1.0335E+01  4.8034E+00  1.6704E+00  3.9389E-01  4.8528E-02
  2.7817E+01  2.3280E+01  1.6575E+01  9.7460E+00  4.5428E+00  1.5872E+00  3.7707E-01  4.6942E-02
  2.6118E+01  2.1846E+01  1.5531E+01  9.1364E+00  4.2721E+00  1.5007E+00  3.5878E-01  4.4704E-02
  2.4394E+01  2.0394E+01  1.4477E+01  8.5143E+00  3.9947E+00  1.4106E+00  3.3835E-01  4.2325E-02
  2.2667E+01  1.8941E+01  1.3428E+01  7.8872E+00  3.7131E+00  1.3176E+00  3.1794E-01  4.0055E-02
  2.0956E+01  1.7503E+01  1.2397E+01  7.2625E+00  3.4295E+00  1.2233E+00  2.9650E-01  3.7239E-02
  1.9278E+01  1.6093E+01  1.1391E+01  6.6495E+00  3.1469E+00  1.1280E+00  2.7405E-01  3.4658E-02
  1.7649E+01  1.4725E+01  1.0416E+01  6.0583E+00  2.8686E+00  1.0324E+00  2.5218E-01  3.1968E-02
  1.6079E+01  1.3408E+01  9.4793E+00  5.4968E+00  2.5977E+00  9.3859E-01  2.3008E-01  2.9114E-02
  1.4579E+01  1.2150E+01  8.5852E+00  4.9682E+00  2.3372E+00  8.4776E-01  2.0828E-01  2.6642E-02
  1.3157E+01  1.0959E+01  7.7383E+00  4.4723E+00  2.0903E+00  7.6078E-01  1.8782E-01  2.4021E-02
  1.1818E+01  9.8381E+00  6.9417E+00  4.0082E+00  1.8599E+00  6.7879E-01  1.6812E-01  2.1588E-02
  1.0566E+01  8.7914E+00  6.1973E+00  3.5753E+00  1.6481E+00  6.0243E-01  1.4965E-01  1.9419E-02
  9.4046E+00  7.8202E+00  5.5064E+00  3.1737E+00  1.4556E+00  5.3178E-01  1.3286E-01  1.7181E-02
  8.3342E+00  6.9249E+00  4.8692E+00  2.8035E+00  1.2817E+00  4.6681E-01  1.1724E-01  1.5267E-02
  7.3540E+00  6.1044E+00  4.2851E+00  2.4643E+00  1.1250E+00  4.0766E-01  1.0292E-01  1.3476E-02
  6.4615E+00  5.3568E+00  3.7529E+00  2.1554E+00  9.8379E-01  3.5416E-01  9.0174E-02  1.1740E-02
  5.6530E+00  4.6792E+00  3.2709E+00  1.8759E+00  8.5643E-01  3.0597E-01  7.8541E-02  1.0309E-02
  4.9238E+00  4.0682E+00  2.8367E+00  1.6245E+00  7.4193E-01  2.6311E-01  6.8035E-02  8.9258E-03
  4.2691E+00  3.5200E+00  2.4479E+00  1.3998E+00  6.3956E-01  2.2541E-01  5.8878E-02  7.6814E-03
  3.6836E+00  3.0305E+00  2.1015E+00  1.2001E+00  5.4860E-01  1.9253E-01  5.0614E-02  6.6740E-03
  3.1625E+00  2.5957E+00  1.7948E+00  1.0236E+00  4.6827E-01  1.6407E-01  4.3208E-02  5.6862E-03
  2.7009E+00  2.2113E+00  1.5246E+00  8.6866E-01  3.9769E-01  1.3941E-01  3.6789E-02  4.8702E-03
  2.2939E+00  1.8733E+00  1.2879E+00  7.3330E-01  3.3603E-01  1.1797E-01  3.1052E-02  4.1934E-03
  1.9368E+00  1.5776E+00  1.0819E+00  6.1577E-01  2.8246E-01  9.9340E-02  2.6008E-02  3.5266E-03
  1.6252E+00  1.3205E+00  9.0374E-01  5.1433E-01  2.3618E-01  8.3189E-02  2.1719E-02  3.0055E-03
  1.3548E+00  1.0984E+00  7.5055E-01  4.2732E-01  1.9644E-01  6.9315E-02  1.8073E-02  2.5424E-03
  1.1217E+00  9.0780E-01  6.1971E-01  3.5311E-01  1.6250E-01  5.7478E-02  1.4967E-02  2.0976E-03
  9.2221E-01  7.4537E-01  5.0867E-01  2.9021E-01  1.3369E-01  4.7437E-02  1.2389E-02  1.7578E-03
  7.5271E-01  6.0795E-01  4.1505E-01  2.3719E-01  1.0937E-01  3.8969E-02  1.0252E-02  1.4549E-03
  6.0991E-01  4.9256E-01  3.3662E-01  1.9276E-01  8.8971E-02  3.1846E-02  8.4299E-03  1.1704E-03
  4.9064E-01  3.9637E-01  2.7134E-01  1.5574E-01  7.1962E-02  2.5896E-02  6.9150E-03  9.7026E-04
  3.9183E-01  3.1680E-01  2.1739E-01  1.2508E-01  5.7867E-02  2.0955E-02  5.6459E-03  7.9036E-04
  3.1062E-01  2.5145E-01  1.7310E-01  9.9843E-02  4.6262E-02  1.6874E-02  4.5719E-03  6.2210E-04
  2.4440E-01  1.9820E-01  1.3699E-01  7.9201E-02  3.6769E-02  1.3525E-02  3.6918E-03  5.1776E-04
  1.9085E-01  1.5517E-01  1.0776E-01  6.2425E-02  2.9056E-02  1.0789E-02  2.9625E-03  4.1528E-04
  1.4794E-01  1.2070E-01  8.4240E-02  4.8880E-02  2.2829E-02  8.5674E-03  2.3718E-03  3.2540E-04
  1.1393E-01  9.3327E-02  6.5454E-02  3.8018E-02  1.7837E-02  6.7734E-03  1.8917E-03  2.7039E-04
  8.7264E-02  7.1789E-02  5.0544E-02  2.9368E-02  1.3860E-02  5.3323E-03  1.5015E-03  2.1574E-04
  6.6580E-02  5.4969E-02  3.8788E-02  2.2530E-02  1.0715E-02  4.1807E-03  1.1902E-03  1.6796E-04
  5.0672E-02  4.1914E-02  2.9575E-02  1.7168E-02  8.2430E-03  3.2651E-03  9.3459E-04  1.3601E-04
  3.8498E-02  3.1825E-02  2.2400E-02  1.2995E-02  6.3129E-03  2.5407E-03  7.3431E-04  1.0836E-04
  2.9201E-02  2.4051E-02  1.6847E-02  9.7736E-03  4.8154E-03  1.9701E-03  5.7202E-04  8.1453E-05
  2.2096E-02  1.8078E-02  1.2578E-02  7.3070E-03  3.6606E-03  1.5228E-03  4.4506E-04  6.4845E-05
  1.6654E-02  1.3499E-02  9.3197E-03  5.4333E-03  2.7750E-03  1.1736E-03  3.4507E-04  5.0263E-05
  1.2477E-02  1.0003E-02  6.8532E-03  4.0214E-03  2.0992E-03  9.0203E-04  2.6597E-04  3.7174E-05
  9.2721E-03  7.3468E-03  5.0027E-03  2.9659E-03  1.5859E-03  6.9139E-04  2.0489E-04  2.9679E-05
  6.8236E-03  5.3450E-03  3.6278E-03  2.1830E-03  1.1976E-03  5.2886E-04  1.5672E-04  2.1940E-05
  4.9674E-03  3.8516E-03  2.6172E-03  1.6063E-03  9.0436E-04  4.0318E-04  1.1962E-04  1.7303E-05
  3.5769E-03  2.7512E-03  1.8826E-03  1.1845E-03  6.8421E-04  3.0729E-04  9.1168E-05  1.2863E-05
  2.5515E-03  1.9528E-03  1.3546E-03  8.7658E-04  5.1698E-04  2.3250E-04  6.8815E-05  9.9759E-06
  1.8098E-03  1.3836E-03  9.7959E-04  6.5433E-04  3.9389E-04  1.7718E-04  5.2480E-05  7.6777E-06
  1.2845E-03  9.8503E-04  7.1460E-04  4.8879E-04  2.9535E-04  1.3192E-04  3.8754E-05  5.3673E-06
  9.1986E-04  7.1078E-04  5.3185E-04  3.7666E-04  2.3073E-04  1.0260E-04  3.0285E-05  4.6430E-06
  6.7070E-04  5.2264E-04  3.9421E-04  2.7544E-04  1.6529E-04  7.2340E-05  2.1167E-05  2.6407E-06
  5.0060E-04  4.0040E-04  3.2388E-04  2.4062E-04  1.4404E-04  6.1621E-05  1.7418E-05  2.6655E-06
  3.8350E-04  2.9708E-04  2.2436E-04  1.5304E-04  8.7304E-05  3.9039E-05  1.2241E-05  1.5320E-06
