# CREATED BY GENE DIAGNOSTICS TOOL on Sat May 17 20:36:00 2025 /home/unix/ottink/gene/diagnostics
# diag: vsp1, run(s): TokITGv1, time window: 291.2-291.2274(1 steps), species: i
# original data path: /Differ/Data/IMT/lottink/Tokamak_ITG/dFdvp/v2/
# normalization: L_ref=1.65m
#
# vpar
 -3.0000E+00
 -2.9528E+00
 -2.9055E+00
 -2.8583E+00
 -2.8110E+00
 -2.7638E+00
 -2.7165E+00
 -2.6693E+00
 -2.6220E+00
 -2.5748E+00
 -2.5276E+00
 -2.4803E+00
 -2.4331E+00
 -2.3858E+00
 -2.3386E+00
 -2.2913E+00
 -2.2441E+00
 -2.1969E+00
 -2.1496E+00
 -2.1024E+00
 -2.0551E+00
 -2.0079E+00
 -1.9606E+00
 -1.9134E+00
 -1.8661E+00
 -1.8189E+00
 -1.7717E+00
 -1.7244E+00
 -1.6772E+00
 -1.6299E+00
 -1.5827E+00
 -1.5354E+00
 -1.4882E+00
 -1.4409E+00
 -1.3937E+00
 -1.3465E+00
 -1.2992E+00
 -1.2520E+00
 -1.2047E+00
 -1.1575E+00
 -1.1102E+00
 -1.0630E+00
 -1.0157E+00
 -9.6850E-01
 -9.2126E-01
 -8.7402E-01
 -8.2677E-01
 -7.7953E-01
 -7.3228E-01
 -6.8504E-01
 -6.3780E-01
 -5.9055E-01
 -5.4331E-01
 -4.9606E-01
 -4.4882E-01
 -4.0157E-01
 -3.5433E-01
 -3.0709E-01
 -2.5984E-01
 -2.1260E-01
 -1.6535E-01
 -1.1811E-01
 -7.0866E-02
 -2.3622E-02
  2.3622E-02
  7.0866E-02
  1.1811E-01
  1.6535E-01
  2.1260E-01
  2.5984E-01
  3.0709E-01
  3.5433E-01
  4.0157E-01
  4.4882E-01
  4.9606E-01
  5.4331E-01
  5.9055E-01
  6.3780E-01
  6.8504E-01
  7.3228E-01
  7.7953E-01
  8.2677E-01
  8.7402E-01
  9.2126E-01
  9.6850E-01
  1.0157E+00
  1.0630E+00
  1.1102E+00
  1.1575E+00
  1.2047E+00
  1.2520E+00
  1.2992E+00
  1.3465E+00
  1.3937E+00
  1.4409E+00
  1.4882E+00
  1.5354E+00
  1.5827E+00
  1.6299E+00
  1.6772E+00
  1.7244E+00
  1.7717E+00
  1.8189E+00
  1.8661E+00
  1.9134E+00
  1.9606E+00
  2.0079E+00
  2.0551E+00
  2.1024E+00
  2.1496E+00
  2.1969E+00
  2.2441E+00
  2.2913E+00
  2.3386E+00
  2.3858E+00
  2.4331E+00
  2.4803E+00
  2.5276E+00
  2.5748E+00
  2.6220E+00
  2.6693E+00
  2.7165E+00
  2.7638E+00
  2.8110E+00
  2.8583E+00
  2.9055E+00
  2.9528E+00
  3.0000E+00


# mu
  1.3581E-02
  7.1692E-02
  1.7680E-01
  3.2992E-01
  5.3256E-01
  7.8681E-01
  1.0955E+00
  1.4624E+00
  1.8925E+00
  2.3926E+00
  2.9718E+00
  3.6436E+00
  4.4281E+00
  5.3585E+00
  6.4984E+00
  8.0108E+00


# trapped boundary
#  mu         vpar      
  1.3581E-02 -6.4579E-02
  1.3581E-02  7.6321E-02
  7.1692E-02 -1.5851E-01
  7.1692E-02  1.7025E-01
  1.7680E-01 -2.5245E-01
  1.7680E-01  2.6419E-01
  3.2992E-01 -3.4638E-01
  3.2992E-01  3.5812E-01
  5.3256E-01 -4.4031E-01
  5.3256E-01  4.5205E-01
  7.8681E-01 -5.3425E-01
  7.8681E-01  5.4599E-01
  1.0955E+00 -6.2818E-01
  1.0955E+00  6.3992E-01
  1.4624E+00 -7.3386E-01
  1.4624E+00  7.4560E-01
  1.8925E+00 -8.2779E-01
  1.8925E+00  8.3953E-01
  2.3926E+00 -9.3346E-01
  2.3926E+00  9.4521E-01
  2.9718E+00 -1.0509E+00
  2.9718E+00  1.0626E+00
  3.6436E+00 -1.1566E+00
  3.6436E+00  1.1683E+00
  4.4281E+00 -1.2740E+00
  4.4281E+00  1.2857E+00
  5.3585E+00 -1.4031E+00
  5.3585E+00  1.4149E+00
  6.4984E+00 -1.5440E+00
  6.4984E+00  1.5558E+00
  8.0108E+00 -1.7202E+00
  8.0108E+00  1.7319E+00


# , time = 291.2274, var = <|f|^2>^(1/2) , z = 0
  2.8571E+07  2.7166E+07  2.4883E+07  2.1918E+07  1.8526E+07  1.4977E+07  1.1529E+07  8.4102E+06  5.7898E+06  3.7472E+06  2.2765E+06  1.2963E+06  6.8451E+05  3.2643E+05  1.2608E+05  3.7763E+04
  3.8957E+07  3.6888E+07  3.3525E+07  2.9213E+07  2.4400E+07  1.9533E+07  1.4975E+07  1.0964E+07  7.6282E+06  4.9978E+06  3.0537E+06  1.7305E+06  8.9506E+05  4.1252E+05  1.6635E+05  5.8728E+04
  5.2195E+07  4.9466E+07  4.4997E+07  3.9204E+07  3.2633E+07  2.5878E+07  1.9498E+07  1.3930E+07  9.4271E+06  6.0308E+06  3.6302E+06  2.0353E+06  1.0494E+06  4.9137E+05  2.0085E+05  5.4429E+04
  6.9779E+07  6.6147E+07  6.0198E+07  5.2510E+07  4.3833E+07  3.4950E+07  2.6566E+07  1.9207E+07  1.3183E+07  8.5648E+06  5.2415E+06  2.9777E+06  1.5384E+06  7.0827E+05  2.7006E+05  1.0122E+05
  9.2904E+07  8.8073E+07  8.0154E+07  6.9925E+07  5.8373E+07  4.6511E+07  3.5255E+07  2.5331E+07  1.7194E+07  1.0988E+07  6.5981E+06  3.7033E+06  1.8994E+06  8.8255E+05  3.5631E+05  9.8146E+04
  1.2315E+08  1.1674E+08  1.0623E+08  9.2669E+07  7.7387E+07  6.1730E+07  4.6901E+07  3.3825E+07  2.3073E+07  1.4821E+07  8.9367E+06  5.0274E+06  2.5870E+06  1.1867E+06  4.4075E+05  1.5139E+05
  1.6241E+08  1.5396E+08  1.4009E+08  1.2219E+08  1.0205E+08  8.1422E+07  6.1881E+07  4.4625E+07  3.0405E+07  1.9464E+07  1.1652E+07  6.4766E+06  3.3084E+06  1.5121E+06  6.2283E+05  1.5870E+05
  2.1290E+08  2.0188E+08  1.8371E+08  1.6026E+08  1.3386E+08  1.0684E+08  8.1262E+07  5.8679E+07  4.0047E+07  2.5679E+07  1.5393E+07  8.5331E+06  4.3398E+06  1.9907E+06  7.6640E+05  2.1914E+05
  2.7711E+08  2.6289E+08  2.3939E+08  2.0895E+08  1.7461E+08  1.3942E+08  1.0610E+08  7.6667E+07  5.2366E+07  3.3591E+07  2.0114E+07  1.1072E+07  5.5810E+06  2.5346E+06  1.0064E+06  2.7351E+05
  3.5766E+08  3.3961E+08  3.0963E+08  2.7061E+08  2.2637E+08  1.8091E+08  1.3777E+08  9.9639E+07  6.8132E+07  4.3757E+07  2.6228E+07  1.4380E+07  7.2080E+06  3.3167E+06  1.2851E+06  3.5722E+05
  4.5718E+08  4.3467E+08  3.9705E+08  3.4777E+08  2.9149E+08  2.3331E+08  1.7787E+08  1.2875E+08  8.8134E+07  5.6678E+07  3.4015E+07  1.8545E+07  9.2360E+06  4.1915E+06  1.5869E+06  4.4496E+05
  5.7807E+08  5.5054E+08  5.0423E+08  4.4302E+08  3.7246E+08  2.9886E+08  2.2825E+08  1.6543E+08  1.1337E+08  7.3007E+07  4.3892E+07  2.3811E+07  1.1794E+07  5.3176E+06  2.0912E+06  6.4477E+05
  7.2227E+08  6.8931E+08  6.3346E+08  5.5886E+08  4.7182E+08  3.7996E+08  2.9098E+08  2.1128E+08  1.4498E+08  9.3517E+07  5.6344E+07  3.0400E+07  1.4987E+07  6.7631E+06  2.5700E+06  7.4250E+05
  8.9122E+08  8.5258E+08  7.8660E+08  6.9744E+08  5.9197E+08  4.7906E+08  3.6829E+08  2.6812E+08  1.8431E+08  1.1909E+08  7.1902E+07  3.8591E+07  1.8917E+07  8.4286E+06  3.3325E+06  9.8725E+05
  1.0860E+09  1.0415E+09  9.6506E+08  8.6054E+08  7.3506E+08  5.9853E+08  4.6250E+08  3.3794E+08  2.3287E+08  1.5078E+08  9.1218E+07  4.8698E+07  2.3791E+07  1.0822E+07  4.1200E+06  1.2273E+06
  1.3081E+09  1.2575E+09  1.1701E+09  1.0496E+09  9.0290E+08  7.4053E+08  5.7590E+08  4.2284E+08  2.9230E+08  1.8974E+08  1.1498E+08  6.1073E+07  2.9831E+07  1.3416E+07  5.2001E+06  1.4949E+06
  1.5609E+09  1.5032E+09  1.4037E+09  1.2661E+09  1.0970E+09  9.0696E+08  7.1068E+08  5.2497E+08  3.6442E+08  2.3730E+08  1.4396E+08  7.6115E+07  3.7124E+07  1.6815E+07  6.3661E+06  1.7644E+06
  1.8511E+09  1.7841E+09  1.6697E+09  1.5125E+09  1.3192E+09  1.0995E+09  8.6882E+08  6.4644E+08  4.5110E+08  2.9490E+08  1.7898E+08  9.4270E+07  4.6074E+07  2.0638E+07  7.8361E+06  2.2646E+06
  2.1891E+09  2.1093E+09  1.9748E+09  1.7930E+09  1.5717E+09  1.3200E+09  1.0521E+09  7.8926E+08  5.5425E+08  3.6407E+08  2.2089E+08  1.1604E+08  5.6705E+07  2.5228E+07  9.6728E+06  2.6587E+06
  2.5859E+09  2.4896E+09  2.3285E+09  2.1142E+09  1.8585E+09  1.5704E+09  1.2624E+09  9.5529E+08  6.7575E+08  4.4643E+08  2.7055E+08  1.4194E+08  6.9478E+07  3.1080E+07  1.1832E+07  3.2775E+06
  3.0462E+09  2.9320E+09  2.7397E+09  2.4846E+09  2.1852E+09  1.8541E+09  1.5016E+09  1.1463E+09  8.1735E+08  5.4355E+08  3.2883E+08  1.7262E+08  8.5279E+07  3.8126E+07  1.4365E+07  4.1356E+06
  3.5620E+09  3.4331E+09  3.2112E+09  2.9112E+09  2.5587E+09  2.1751E+09  1.7719E+09  1.3641E+09  9.8076E+08  6.5692E+08  3.9657E+08  2.0885E+08  1.0369E+08  4.6807E+07  1.7833E+07  4.9141E+06
  4.1118E+09  3.9758E+09  3.7343E+09  3.3946E+09  2.9845E+09  2.5384E+09  2.0763E+09  1.6105E+09  1.1677E+09  7.8784E+08  4.7465E+08  2.5124E+08  1.2595E+08  5.7088E+07  2.1299E+07  6.1037E+06
  4.6670E+09  4.5333E+09  4.2881E+09  3.9249E+09  3.4631E+09  2.9482E+09  2.4178E+09  1.8874E+09  1.3797E+09  9.3745E+08  5.6394E+08  3.0088E+08  1.5108E+08  6.8396E+07  2.5688E+07  7.3859E+06
  5.1994E+09  5.0766E+09  4.8446E+09  4.4813E+09  3.9869E+09  3.4059E+09  2.7990E+09  2.1966E+09  1.6185E+09  1.1066E+09  6.6542E+08  3.5819E+08  1.8054E+08  8.1383E+07  3.0852E+07  8.7138E+06
  5.6837E+09  5.5791E+09  5.3752E+09  5.0365E+09  4.5383E+09  3.9071E+09  3.2214E+09  2.5394E+09  1.8853E+09  1.2959E+09  7.8018E+08  4.2485E+08  2.1581E+08  9.6385E+07  3.6487E+07  1.0466E+07
  6.0945E+09  6.0159E+09  5.8540E+09  5.5621E+09  5.0930E+09  4.4403E+09  3.6834E+09  2.9164E+09  2.1809E+09  1.5055E+09  9.0953E+08  5.0266E+08  2.5811E+08  1.1447E+08  4.3160E+07  1.2237E+07
  6.4015E+09  6.3591E+09  6.2556E+09  6.0321E+09  5.6234E+09  4.9873E+09  4.1792E+09  3.3270E+09  2.5055E+09  1.7354E+09  1.0552E+09  5.9172E+08  3.0779E+08  1.3668E+08  5.1025E+07  1.4187E+07
  6.5682E+09  6.5748E+09  6.5512E+09  6.4214E+09  6.1033E+09  5.5247E+09  4.6984E+09  3.7684E+09  2.8581E+09  1.9856E+09  1.2186E+09  6.9325E+08  3.6364E+08  1.6325E+08  5.9844E+07  1.6519E+07
  6.5576E+09  6.6259E+09  6.7071E+09  6.7029E+09  6.5083E+09  6.0275E+09  5.2256E+09  4.2359E+09  3.2365E+09  2.2561E+09  1.4020E+09  8.0697E+08  4.2349E+08  1.9454E+08  6.9858E+07  1.8930E+07
  6.3495E+09  6.4839E+09  6.6895E+09  6.8465E+09  6.8145E+09  6.4720E+09  5.7421E+09  4.7219E+09  3.6368E+09  2.5473E+09  1.6073E+09  9.3766E+08  4.9097E+08  2.2762E+08  8.2058E+07  2.1667E+07
  5.9758E+09  6.1533E+09  6.4779E+09  6.8219E+09  6.9968E+09  6.8360E+09  6.2276E+09  5.2161E+09  4.0539E+09  2.8606E+09  1.8378E+09  1.0915E+09  5.6965E+08  2.6311E+08  9.5030E+07  2.4963E+07
  5.5935E+09  5.7242E+09  6.0916E+09  6.6099E+09  7.0292E+09  7.0987E+09  6.6616E+09  5.7058E+09  4.4819E+09  3.1977E+09  2.0956E+09  1.2681E+09  6.6564E+08  3.0046E+08  1.0999E+08  2.8435E+07
  5.5908E+09  5.4675E+09  5.6450E+09  6.2227E+09  6.8903E+09  7.2396E+09  7.0253E+09  6.1771E+09  4.9156E+09  3.5615E+09  2.3793E+09  1.4588E+09  7.8365E+08  3.3797E+08  1.2739E+08  3.2513E+07
  6.5222E+09  5.8888E+09  5.4402E+09  5.7458E+09  6.5751E+09  7.2395E+09  7.3016E+09  6.6150E+09  5.3513E+09  3.9540E+09  2.6913E+09  1.6594E+09  9.1594E+08  3.8144E+08  1.4618E+08  3.7210E+07
  8.6747E+09  7.4368E+09  5.9767E+09  5.4104E+09  6.1151E+09  7.0836E+09  7.4750E+09  7.0053E+09  5.7881E+09  4.3789E+09  3.0424E+09  1.8773E+09  1.0556E+09  4.3155E+08  1.6986E+08  4.2120E+07
  1.1961E+10  1.0151E+10  7.6185E+09  5.6384E+09  5.6176E+09  6.7689E+09  7.5325E+09  7.3359E+09  6.2270E+09  4.8376E+09  3.4427E+09  2.1415E+09  1.1929E+09  4.9031E+08  1.9828E+08  4.8350E+07
  1.6227E+10  1.3870E+10  1.0337E+10  6.8260E+09  5.3243E+09  6.3158E+09  7.4633E+09  7.5977E+09  6.6701E+09  5.3305E+09  3.8801E+09  2.4788E+09  1.3191E+09  5.6060E+08  2.3205E+08  5.5556E+07
  2.1368E+10  1.8457E+10  1.3957E+10  9.0231E+09  5.6102E+09  5.7870E+09  7.2618E+09  7.7866E+09  7.1176E+09  5.8563E+09  4.3237E+09  2.8802E+09  1.4367E+09  6.3697E+08  2.7263E+08  6.4562E+07
  2.7323E+10  2.3833E+10  1.8350E+10  1.2065E+10  6.7588E+09  5.3207E+09  6.9310E+09  7.9015E+09  7.5668E+09  6.4204E+09  4.7705E+09  3.3123E+09  1.5507E+09  7.1623E+08  3.1607E+08  7.6033E+07
  3.4046E+10  2.9937E+10  2.3428E+10  1.5796E+10  8.7514E+09  5.1581E+09  6.4847E+09  7.9421E+09  8.0109E+09  7.0309E+09  5.3032E+09  3.7287E+09  1.6728E+09  7.9424E+08  3.6101E+08  8.9308E+07
  4.1461E+10  3.6692E+10  2.9107E+10  2.0103E+10  1.1419E+10  5.5754E+09  5.9496E+09  7.9048E+09  8.4414E+09  7.6720E+09  6.0393E+09  4.1030E+09  1.8125E+09  8.6689E+08  4.0403E+08  1.0465E+08
  4.9462E+10  4.3996E+10  3.5296E+10  2.4894E+10  1.4611E+10  6.6904E+09  5.3727E+09  7.7822E+09  8.8500E+09  8.2941E+09  7.0092E+09  4.4479E+09  1.9749E+09  9.3674E+08  4.4092E+08  1.2101E+08
  5.7905E+10  5.1722E+10  4.1887E+10  3.0081E+10  1.8220E+10  8.4162E+09  4.8442E+09  7.5646E+09  9.2314E+09  8.8790E+09  8.1336E+09  4.7949E+09  2.1699E+09  1.0090E+09  4.7133E+08  1.3702E+08
  6.6588E+10  5.9703E+10  4.8756E+10  3.5572E+10  2.2165E+10  1.0613E+10  4.5308E+09  7.2461E+09  9.5776E+09  9.5365E+09  9.2897E+09  5.2014E+09  2.3974E+09  1.0922E+09  4.9429E+08  1.5236E+08
  7.5272E+10  6.7754E+10  5.5767E+10  4.1273E+10  2.6376E+10  1.3178E+10  4.6603E+09  6.8233E+09  9.8654E+09  1.0435E+10  1.0391E+10  5.7278E+09  2.6704E+09  1.1936E+09  5.1248E+08  1.6525E+08
  8.3759E+10  7.5705E+10  6.2791E+10  4.7086E+10  3.0781E+10  1.6033E+10  5.3675E+09  6.2905E+09  1.0056E+10  1.1574E+10  1.1433E+10  6.4006E+09  3.0053E+09  1.3213E+09  5.3184E+08  1.7550E+08
  9.1931E+10  8.3419E+10  6.9701E+10  5.2894E+10  3.5277E+10  1.9080E+10  6.5732E+09  5.6585E+09  1.0135E+10  1.2727E+10  1.2438E+10  7.2421E+09  3.4096E+09  1.4767E+09  5.5888E+08  1.8339E+08
  9.9665E+10  9.0736E+10  7.6325E+10  5.8521E+10  3.9707E+10  2.2172E+10  8.0917E+09  5.0137E+09  1.0153E+10  1.3639E+10  1.3409E+10  8.2401E+09  3.9053E+09  1.6590E+09  5.9920E+08  1.8859E+08
  1.0664E+11  9.7343E+10  8.2355E+10  6.3688E+10  4.3817E+10  2.5121E+10  9.7767E+09  4.5117E+09  1.0165E+10  1.4198E+10  1.4323E+10  9.3452E+09  4.4974E+09  1.8738E+09  6.5735E+08  1.9360E+08
  1.1233E+11  1.0272E+11  8.7285E+10  6.7961E+10  4.7277E+10  2.7747E+10  1.1573E+10  4.1819E+09  1.0129E+10  1.4447E+10  1.5114E+10  1.0511E+10  5.1745E+09  2.1162E+09  7.3197E+08  1.9944E+08
  1.1588E+11  1.0604E+11  9.0383E+10  7.0788E+10  4.9802E+10  2.9921E+10  1.3422E+10  3.8602E+09  9.9454E+09  1.4492E+10  1.5707E+10  1.1670E+10  5.9369E+09  2.3903E+09  8.1817E+08  2.0769E+08
  1.1644E+11  1.0658E+11  9.1142E+10  7.1966E+10  5.1391E+10  3.1617E+10  1.5091E+10  3.4952E+09  9.5982E+09  1.4408E+10  1.6080E+10  1.2739E+10  6.7504E+09  2.7006E+09  9.1575E+08  2.2085E+08
  1.1458E+11  1.0491E+11  9.0192E+10  7.2062E+10  5.2241E+10  3.2956E+10  1.6269E+10  3.2448E+09  9.1564E+09  1.4227E+10  1.6248E+10  1.3677E+10  7.5841E+09  3.0350E+09  1.0164E+09  2.3768E+08
  1.1217E+11  1.0276E+11  8.8866E+10  7.1716E+10  5.2472E+10  3.4108E+10  1.6937E+10  3.1872E+09  8.6911E+09  1.3979E+10  1.6233E+10  1.4436E+10  8.4181E+09  3.3970E+09  1.1193E+09  2.5829E+08
  1.1046E+11  1.0120E+11  8.7841E+10  7.1198E+10  5.2267E+10  3.5026E+10  1.7406E+10  3.2575E+09  8.2442E+09  1.3697E+10  1.6103E+10  1.4983E+10  9.2088E+09  3.7766E+09  1.2254E+09  2.8213E+08
  1.0988E+11  1.0073E+11  8.7468E+10  7.0924E+10  5.1893E+10  3.5493E+10  1.7835E+10  3.3910E+09  7.8487E+09  1.3406E+10  1.5929E+10  1.5340E+10  9.9291E+09  4.1512E+09  1.3249E+09  3.0490E+08
  1.1011E+11  1.0116E+11  8.7728E+10  7.0911E+10  5.1578E+10  3.5519E+10  1.8120E+10  3.5357E+09  7.5285E+09  1.3145E+10  1.5744E+10  1.5537E+10  1.0584E+10  4.5294E+09  1.4265E+09  3.2832E+08
  1.1039E+11  1.0169E+11  8.8076E+10  7.0955E+10  5.1529E+10  3.5339E+10  1.8225E+10  3.6596E+09  7.2890E+09  1.2952E+10  1.5581E+10  1.5591E+10  1.1133E+10  4.8830E+09  1.5226E+09  3.4893E+08
  1.1082E+11  1.0220E+11  8.8446E+10  7.1033E+10  5.1664E+10  3.5050E+10  1.8145E+10  3.7139E+09  7.1366E+09  1.2843E+10  1.5487E+10  1.5583E+10  1.1588E+10  5.1985E+09  1.6067E+09  3.6529E+08
  1.1124E+11  1.0252E+11  8.8608E+10  7.0991E+10  5.1797E+10  3.4610E+10  1.7792E+10  3.5877E+09  7.0965E+09  1.2834E+10  1.5489E+10  1.5607E+10  1.1999E+10  5.5003E+09  1.6927E+09  3.8065E+08
  1.1123E+11  1.0246E+11  8.8458E+10  7.0797E+10  5.1756E+10  3.3929E+10  1.7061E+10  3.1192E+09  7.1756E+09  1.2853E+10  1.5481E+10  1.5590E+10  1.2290E+10  5.7291E+09  1.7551E+09  3.8924E+08
  1.1081E+11  1.0197E+11  8.7879E+10  7.0170E+10  5.1061E+10  3.2544E+10  1.5557E+10  1.8837E+09  7.8339E+09  1.3253E+10  1.5710E+10  1.5723E+10  1.2563E+10  5.9219E+09  1.8071E+09  3.9465E+08
  1.1000E+11  1.0092E+11  8.6433E+10  6.8300E+10  4.8745E+10  2.9805E+10  1.3049E+10  9.4244E+08  9.4271E+09  1.4565E+10  1.6778E+10  1.6523E+10  1.3175E+10  6.2538E+09  1.9164E+09  4.1557E+08
  1.0900E+11  1.0077E+11  8.7616E+10  7.1114E+10  5.3209E+10  3.5945E+10  2.0773E+10  8.1664E+09  2.0319E+09  8.4925E+09  1.2464E+10  1.3660E+10  1.1436E+10  5.4897E+09  1.6458E+09  3.3941E+08
  1.0717E+11  9.8843E+10  8.5492E+10  6.8760E+10  5.0523E+10  3.2965E+10  1.8204E+10  6.1608E+09  3.2424E+09  9.7549E+09  1.3558E+10  1.4523E+10  1.1894E+10  5.6771E+09  1.7083E+09  3.5066E+08
  1.0497E+11  9.6765E+10  8.3612E+10  6.7195E+10  4.9137E+10  3.1056E+10  1.6439E+10  5.0297E+09  4.1311E+09  1.0336E+10  1.3959E+10  1.4810E+10  1.1864E+10  5.5972E+09  1.6767E+09  3.3900E+08
  1.0257E+11  9.4533E+10  8.1688E+10  6.5713E+10  4.8201E+10  2.9671E+10  1.5333E+10  4.5870E+09  4.6111E+09  1.0690E+10  1.4224E+10  1.4994E+10  1.1687E+10  5.4286E+09  1.6186E+09  3.2258E+08
  1.0019E+11  9.2317E+10  7.9758E+10  6.4109E+10  4.7292E+10  2.8418E+10  1.4557E+10  4.3057E+09  5.0720E+09  1.1135E+10  1.4575E+10  1.5202E+10  1.1446E+10  5.2170E+09  1.5507E+09  3.0531E+08
  9.7941E+10  9.0161E+10  7.7898E+10  6.2503E+10  4.6386E+10  2.7382E+10  1.4035E+10  4.0155E+09  5.5346E+09  1.1588E+10  1.4901E+10  1.5297E+10  1.1054E+10  4.9199E+09  1.4529E+09  2.8199E+08
  9.5607E+10  8.7809E+10  7.6100E+10  6.1197E+10  4.5551E+10  2.6571E+10  1.3580E+10  3.5939E+09  6.0457E+09  1.2052E+10  1.5214E+10  1.5282E+10  1.0555E+10  4.5805E+09  1.3454E+09  2.5767E+08
  9.4025E+10  8.6006E+10  7.4566E+10  6.0174E+10  4.4687E+10  2.5884E+10  1.3100E+10  2.9813E+09  6.6248E+09  1.2516E+10  1.5522E+10  1.5151E+10  9.9663E+09  4.2068E+09  1.2257E+09  2.3225E+08
  9.4296E+10  8.6010E+10  7.4143E+10  5.9553E+10  4.3678E+10  2.5411E+10  1.2582E+10  2.1832E+09  7.2585E+09  1.2977E+10  1.5795E+10  1.4840E+10  9.2671E+09  3.7956E+09  1.0925E+09  2.0530E+08
  9.5671E+10  8.7260E+10  7.4761E+10  5.9435E+10  4.2701E+10  2.5059E+10  1.1671E+10  1.2707E+09  7.9410E+09  1.3421E+10  1.5980E+10  1.4330E+10  8.4942E+09  3.3792E+09  9.5964E+08  1.8183E+08
  9.6432E+10  8.8028E+10  7.5110E+10  5.9139E+10  4.1706E+10  2.4414E+10  1.0070E+10  7.4090E+08  8.6495E+09  1.3816E+10  1.6037E+10  1.3629E+10  7.6660E+09  2.9579E+09  8.2258E+08  1.6102E+08
  9.5303E+10  8.6999E+10  7.3952E+10  5.7716E+10  4.0133E+10  2.3119E+10  8.1600E+09  1.4326E+09  9.3167E+09  1.4137E+10  1.5925E+10  1.2737E+10  6.7949E+09  2.5413E+09  6.9035E+08  1.4590E+08
  9.1795E+10  8.3715E+10  7.0841E+10  5.4762E+10  3.7523E+10  2.1052E+10  6.4877E+09  2.6174E+09  9.8284E+09  1.4355E+10  1.5591E+10  1.1686E+10  5.9210E+09  2.1486E+09  5.7091E+08  1.3820E+08
  8.6071E+10  7.8341E+10  6.5930E+10  5.0427E+10  3.3915E+10  1.8326E+10  5.0291E+09  4.1480E+09  1.0078E+10  1.4411E+10  1.5033E+10  1.0541E+10  5.0713E+09  1.7783E+09  4.6721E+08  1.3573E+08
  7.8704E+10  7.1419E+10  5.9677E+10  4.5083E+10  2.9629E+10  1.5213E+10  3.6565E+09  5.7519E+09  1.0119E+10  1.4210E+10  1.4291E+10  9.3486E+09  4.2644E+09  1.4447E+09  3.9297E+08  1.3732E+08
  7.0470E+10  6.3681E+10  5.2720E+10  3.9210E+10  2.5033E+10  1.2023E+10  2.9177E+09  7.0875E+09  1.0204E+10  1.3627E+10  1.3414E+10  8.1774E+09  3.5362E+09  1.1594E+09  3.5206E+08  1.4019E+08
  6.1974E+10  5.5699E+10  4.5588E+10  3.3244E+10  2.0458E+10  9.0515E+09  3.4514E+09  8.0561E+09  1.0464E+10  1.2592E+10  1.2453E+10  7.1009E+09  2.8981E+09  9.2756E+08  3.4150E+08  1.4104E+08
  5.3497E+10  4.7760E+10  3.8573E+10  2.7464E+10  1.6147E+10  6.5907E+09  4.6492E+09  8.7384E+09  1.0684E+10  1.1246E+10  1.1424E+10  6.1641E+09  2.3589E+09  7.6503E+08  3.4979E+08  1.3977E+08
  4.5180E+10  4.0030E+10  3.1840E+10  2.2031E+10  1.2272E+10  5.0035E+09  5.8830E+09  9.2057E+09  1.0617E+10  9.9602E+09  1.0287E+10  5.4026E+09  1.9334E+09  6.7221E+08  3.6263E+08  1.3490E+08
  3.7186E+10  3.2671E+10  2.5528E+10  1.7072E+10  8.9932E+09  4.6133E+09  6.9454E+09  9.4757E+09  1.0265E+10  9.0437E+09  9.0252E+09  4.8251E+09  1.6096E+09  6.3323E+08  3.6933E+08  1.2662E+08
  2.9731E+10  2.5864E+10  1.9783E+10  1.2719E+10  6.5473E+09  5.1875E+09  7.7820E+09  9.5609E+09  9.7691E+09  8.4463E+09  7.6898E+09  4.3839E+09  1.3800E+09  6.2261E+08  3.6611E+08  1.1603E+08
  2.3011E+10  1.9775E+10  1.4747E+10  9.1436E+09  5.2755E+09  6.1239E+09  8.3871E+09  9.4861E+09  9.2215E+09  7.8941E+09  6.4014E+09  4.0198E+09  1.2321E+09  6.1365E+08  3.5178E+08  1.0294E+08
  1.7167E+10  1.4541E+10  1.0573E+10  6.6060E+09  5.2683E+09  7.0415E+09  8.7720E+09  9.2795E+09  8.6400E+09  7.2385E+09  5.3302E+09  3.6673E+09  1.1413E+09  5.9102E+08  3.2657E+08  8.9230E+07
  1.2317E+10  1.0300E+10  7.4750E+09  5.4344E+09  5.9919E+09  7.7847E+09  8.9543E+09  8.9665E+09  8.0306E+09  6.5268E+09  4.5821E+09  3.2730E+09  1.0937E+09  5.4895E+08  2.9485E+08  7.5320E+07
  8.6126E+09  7.2623E+09  5.7691E+09  5.5600E+09  6.8623E+09  8.3016E+09  8.9541E+09  8.5688E+09  7.4079E+09  5.8517E+09  4.0852E+09  2.8330E+09  1.0676E+09  4.9236E+08  2.5864E+08  6.1969E+07
  6.3227E+09  5.7357E+09  5.5378E+09  6.3089E+09  7.5972E+09  8.5849E+09  8.7929E+09  8.1044E+09  6.7883E+09  5.2386E+09  3.6732E+09  2.3787E+09  1.0381E+09  4.2623E+08  2.2110E+08  5.0320E+07
  5.6364E+09  5.6752E+09  6.1646E+09  7.1119E+09  8.0999E+09  8.6500E+09  8.4945E+09  7.5875E+09  6.1831E+09  4.6713E+09  3.2473E+09  1.9651E+09  9.8814E+08  3.6095E+08  1.8635E+08  4.0080E+07
  6.0640E+09  6.3472E+09  6.9529E+09  7.7269E+09  8.3528E+09  8.5238E+09  8.0842E+09  7.0311E+09  5.5997E+09  4.1427E+09  2.8157E+09  1.6437E+09  9.0626E+08  3.0576E+08  1.5407E+08  3.1777E+07
  6.8082E+09  7.0924E+09  7.5766E+09  8.0838E+09  8.3722E+09  8.2375E+09  7.5868E+09  6.4491E+09  5.0424E+09  3.6561E+09  2.4276E+09  1.4140E+09  7.9700E+08  2.6196E+08  1.2689E+08  2.5475E+07
  7.4339E+09  7.6356E+09  7.9382E+09  8.1837E+09  8.1908E+09  7.8242E+09  7.0263E+09  5.8555E+09  4.5129E+09  3.2127E+09  2.0991E+09  1.2371E+09  6.7159E+08  2.3134E+08  1.0455E+08  2.0387E+07
  7.7992E+09  7.9039E+09  8.0320E+09  8.0564E+09  7.8471E+09  7.3154E+09  6.4254E+09  5.2647E+09  4.0121E+09  2.8099E+09  1.8134E+09  1.0736E+09  5.4843E+08  2.0893E+08  8.5203E+07  1.6974E+07
  7.8870E+09  7.9053E+09  7.8893E+09  7.7440E+09  7.3805E+09  6.7393E+09  5.8054E+09  4.6897E+09  3.5411E+09  2.4453E+09  1.5563E+09  9.1001E+08  4.4532E+08  1.8751E+08  7.0165E+07  1.4404E+07
  7.7295E+09  7.6801E+09  7.5564E+09  7.2917E+09  6.8271E+09  6.1214E+09  5.1856E+09  4.1409E+09  3.1011E+09  2.1166E+09  1.3270E+09  7.5960E+08  3.6682E+08  1.6708E+08  5.7337E+07  1.2435E+07
  7.3768E+09  7.2799E+09  7.0834E+09  6.7426E+09  6.2183E+09  5.4852E+09  4.5832E+09  3.6257E+09  2.6939E+09  1.8217E+09  1.1263E+09  6.3379E+08  3.1114E+08  1.4427E+08  4.6463E+07  1.1166E+07
  6.8840E+09  6.7572E+09  6.5168E+09  6.1333E+09  5.5803E+09  4.8525E+09  4.0116E+09  3.1492E+09  2.3210E+09  1.5583E+09  9.5232E+08  5.3193E+08  2.6775E+08  1.1985E+08  3.8372E+07  9.9608E+06
  6.3018E+09  6.1590E+09  5.8963E+09  5.4937E+09  4.9369E+09  4.2430E+09  3.4807E+09  2.7136E+09  1.9834E+09  1.3243E+09  8.0157E+08  4.4631E+08  2.2640E+08  9.7199E+07  3.1593E+07  8.9026E+06
  5.6723E+09  5.5232E+09  5.2526E+09  4.8483E+09  4.3101E+09  3.6727E+09  2.9958E+09  2.3200E+09  1.6813E+09  1.1177E+09  6.7069E+08  3.7125E+08  1.8694E+08  7.6912E+07  2.6360E+07  7.9959E+06
  5.0273E+09  4.8781E+09  4.6101E+09  4.2192E+09  3.7195E+09  3.1518E+09  2.5591E+09  1.9679E+09  1.4141E+09  9.3654E+08  5.5822E+08  3.0517E+08  1.5065E+08  6.1150E+07  2.2477E+07  6.9698E+06
  4.3902E+09  4.2456E+09  3.9894E+09  3.6264E+09  3.1797E+09  2.6850E+09  2.1697E+09  1.6561E+09  1.1804E+09  7.7886E+08  4.6192E+08  2.4999E+08  1.2098E+08  4.9920E+07  1.9145E+07  5.9237E+06
  3.7800E+09  3.6449E+09  3.4097E+09  3.0859E+09  2.6981E+09  2.2717E+09  1.8257E+09  1.3827E+09  9.7790E+08  6.4274E+08  3.7993E+08  2.0428E+08  9.8461E+07  4.1967E+07  1.6020E+07  5.0906E+06
  3.2140E+09  3.0929E+09  2.8858E+09  2.6065E+09  2.2750E+09  1.9087E+09  1.5241E+09  1.1451E+09  8.0406E+08  5.2628E+08  3.1049E+08  1.6613E+08  8.0980E+07  3.5509E+07  1.3474E+07  4.0724E+06
  2.7062E+09  2.6019E+09  2.4253E+09  2.1886E+09  1.9061E+09  1.5916E+09  1.2617E+09  9.4070E+08  6.5613E+08  4.2761E+08  2.5205E+08  1.3440E+08  6.5960E+07  2.9253E+07  1.1049E+07  3.2431E+06
  2.2634E+09  2.1756E+09  2.0271E+09  1.8268E+09  1.5856E+09  1.3161E+09  1.0355E+09  7.6641E+08  5.3135E+08  3.4484E+08  2.0324E+08  1.0780E+08  5.3129E+07  2.3559E+07  8.5117E+06  2.6008E+06
  1.8833E+09  1.8097E+09  1.6845E+09  1.5141E+09  1.3080E+09  1.0784E+09  8.4228E+08  6.1929E+08  4.2712E+08  2.7613E+08  1.6275E+08  8.6097E+07  4.1685E+07  1.8271E+07  6.8421E+06  1.8654E+06
  1.5581E+09  1.4959E+09  1.3895E+09  1.2443E+09  1.0688E+09  8.7533E+08  6.7907E+08  4.9642E+08  3.4090E+08  2.1960E+08  1.2942E+08  6.8378E+07  3.3000E+07  1.3970E+07  5.2173E+06  1.4534E+06
  1.2793E+09  1.2264E+09  1.1358E+09  1.0126E+09  8.6483E+08  7.0382E+08  5.4281E+08  3.9492E+08  2.7025E+08  1.7350E+08  1.0220E+08  5.3990E+07  2.6041E+07  1.0998E+07  4.0791E+06  1.1458E+06
  1.0404E+09  9.9557E+08  9.1908E+08  8.1563E+08  6.9290E+08  5.6080E+08  4.3040E+08  3.1194E+08  2.1284E+08  1.3618E+08  8.0147E+07  4.2364E+07  2.0601E+07  8.8142E+06  3.3043E+06  8.4764E+05
  8.3724E+08  7.9967E+08  7.3591E+08  6.5038E+08  5.4995E+08  4.4309E+08  3.3873E+08  2.4474E+08  1.6655E+08  1.0621E+08  6.2426E+07  3.3039E+07  1.6214E+07  7.1541E+06  2.7514E+06  7.9672E+05
  6.6659E+08  6.3560E+08  5.8331E+08  5.1370E+08  4.3273E+08  3.4738E+08  2.6473E+08  1.9078E+08  1.2950E+08  8.2309E+07  4.8299E+07  2.5612E+07  1.2506E+07  5.8009E+06  2.2189E+06  6.8098E+05
  5.2539E+08  5.0025E+08  4.5805E+08  4.0225E+08  3.3783E+08  2.7043E+08  2.0555E+08  1.4777E+08  1.0004E+08  6.3379E+07  3.7125E+07  1.9741E+07  9.6513E+06  4.3669E+06  1.8180E+06  5.6549E+05
  4.1034E+08  3.9026E+08  3.5669E+08  3.1255E+08  2.6188E+08  2.0913E+08  1.5859E+08  1.1373E+08  7.6787E+07  4.8486E+07  2.8352E+07  1.5125E+07  7.4167E+06  3.3927E+06  1.3726E+06  4.6559E+05
  3.1791E+08  3.0208E+08  2.7571E+08  2.4117E+08  2.0167E+08  1.6070E+08  1.2157E+08  8.6961E+07  5.8540E+07  3.6849E+07  2.1518E+07  1.1518E+07  5.6837E+06  2.4470E+06  1.0672E+06  4.1459E+05
  2.4453E+08  2.3219E+08  2.1168E+08  1.8488E+08  1.5432E+08  1.2270E+08  9.2587E+07  6.6036E+07  4.4317E+07  2.7817E+07  1.6230E+07  8.7217E+06  4.3469E+06  1.9371E+06  7.2022E+05  2.4831E+05
  1.8687E+08  1.7732E+08  1.6148E+08  1.4084E+08  1.1732E+08  9.3052E+07  7.0019E+07  4.9786E+07  3.3310E+07  2.0859E+07  1.2167E+07  6.5632E+06  3.2834E+06  1.5107E+06  5.9219E+05  1.9698E+05
  1.4192E+08  1.3457E+08  1.2241E+08  1.0658E+08  8.8584E+07  7.0067E+07  5.2559E+07  3.7251E+07  2.4851E+07  1.5535E+07  9.0670E+06  4.9143E+06  2.4724E+06  1.1677E+06  4.2281E+05  1.1364E+05
  1.0709E+08  1.0146E+08  9.2173E+07  8.0091E+07  6.6394E+07  5.2353E+07  3.9142E+07  2.7654E+07  1.8402E+07  1.1489E+07  6.7101E+06  3.6498E+06  1.8547E+06  9.1217E+05  3.6114E+05  7.5375E+04
  8.0267E+07  7.5971E+07  6.8897E+07  5.9725E+07  4.9364E+07  3.8797E+07  2.8910E+07  2.0364E+07  1.3525E+07  8.4441E+06  4.9462E+06  2.7133E+06  1.3966E+06  6.5365E+05  3.0375E+05  4.5199E+04
  5.9705E+07  5.6440E+07  5.1083E+07  4.4164E+07  3.6387E+07  2.8501E+07  2.1169E+07  1.4870E+07  9.8553E+06  6.1435E+06  3.5950E+06  1.9779E+06  1.0284E+06  4.8574E+05  2.1127E+05  7.3563E+04
  4.4032E+07  4.1565E+07  3.7537E+07  3.2360E+07  2.6576E+07  2.0748E+07  1.5368E+07  1.0776E+07  7.1473E+06  4.4793E+06  2.6559E+06  1.4921E+06  7.8754E+05  3.7409E+05  1.8840E+05  4.4004E+04
  3.2162E+07  3.0314E+07  2.7314E+07  2.3479E+07  1.9221E+07  1.4958E+07  1.1039E+07  7.7061E+06  5.0753E+06  3.1467E+06  1.8436E+06  1.0294E+06  5.4678E+05  2.6396E+05  9.2268E+04  6.6676E+04
  2.3244E+07  2.1875E+07  1.9666E+07  1.6860E+07  1.3766E+07  1.0695E+07  7.9015E+06  5.5569E+06  3.7322E+06  2.3980E+06  1.4686E+06  8.4673E+05  4.5460E+05  2.3038E+05  9.5282E+04  3.5173E+04
  1.6607E+07  1.5605E+07  1.3999E+07  1.1967E+07  9.7310E+06  7.5046E+06  5.4663E+06  3.7423E+06  2.4036E+06  1.4542E+06  8.4272E+05  4.7999E+05  2.6874E+05  1.4045E+05  4.6839E+04  3.5612E+04
  1.1745E+07  1.1016E+07  9.8615E+06  8.4267E+06  6.8888E+06  5.4114E+06  4.1054E+06  3.0118E+06  2.1216E+06  1.4126E+06  8.7930E+05  5.1171E+05  2.7489E+05  1.3139E+05  5.1184E+04  2.9121E+04
  8.0803E+06  7.6024E+06  6.8528E+06  5.9114E+06  4.8679E+06  3.8053E+06  2.7990E+06  1.9195E+06  1.2248E+06  7.3665E+05  4.3414E+05  2.5938E+05  1.5329E+05  8.4480E+04  5.4984E+04  2.3298E+04
