# CREATED BY GENE DIAGNOSTICS TOOL on Sat May 17 18:22:03 2025 /home/unix/ottink/gene/diagnostics
# diag: vsp1, run(s): vim010vep020, time window: 274.66-274.66327(1 steps), species: i
# original data path: /Differ/Data/IMT/lottink/RFP_nTEM/vres_scan/v1/
# normalization: L_ref=1.5m
#
# vpar
 -3.0000E+00
 -2.9048E+00
 -2.8095E+00
 -2.7143E+00
 -2.6190E+00
 -2.5238E+00
 -2.4286E+00
 -2.3333E+00
 -2.2381E+00
 -2.1429E+00
 -2.0476E+00
 -1.9524E+00
 -1.8571E+00
 -1.7619E+00
 -1.6667E+00
 -1.5714E+00
 -1.4762E+00
 -1.3810E+00
 -1.2857E+00
 -1.1905E+00
 -1.0952E+00
 -1.0000E+00
 -9.0476E-01
 -8.0952E-01
 -7.1429E-01
 -6.1905E-01
 -5.2381E-01
 -4.2857E-01
 -3.3333E-01
 -2.3810E-01
 -1.4286E-01
 -4.7619E-02
  4.7619E-02
  1.4286E-01
  2.3810E-01
  3.3333E-01
  4.2857E-01
  5.2381E-01
  6.1905E-01
  7.1429E-01
  8.0952E-01
  9.0476E-01
  1.0000E+00
  1.0952E+00
  1.1905E+00
  1.2857E+00
  1.3810E+00
  1.4762E+00
  1.5714E+00
  1.6667E+00
  1.7619E+00
  1.8571E+00
  1.9524E+00
  2.0476E+00
  2.1429E+00
  2.2381E+00
  2.3333E+00
  2.4286E+00
  2.5238E+00
  2.6190E+00
  2.7143E+00
  2.8095E+00
  2.9048E+00
  3.0000E+00


# mu
  1.8108E-02
  9.5589E-02
  2.3573E-01
  4.3989E-01
  7.1007E-01
  1.0491E+00
  1.4607E+00
  1.9499E+00
  2.5234E+00
  3.1901E+00
  3.9625E+00
  4.8582E+00
  5.9041E+00
  7.1447E+00
  8.6646E+00
  1.0681E+01


# trapped boundary
#  mu         vpar      
  1.8108E-02 -7.6321E-02
  1.8108E-02  8.8062E-02
  9.5589E-02 -1.8200E-01
  9.5589E-02  1.9374E-01
  2.3573E-01 -2.8767E-01
  2.3573E-01  2.9941E-01
  4.3989E-01 -4.0509E-01
  4.3989E-01  4.1683E-01
  7.1007E-01 -5.1076E-01
  7.1007E-01  5.2250E-01
  1.0491E+00 -6.1644E-01
  1.0491E+00  6.2818E-01
  1.4607E+00 -7.3386E-01
  1.4607E+00  7.4560E-01
  1.9499E+00 -8.5127E-01
  1.9499E+00  8.6301E-01
  2.5234E+00 -9.6869E-01
  2.5234E+00  9.8043E-01
  3.1901E+00 -1.0861E+00
  3.1901E+00  1.0978E+00
  3.9625E+00 -1.2153E+00
  3.9625E+00  1.2270E+00
  4.8582E+00 -1.3444E+00
  4.8582E+00  1.3562E+00
  5.9041E+00 -1.4736E+00
  5.9041E+00  1.4853E+00
  7.1447E+00 -1.6262E+00
  7.1447E+00  1.6380E+00
  8.6646E+00 -1.7906E+00
  8.6646E+00  1.8023E+00
  1.0681E+01 -1.9902E+00
  1.0681E+01  2.0020E+00


# , time = 274.66327, var = <|f|^2>^(1/2) , z = 0
  9.6183E-02  9.2613E-02  8.4877E-02  7.4856E-02  6.3690E-02  5.2228E-02  4.0809E-02  3.0822E-02  2.2147E-02  1.4956E-02  9.4686E-03  5.5440E-03  2.9205E-03  1.3619E-03  5.2119E-04  3.0100E-04
  1.6384E-01  1.5759E-01  1.4403E-01  1.2632E-01  1.0653E-01  8.6301E-02  6.6432E-02  4.9357E-02  3.4946E-02  2.3375E-02  1.4751E-02  8.6618E-03  4.5932E-03  2.1732E-03  8.5883E-04  3.7687E-04
  2.7296E-01  2.6268E-01  2.4047E-01  2.1149E-01  1.7907E-01  1.4581E-01  1.1290E-01  8.4270E-02  5.9848E-02  4.0022E-02  2.5194E-02  1.4739E-02  7.7864E-03  3.6486E-03  1.4079E-03  7.2046E-04
  4.4694E-01  4.3018E-01  3.9410E-01  3.4688E-01  2.9394E-01  2.3953E-01  1.8571E-01  1.3878E-01  9.8698E-02  6.6075E-02  4.1613E-02  2.4358E-02  1.2893E-02  6.0933E-03  2.3864E-03  1.0891E-03
  7.1876E-01  6.9193E-01  6.3441E-01  5.5891E-01  4.7404E-01  3.8662E-01  3.0014E-01  2.2451E-01  1.5986E-01  1.0716E-01  6.7536E-02  3.9515E-02  2.0905E-02  9.8227E-03  3.8366E-03  1.5612E-03
  1.1353E+00  1.0931E+00  1.0030E+00  8.8448E-01  7.5087E-01  6.1289E-01  4.7633E-01  3.5657E-01  2.5411E-01  1.7050E-01  1.0756E-01  6.2996E-02  3.3320E-02  1.5749E-02  6.1490E-03  2.0905E-03
  1.7613E+00  1.6961E+00  1.5575E+00  1.3747E+00  1.1681E+00  9.5424E-01  7.4247E-01  5.5619E-01  3.9668E-01  2.6637E-01  1.6816E-01  9.8529E-02  5.2195E-02  2.4571E-02  9.6133E-03  2.8996E-03
  2.6839E+00  2.5847E+00  2.3754E+00  2.0985E+00  1.7847E+00  1.4591E+00  1.1366E+00  8.5202E-01  6.0813E-01  4.0867E-01  2.5815E-01  1.5137E-01  8.0155E-02  3.7900E-02  1.4723E-02  4.1991E-03
  4.0167E+00  3.8687E+00  3.5581E+00  3.1460E+00  2.6779E+00  2.1911E+00  1.7087E+00  1.2818E+00  9.1557E-01  6.1573E-01  3.8918E-01  2.2826E-01  1.2104E-01  5.7174E-02  2.2240E-02  6.3333E-03
  5.9043E+00  5.6871E+00  5.2343E+00  4.6321E+00  3.9463E+00  3.2315E+00  2.5227E+00  1.8937E+00  1.3536E+00  9.1102E-01  5.7614E-01  3.3809E-01  1.7943E-01  8.4477E-02  3.2957E-02  9.2944E-03
  8.5242E+00  8.2109E+00  7.5625E+00  6.6980E+00  5.7111E+00  4.6802E+00  3.6576E+00  2.7475E+00  1.9654E+00  1.3236E+00  8.3750E-01  4.9178E-01  2.6106E-01  1.2263E-01  4.7729E-02  1.3547E-02
  1.2087E+01  1.1643E+01  1.0731E+01  9.5118E+00  8.1168E+00  6.6565E+00  5.2076E+00  3.9143E+00  2.8019E+00  1.8884E+00  1.1957E+00  7.0247E-01  3.7251E-01  1.7479E-01  6.8454E-02  2.1254E-02
  1.6833E+01  1.6214E+01  1.4953E+01  1.3265E+01  1.1329E+01  9.2970E+00  7.2807E+00  5.4761E+00  3.9230E+00  2.6457E+00  1.6759E+00  9.8520E-01  5.2075E-01  2.4526E-01  9.6164E-02  3.4761E-02
  2.3024E+01  2.2176E+01  2.0464E+01  1.8167E+01  1.5526E+01  1.2751E+01  9.9951E+00  7.5224E+00  5.3913E+00  3.6389E+00  2.3079E+00  1.3534E+00  7.1664E-01  3.3961E-01  1.2687E-01  5.3940E-02
  3.0928E+01  2.9787E+01  2.7502E+01  2.4432E+01  2.0895E+01  1.7171E+01  1.3473E+01  1.0146E+01  7.2794E+00  4.9172E+00  3.1156E+00  1.8257E+00  9.7535E-01  4.4100E-01  1.5793E-01  7.8761E-02
  4.0801E+01  3.9290E+01  3.6294E+01  3.2264E+01  2.7611E+01  2.2703E+01  1.7830E+01  1.3435E+01  9.6420E+00  6.5155E+00  4.1262E+00  2.4367E+00  1.2731E+00  4.9680E-01  1.9523E-01  1.1173E-01
  5.2858E+01  5.0891E+01  4.7032E+01  4.1834E+01  3.5821E+01  2.9471E+01  2.3165E+01  1.7466E+01  1.2548E+01  8.4762E+00  5.3909E+00  3.1687E+00  1.4464E+00  5.1540E-01  2.4649E-01  1.5419E-01
  6.7240E+01  6.4724E+01  5.9838E+01  5.3252E+01  4.5623E+01  3.7554E+01  2.9543E+01  2.2285E+01  1.6008E+01  1.0840E+01  6.9260E+00  3.6993E+00  1.4054E+00  5.5771E-01  3.1153E-01  2.0437E-01
  8.3982E+01  8.0816E+01  7.4740E+01  6.6543E+01  5.7035E+01  4.6968E+01  3.6977E+01  2.7900E+01  2.0062E+01  1.3677E+01  8.2543E+00  3.5268E+00  1.6655E+00  5.9323E-01  3.7051E-01  2.5766E-01
  1.0297E+02  9.9052E+01  9.1627E+01  8.1607E+01  6.9972E+01  5.7642E+01  4.5399E+01  3.4271E+01  2.4811E+01  1.6416E+01  8.0285E+00  4.1013E+00  2.1083E+00  6.7193E-01  3.9648E-01  3.0265E-01
  1.2390E+02  1.1914E+02  1.1023E+02  9.8195E+01  8.4216E+01  6.9384E+01  5.4679E+01  4.1451E+01  2.9584E+01  1.6452E+01  8.3627E+00  6.2065E+00  2.6326E+00  8.9343E-01  3.5674E-01  3.2062E-01
  1.4626E+02  1.4057E+02  1.3006E+02  1.1588E+02  9.9385E+01  8.1885E+01  6.4731E+01  4.8845E+01  3.0729E+01  1.5315E+01  1.3930E+01  8.1764E+00  4.0008E+00  1.4426E+00  3.0695E-01  2.8606E-01
  1.6928E+02  1.6261E+02  1.5044E+02  1.3403E+02  1.1494E+02  9.4845E+01  7.4940E+01  5.1768E+01  2.6597E+01  2.5735E+01  1.9560E+01  1.1812E+01  6.3754E+00  2.6163E+00  6.2906E-01  1.7078E-01
  1.9194E+02  1.8425E+02  1.7042E+02  1.5179E+02  1.3026E+02  1.0749E+02  7.9861E+01  4.3807E+01  4.0123E+01  3.8430E+01  2.7091E+01  1.8151E+01  9.9980E+00  4.5748E+00  1.4244E+00  1.0142E-01
  2.1293E+02  2.0423E+02  1.8882E+02  1.6816E+02  1.4424E+02  1.1370E+02  6.7731E+01  5.5996E+01  6.4658E+01  5.2150E+01  4.0453E+01  2.6531E+01  1.5402E+01  7.3927E+00  2.6546E+00  4.5927E-01
  2.3061E+02  2.2096E+02  2.0411E+02  1.8149E+02  1.5014E+02  9.6495E+01  7.1863E+01  9.6046E+01  8.7929E+01  7.6035E+01  5.6940E+01  3.8053E+01  2.2416E+01  1.1165E+01  4.3146E+00  9.7973E-01
  2.4283E+02  2.3225E+02  2.1379E+02  1.8411E+02  1.2617E+02  8.6055E+01  1.2799E+02  1.3189E+02  1.2497E+02  1.0434E+02  7.7369E+01  5.2249E+01  3.0984E+01  1.5751E+01  6.3488E+00  1.6301E+00
  2.4621E+02  2.3415E+02  2.0844E+02  1.4968E+02  9.7122E+01  1.5712E+02  1.7970E+02  1.8344E+02  1.6777E+02  1.3558E+02  1.0157E+02  6.7926E+01  4.0607E+01  2.0861E+01  8.6111E+00  2.3617E+00
  2.3277E+02  2.1239E+02  1.5575E+02  1.0260E+02  1.8321E+02  2.2691E+02  2.4588E+02  2.4100E+02  2.0895E+02  1.7053E+02  1.2535E+02  8.4162E+01  5.0249E+01  2.5990E+01  1.0882E+01  3.0991E+00
  1.7197E+02  1.2458E+02  1.0754E+02  2.1244E+02  2.7153E+02  3.0452E+02  3.1251E+02  2.8727E+02  2.5107E+02  1.9989E+02  1.4737E+02  9.8303E+01  5.8881E+01  3.0509E+01  1.2880E+01  3.7508E+00
  9.4847E+01  1.5932E+02  2.5826E+02  3.1159E+02  3.4684E+02  3.6367E+02  3.5141E+02  3.2603E+02  2.7789E+02  2.2242E+02  1.6260E+02  1.0889E+02  6.5058E+01  3.3822E+01  1.4338E+01  4.2265E+00
  1.8989E+02  2.3378E+02  2.8700E+02  3.2760E+02  3.5763E+02  3.6964E+02  3.6656E+02  3.3484E+02  2.8992E+02  2.3062E+02  1.6978E+02  1.1352E+02  6.8018E+01  3.5370E+01  1.5033E+01  4.4552E+00
  4.0506E+02  3.1784E+02  2.2862E+02  2.4471E+02  2.9895E+02  3.3234E+02  3.4324E+02  3.2024E+02  2.8096E+02  2.2524E+02  1.6664E+02  1.1179E+02  6.7124E+01  3.4952E+01  1.4864E+01  4.4028E+00
  5.1475E+02  4.3970E+02  2.9339E+02  2.1154E+02  2.3649E+02  2.8018E+02  2.9443E+02  2.8879E+02  2.5428E+02  2.0788E+02  1.5402E+02  1.0410E+02  6.2565E+01  3.2649E+01  1.3861E+01  4.0783E+00
  4.4892E+02  4.1381E+02  3.1217E+02  2.0877E+02  1.8974E+02  2.2111E+02  2.4706E+02  2.4108E+02  2.2028E+02  1.8036E+02  1.3557E+02  9.1599E+01  5.5345E+01  2.8825E+01  1.2189E+01  3.5341E+00
  3.8585E+02  3.6870E+02  3.1901E+02  2.1845E+02  1.6365E+02  1.6975E+02  1.9150E+02  1.9832E+02  1.7875E+02  1.5048E+02  1.1288E+02  7.6902E+01  4.6345E+01  2.4098E+01  1.0094E+01  2.8496E+00
  3.3503E+02  3.2220E+02  2.9775E+02  2.4115E+02  1.5277E+02  1.3666E+02  1.4387E+02  1.5146E+02  1.4311E+02  1.1847E+02  9.0504E+01  6.1297E+01  3.6961E+01  1.9062E+01  7.8506E+00  2.1177E+00
  2.9036E+02  2.7917E+02  2.6045E+02  2.3128E+02  1.7339E+02  1.0686E+02  1.1320E+02  1.1192E+02  1.0809E+02  9.1789E+01  6.8950E+01  4.7026E+01  2.8039E+01  1.4269E+01  5.7111E+00  1.4224E+00
  2.4962E+02  2.3985E+02  2.2334E+02  2.0117E+02  1.7064E+02  1.1703E+02  7.6719E+01  8.7780E+01  7.8532E+01  6.8387E+01  5.1465E+01  3.4555E+01  2.0386E+01  1.0117E+01  3.8543E+00  8.2733E-01
  2.1217E+02  2.0377E+02  1.8942E+02  1.7015E+02  1.4769E+02  1.1874E+02  7.3899E+01  5.6439E+01  6.1271E+01  4.8667E+01  3.7712E+01  2.4665E+01  1.4278E+01  6.7916E+00  2.3842E+00  3.7022E-01
  1.7790E+02  1.7081E+02  1.5863E+02  1.4219E+02  1.2304E+02  1.0262E+02  7.7644E+01  4.3522E+01  4.0333E+01  3.7874E+01  2.6454E+01  1.7603E+01  9.6218E+00  4.3633E+00  1.3272E+00  9.0494E-02
  1.4696E+02  1.4108E+02  1.3092E+02  1.1724E+02  1.0121E+02  8.4172E+01  6.7487E+01  4.6777E+01  2.4990E+01  2.6558E+01  2.0182E+01  1.2161E+01  6.5336E+00  2.6857E+00  6.5511E-01  1.6986E-01
  1.1950E+02  1.1470E+02  1.0639E+02  9.5202E+01  8.2115E+01  6.8090E+01  5.4522E+01  4.1408E+01  2.5910E+01  1.4437E+01  1.4914E+01  8.9557E+00  4.4453E+00  1.6467E+00  3.3362E-01  2.5191E-01
  9.5594E+01  9.1756E+01  8.5069E+01  7.6081E+01  6.5586E+01  5.4347E+01  4.3345E+01  3.3020E+01  2.3706E+01  1.2940E+01  8.2577E+00  6.9680E+00  3.1379E+00  1.0852E+00  2.6697E-01  2.6833E-01
  7.5211E+01  7.2189E+01  6.6905E+01  5.9809E+01  5.1533E+01  4.2684E+01  3.4024E+01  2.5787E+01  1.8809E+01  1.2478E+01  5.9469E+00  4.2803E+00  2.4996E+00  7.6251E-01  2.5514E-01  2.4377E-01
  5.8182E+01  5.5843E+01  5.1741E+01  4.6235E+01  3.9821E+01  3.2968E+01  2.6274E+01  1.9900E+01  1.4391E+01  9.8996E+00  5.9206E+00  2.5430E+00  1.7799E+00  6.0405E-01  2.2358E-01  2.0005E-01
  4.4248E+01  4.2468E+01  3.9338E+01  3.5141E+01  3.0256E+01  2.5038E+01  1.9946E+01  1.5106E+01  1.0910E+01  7.4255E+00  4.7949E+00  2.4718E+00  1.0348E+00  5.0553E-01  1.7843E-01  1.5313E-01
  3.3077E+01  3.1746E+01  2.9399E+01  2.6255E+01  2.2599E+01  1.8695E+01  1.4887E+01  1.1270E+01  8.1468E+00  5.5215E+00  3.5337E+00  2.0847E+00  8.9133E-01  3.5930E-01  1.3669E-01  1.1129E-01
  2.4304E+01  2.3325E+01  2.1595E+01  1.9281E+01  1.6592E+01  1.3721E+01  1.0923E+01  8.2635E+00  5.9691E+00  4.0523E+00  2.5671E+00  1.5324E+00  7.8766E-01  2.7930E-01  1.0723E-01  7.7406E-02
  1.7550E+01  1.6843E+01  1.5590E+01  1.3916E+01  1.1973E+01  9.8985E+00  7.8773E+00  5.9570E+00  4.3014E+00  2.9212E+00  1.8529E+00  1.0855E+00  5.8706E-01  2.4893E-01  8.3271E-02  5.2528E-02
  1.2456E+01  1.1952E+01  1.1061E+01  9.8706E+00  8.4906E+00  7.0178E+00  5.5834E+00  4.2203E+00  3.0452E+00  2.0648E+00  1.3126E+00  7.6582E-01  4.1115E-01  1.8965E-01  6.5422E-02  3.4405E-02
  8.6873E+00  8.3355E+00  7.7120E+00  6.8803E+00  5.9172E+00  4.8896E+00  3.8893E+00  2.9385E+00  2.1196E+00  1.4375E+00  9.1184E-01  5.3394E-01  2.8243E-01  1.3244E-01  4.9240E-02  2.0342E-02
  5.9545E+00  5.7126E+00  5.2840E+00  4.7129E+00  4.0524E+00  3.3478E+00  2.6623E+00  2.0106E+00  1.4495E+00  9.8185E-01  6.2338E-01  3.6491E-01  1.9308E-01  9.0465E-02  3.3949E-02  1.0879E-02
  4.0109E+00  3.8474E+00  3.5577E+00  3.1723E+00  2.7271E+00  2.2524E+00  1.7908E+00  1.3519E+00  9.7420E-01  6.5989E-01  4.1812E-01  2.4473E-01  1.3016E-01  6.0167E-02  2.2776E-02  6.1361E-03
  2.6550E+00  2.5463E+00  2.3539E+00  2.0983E+00  1.8034E+00  1.4891E+00  1.1836E+00  8.9314E-01  6.4333E-01  4.3540E-01  2.7612E-01  1.6133E-01  8.5754E-02  3.9624E-02  1.5208E-02  4.0657E-03
  1.7271E+00  1.6561E+00  1.5305E+00  1.3638E+00  1.1719E+00  9.6734E-01  7.6872E-01  5.7981E-01  4.1744E-01  2.8241E-01  1.7886E-01  1.0458E-01  5.5429E-02  2.5697E-02  9.8481E-03  2.8048E-03
  1.1041E+00  1.0585E+00  9.7782E-01  8.7104E-01  7.4826E-01  6.1747E-01  4.9057E-01  3.6984E-01  2.6614E-01  1.7993E-01  1.1396E-01  6.6544E-02  3.5356E-02  1.6291E-02  6.2296E-03  1.8304E-03
  6.9360E-01  6.6479E-01  6.1391E-01  5.4667E-01  4.6947E-01  3.8729E-01  3.0761E-01  2.3180E-01  1.6672E-01  1.1265E-01  7.1290E-02  4.1640E-02  2.2028E-02  1.0195E-02  3.8917E-03  1.0658E-03
  4.2821E-01  4.1031E-01  3.7876E-01  3.3714E-01  2.8944E-01  2.3869E-01  1.8952E-01  1.4275E-01  1.0262E-01  6.9293E-02  4.3839E-02  2.5583E-02  1.3589E-02  6.2211E-03  2.3838E-03  6.3899E-04
  2.5980E-01  2.4887E-01  2.2964E-01  2.0431E-01  1.7534E-01  1.4454E-01  1.1474E-01  8.6373E-02  6.2061E-02  4.1886E-02  2.6487E-02  1.5454E-02  8.1674E-03  3.7722E-03  1.4290E-03  4.1773E-04
  1.5490E-01  1.4834E-01  1.3682E-01  1.2167E-01  1.0438E-01  8.6004E-02  6.8241E-02  5.1347E-02  3.6884E-02  2.4892E-02  1.5742E-02  9.1785E-03  4.8620E-03  2.2263E-03  8.4240E-04  2.4168E-04
  9.0768E-02  8.6897E-02  8.0107E-02  7.1204E-02  6.1070E-02  5.0316E-02  3.9937E-02  3.0067E-02  2.1614E-02  1.4587E-02  9.2095E-03  5.3502E-03  2.8171E-03  1.2903E-03  4.9383E-04  1.3289E-04
  5.2290E-02  5.0024E-02  4.6054E-02  4.0862E-02  3.4978E-02  2.8766E-02  2.2798E-02  1.7149E-02  1.2311E-02  8.2851E-03  5.2151E-03  3.0286E-03  1.6027E-03  7.3851E-04  2.7896E-04  7.8697E-05
  2.9529E-02  2.8368E-02  2.6341E-02  2.3664E-02  2.0570E-02  1.7193E-02  1.3826E-02  1.0477E-02  7.5533E-03  5.0799E-03  3.1919E-03  1.8495E-03  9.7319E-04  4.3977E-04  1.6780E-04  5.2003E-05
