# CREATED BY GENE DIAGNOSTICS TOOL on Sat May 17 18:13:25 2025 /home/unix/ottink/gene/diagnostics
# diag: vsp1, run(s): vip010vem001, time window: 109.2-109.28616(1 steps), species: i
# original data path: /Differ/Data/IMT/lottink/Tokamak_nTEM/vres_scan/v2/
# normalization: L_ref=1.65m
#
# vpar
 -3.0000E+00
 -2.9528E+00
 -2.9055E+00
 -2.8583E+00
 -2.8110E+00
 -2.7638E+00
 -2.7165E+00
 -2.6693E+00
 -2.6220E+00
 -2.5748E+00
 -2.5276E+00
 -2.4803E+00
 -2.4331E+00
 -2.3858E+00
 -2.3386E+00
 -2.2913E+00
 -2.2441E+00
 -2.1969E+00
 -2.1496E+00
 -2.1024E+00
 -2.0551E+00
 -2.0079E+00
 -1.9606E+00
 -1.9134E+00
 -1.8661E+00
 -1.8189E+00
 -1.7717E+00
 -1.7244E+00
 -1.6772E+00
 -1.6299E+00
 -1.5827E+00
 -1.5354E+00
 -1.4882E+00
 -1.4409E+00
 -1.3937E+00
 -1.3465E+00
 -1.2992E+00
 -1.2520E+00
 -1.2047E+00
 -1.1575E+00
 -1.1102E+00
 -1.0630E+00
 -1.0157E+00
 -9.6850E-01
 -9.2126E-01
 -8.7402E-01
 -8.2677E-01
 -7.7953E-01
 -7.3228E-01
 -6.8504E-01
 -6.3780E-01
 -5.9055E-01
 -5.4331E-01
 -4.9606E-01
 -4.4882E-01
 -4.0157E-01
 -3.5433E-01
 -3.0709E-01
 -2.5984E-01
 -2.1260E-01
 -1.6535E-01
 -1.1811E-01
 -7.0866E-02
 -2.3622E-02
  2.3622E-02
  7.0866E-02
  1.1811E-01
  1.6535E-01
  2.1260E-01
  2.5984E-01
  3.0709E-01
  3.5433E-01
  4.0157E-01
  4.4882E-01
  4.9606E-01
  5.4331E-01
  5.9055E-01
  6.3780E-01
  6.8504E-01
  7.3228E-01
  7.7953E-01
  8.2677E-01
  8.7402E-01
  9.2126E-01
  9.6850E-01
  1.0157E+00
  1.0630E+00
  1.1102E+00
  1.1575E+00
  1.2047E+00
  1.2520E+00
  1.2992E+00
  1.3465E+00
  1.3937E+00
  1.4409E+00
  1.4882E+00
  1.5354E+00
  1.5827E+00
  1.6299E+00
  1.6772E+00
  1.7244E+00
  1.7717E+00
  1.8189E+00
  1.8661E+00
  1.9134E+00
  1.9606E+00
  2.0079E+00
  2.0551E+00
  2.1024E+00
  2.1496E+00
  2.1969E+00
  2.2441E+00
  2.2913E+00
  2.3386E+00
  2.3858E+00
  2.4331E+00
  2.4803E+00
  2.5276E+00
  2.5748E+00
  2.6220E+00
  2.6693E+00
  2.7165E+00
  2.7638E+00
  2.8110E+00
  2.8583E+00
  2.9055E+00
  2.9528E+00
  3.0000E+00


# mu
  5.5286E-02
  2.9341E-01
  7.3088E-01
  1.3853E+00
  2.2877E+00
  3.4931E+00
  5.1107E+00
  7.4232E+00


# trapped boundary
#  mu         vpar      
  5.5286E-02 -1.3503E-01
  5.5286E-02  1.4677E-01
  2.9341E-01 -3.2290E-01
  2.9341E-01  3.3464E-01
  7.3088E-01 -5.1076E-01
  7.3088E-01  5.2251E-01
  1.3853E+00 -7.1037E-01
  1.3853E+00  7.2211E-01
  2.2877E+00 -9.2172E-01
  2.2877E+00  9.3346E-01
  3.4931E+00 -1.1331E+00
  3.4931E+00  1.1448E+00
  5.1107E+00 -1.3679E+00
  5.1107E+00  1.3796E+00
  7.4232E+00 -1.6614E+00
  7.4232E+00  1.6732E+00


# , time = 109.28616, var = <|f|^2>^(1/2) , z = 0
  1.3391E-03  1.0456E-03  7.9212E-04  5.3184E-04  2.9816E-04  1.3296E-04  4.1951E-05  5.1783E-06
  1.7197E-03  1.3351E-03  1.0637E-03  8.0000E-04  4.8936E-04  2.1222E-04  6.0349E-05  9.2157E-06
  2.2705E-03  1.7249E-03  1.2917E-03  9.1536E-04  5.6133E-04  2.4798E-04  7.2691E-05  8.7774E-06
  3.0838E-03  2.3243E-03  1.7288E-03  1.2427E-03  7.8121E-04  3.5311E-04  1.0505E-04  1.6086E-05
  4.2863E-03  3.2131E-03  2.3185E-03  1.6084E-03  9.9938E-04  4.5401E-04  1.3415E-04  1.8323E-05
  6.0375E-03  4.5257E-03  3.1885E-03  2.1552E-03  1.3337E-03  6.1119E-04  1.8258E-04  2.6690E-05
  8.5315E-03  6.4253E-03  4.4374E-03  2.8956E-03  1.7519E-03  8.0293E-04  2.3957E-04  3.4628E-05
  1.2002E-02  9.1167E-03  6.2179E-03  3.9332E-03  2.3233E-03  1.0633E-03  3.1835E-04  4.4943E-05
  1.6732E-02  1.2855E-02  8.7198E-03  5.3679E-03  3.0788E-03  1.3974E-03  4.1838E-04  6.0530E-05
  2.3070E-02  1.7959E-02  1.2189E-02  7.3462E-03  4.0903E-03  1.8365E-03  5.4931E-04  7.6893E-05
  3.1461E-02  2.4835E-02  1.6939E-02  1.0051E-02  5.4364E-03  2.4055E-03  7.1949E-04  1.0422E-04
  4.2481E-02  3.4000E-02  2.3365E-02  1.3721E-02  7.2243E-03  3.1448E-03  9.3558E-04  1.3054E-04
  5.6900E-02  4.6118E-02  3.1970E-02  1.8654E-02  9.5881E-03  4.1001E-03  1.2160E-03  1.7704E-04
  7.5772E-02  6.2052E-02  4.3381E-02  2.5230E-02  1.2698E-02  5.3316E-03  1.5708E-03  2.2897E-04
  1.0054E-01  8.2932E-02  5.8386E-02  3.3919E-02  1.6768E-02  6.9123E-03  2.0221E-03  2.8808E-04
  1.3313E-01  1.1022E-01  7.7967E-02  4.5303E-02  2.2061E-02  8.9329E-03  2.6000E-03  3.8468E-04
  1.7607E-01  1.4581E-01  1.0334E-01  6.0091E-02  2.8903E-02  1.1504E-02  3.3139E-03  4.8392E-04
  2.3247E-01  1.9204E-01  1.3601E-01  7.9141E-02  3.7687E-02  1.4760E-02  4.2267E-03  5.9834E-04
  3.0611E-01  2.5183E-01  1.7781E-01  1.0348E-01  4.8889E-02  1.8862E-02  5.3393E-03  7.7006E-04
  4.0137E-01  3.2863E-01  2.3094E-01  1.3434E-01  6.3078E-02  2.4005E-02  6.7357E-03  9.6645E-04
  5.2320E-01  4.2649E-01  2.9802E-01  1.7315E-01  8.0924E-02  3.0417E-02  8.4557E-03  1.1627E-03
  6.7719E-01  5.5002E-01  3.8216E-01  2.2163E-01  1.0322E-01  3.8369E-02  1.0574E-02  1.4856E-03
  8.6967E-01  7.0451E-01  4.8695E-01  2.8175E-01  1.3088E-01  4.8175E-02  1.3193E-02  1.8537E-03
  1.1079E+00  8.9594E-01  6.1657E-01  3.5584E-01  1.6496E-01  6.0195E-02  1.6355E-02  2.2272E-03
  1.4002E+00  1.1311E+00  7.7579E-01  4.4653E-01  2.0668E-01  7.4861E-02  2.0219E-02  2.8337E-03
  1.7561E+00  1.4178E+00  9.7001E-01  5.5685E-01  2.5740E-01  9.2637E-02  2.4788E-02  3.4828E-03
  2.1859E+00  1.7647E+00  1.2052E+00  6.9020E-01  3.1868E-01  1.1406E-01  3.0248E-02  4.2045E-03
  2.7009E+00  2.1811E+00  1.4882E+00  8.5043E-01  3.9224E-01  1.3974E-01  3.6822E-02  5.2343E-03
  3.3126E+00  2.6773E+00  1.8263E+00  1.0418E+00  4.8002E-01  1.7029E-01  4.4535E-02  6.3297E-03
  4.0333E+00  3.2644E+00  2.2277E+00  1.2691E+00  5.8412E-01  2.0656E-01  5.3850E-02  7.5582E-03
  4.8759E+00  3.9538E+00  2.7011E+00  1.5375E+00  7.0684E-01  2.4934E-01  6.5082E-02  9.1687E-03
  5.8543E+00  4.7579E+00  3.2558E+00  1.8525E+00  8.5068E-01  2.9953E-01  7.8278E-02  1.0844E-02
  6.9831E+00  5.6893E+00  3.9015E+00  2.2200E+00  1.0183E+00  3.5800E-01  9.3811E-02  1.2729E-02
  8.2778E+00  6.7613E+00  4.6486E+00  2.6462E+00  1.2125E+00  4.2551E-01  1.1210E-01  1.5144E-02
  9.7547E+00  7.9879E+00  5.5073E+00  3.1374E+00  1.4361E+00  5.0322E-01  1.3291E-01  1.7594E-02
  1.1431E+01  9.3838E+00  6.4886E+00  3.7001E+00  1.6923E+00  5.9270E-01  1.5621E-01  2.0551E-02
  1.3325E+01  1.0964E+01  7.6035E+00  4.3412E+00  1.9841E+00  6.9601E-01  1.8312E-01  2.4139E-02
  1.5453E+01  1.2744E+01  8.8629E+00  5.0673E+00  2.3146E+00  8.1550E-01  2.1315E-01  2.7799E-02
  1.7836E+01  1.4739E+01  1.0278E+01  5.8850E+00  2.6869E+00  9.5256E-01  2.4644E-01  3.2325E-02
  2.0491E+01  1.6964E+01  1.1859E+01  6.8001E+00  3.1036E+00  1.1085E+00  2.8466E-01  3.7358E-02
  2.3436E+01  1.9432E+01  1.3615E+01  7.8183E+00  3.5673E+00  1.2840E+00  3.2700E-01  4.2562E-02
  2.6690E+01  2.2158E+01  1.5555E+01  8.9440E+00  4.0818E+00  1.4789E+00  3.7340E-01  4.8884E-02
  3.0265E+01  2.5151E+01  1.7685E+01  1.0181E+01  4.6528E+00  1.6945E+00  4.2559E-01  5.5405E-02
  3.4172E+01  2.8418E+01  2.0010E+01  1.1532E+01  5.2870E+00  1.9315E+00  4.8251E-01  6.2381E-02
  3.8413E+01  3.1965E+01  2.2533E+01  1.2997E+01  5.9896E+00  2.1893E+00  5.4373E-01  7.0536E-02
  4.2986E+01  3.5789E+01  2.5252E+01  1.4578E+01  6.7629E+00  2.4680E+00  6.1116E-01  7.8445E-02
  4.7881E+01  3.9884E+01  2.8163E+01  1.6274E+01  7.6045E+00  2.7674E+00  6.8306E-01  8.7308E-02
  5.3084E+01  4.4241E+01  3.1259E+01  1.8086E+01  8.5067E+00  3.0851E+00  7.5776E-01  9.6877E-02
  5.8572E+01  4.8841E+01  3.4529E+01  2.0019E+01  9.4589E+00  3.4171E+00  8.3735E-01  1.0591E-01
  6.4319E+01  5.3662E+01  3.7957E+01  2.2073E+01  1.0450E+01  3.7600E+00  9.1814E-01  1.1635E-01
  7.0289E+01  5.8672E+01  4.1525E+01  2.4237E+01  1.1468E+01  4.1097E+00  9.9808E-01  1.2618E-01
  7.6436E+01  6.3836E+01  4.5210E+01  2.6481E+01  1.2503E+01  4.4586E+00  1.0802E+00  1.3562E-01
  8.2707E+01  6.9106E+01  4.8988E+01  2.8770E+01  1.3541E+01  4.8035E+00  1.1587E+00  1.4591E-01
  8.9039E+01  7.4433E+01  5.2831E+01  3.1068E+01  1.4573E+01  5.1446E+00  1.2335E+00  1.5422E-01
  9.5362E+01  7.9758E+01  5.6696E+01  3.3348E+01  1.5590E+01  5.4749E+00  1.3084E+00  1.6294E-01
  1.0159E+02  8.5016E+01  6.0524E+01  3.5584E+01  1.6583E+01  5.7922E+00  1.3755E+00  1.7116E-01
  1.0765E+02  9.0134E+01  6.4245E+01  3.7747E+01  1.7540E+01  6.0978E+00  1.4373E+00  1.7699E-01
  1.1343E+02  9.5025E+01  6.7786E+01  3.9800E+01  1.8444E+01  6.3810E+00  1.4962E+00  1.8335E-01
  1.1882E+02  9.9591E+01  7.1074E+01  4.1699E+01  1.9273E+01  6.6306E+00  1.5421E+00  1.8768E-01
  1.2372E+02  1.0372E+02  7.4021E+01  4.3381E+01  1.9991E+01  6.8396E+00  1.5770E+00  1.8993E-01
  1.2801E+02  1.0730E+02  7.6509E+01  4.4745E+01  2.0535E+01  6.9788E+00  1.5958E+00  1.9064E-01
  1.3157E+02  1.1014E+02  7.8324E+01  4.5619E+01  2.0818E+01  7.0189E+00  1.5876E+00  1.8674E-01
  1.3420E+02  1.1173E+02  7.8700E+01  4.5284E+01  2.0386E+01  6.7724E+00  1.5065E+00  1.7387E-01
  1.3557E+02  1.1098E+02  7.6122E+01  4.2372E+01  1.8340E+01  5.8155E+00  1.2234E+00  1.3206E-01
  1.3861E+02  1.2037E+02  9.0528E+01  5.6312E+01  2.7508E+01  9.9200E+00  2.3910E+00  2.9799E-01
  1.3805E+02  1.1797E+02  8.6721E+01  5.2655E+01  2.5116E+01  8.8442E+00  2.0805E+00  2.5290E-01
  1.3692E+02  1.1630E+02  8.4677E+01  5.0859E+01  2.4025E+01  8.3922E+00  1.9594E+00  2.3628E-01
  1.3498E+02  1.1439E+02  8.2966E+01  4.9608E+01  2.3346E+01  8.1306E+00  1.8915E+00  2.2650E-01
  1.3218E+02  1.1187E+02  8.0936E+01  4.8254E+01  2.2656E+01  7.8791E+00  1.8313E+00  2.1909E-01
  1.2860E+02  1.0872E+02  7.8507E+01  4.6709E+01  2.1910E+01  7.6219E+00  1.7715E+00  2.1150E-01
  1.2432E+02  1.0502E+02  7.5704E+01  4.4963E+01  2.1083E+01  7.3408E+00  1.7080E+00  2.0430E-01
  1.1946E+02  1.0084E+02  7.2584E+01  4.3040E+01  2.0179E+01  7.0400E+00  1.6444E+00  1.9739E-01
  1.1413E+02  9.6283E+01  6.9210E+01  4.0976E+01  1.9213E+01  6.7184E+00  1.5722E+00  1.8846E-01
  1.0842E+02  9.1427E+01  6.5646E+01  3.8807E+01  1.8197E+01  6.3745E+00  1.4958E+00  1.8064E-01
  1.0245E+02  8.6357E+01  6.1951E+01  3.6569E+01  1.7147E+01  6.0179E+00  1.4191E+00  1.7209E-01
  9.6311E+01  8.1149E+01  5.8175E+01  3.4295E+01  1.6079E+01  5.6539E+00  1.3360E+00  1.6232E-01
  9.0082E+01  7.5873E+01  5.4367E+01  3.2012E+01  1.5007E+01  5.2839E+00  1.2528E+00  1.5393E-01
  8.3845E+01  7.0594E+01  5.0566E+01  2.9740E+01  1.3944E+01  4.9164E+00  1.1713E+00  1.4434E-01
  7.7667E+01  6.5366E+01  4.6808E+01  2.7499E+01  1.2901E+01  4.5571E+00  1.0882E+00  1.3517E-01
  7.1607E+01  6.0241E+01  4.3126E+01  2.5310E+01  1.1883E+01  4.2070E+00  1.0088E+00  1.2686E-01
  6.5716E+01  5.5261E+01  3.9549E+01  2.3195E+01  1.0893E+01  3.8695E+00  9.3315E-01  1.1764E-01
  6.0038E+01  5.0462E+01  3.6100E+01  2.1165E+01  9.9326E+00  3.5468E+00  8.5892E-01  1.0958E-01
  5.4606E+01  4.5874E+01  3.2800E+01  1.9227E+01  9.0050E+00  3.2383E+00  7.8934E-01  1.0162E-01
  4.9448E+01  4.1520E+01  2.9666E+01  1.7385E+01  8.1199E+00  2.9425E+00  7.2318E-01  9.3446E-02
  4.4584E+01  3.7414E+01  2.6708E+01  1.5646E+01  7.2887E+00  2.6590E+00  6.5888E-01  8.6308E-02
  4.0030E+01  3.3568E+01  2.3935E+01  1.4015E+01  6.5186E+00  2.3876E+00  5.9809E-01  7.8786E-02
  3.5792E+01  2.9987E+01  2.1351E+01  1.2494E+01  5.8096E+00  2.1284E+00  5.4021E-01  7.1530E-02
  3.1872E+01  2.6669E+01  1.8957E+01  1.1085E+01  5.1578E+00  1.8838E+00  4.8399E-01  6.4881E-02
  2.8263E+01  2.3614E+01  1.6752E+01  9.7872E+00  4.5589E+00  1.6573E+00  4.3115E-01  5.7922E-02
  2.4958E+01  2.0815E+01  1.4733E+01  8.5998E+00  4.0104E+00  1.4505E+00  3.8172E-01  5.1635E-02
  2.1944E+01  1.8263E+01  1.2895E+01  7.5195E+00  3.5107E+00  1.2646E+00  3.3498E-01  4.5761E-02
  1.9205E+01  1.5948E+01  1.1230E+01  6.5426E+00  3.0586E+00  1.0994E+00  2.9253E-01  3.9960E-02
  1.6728E+01  1.3857E+01  9.7310E+00  5.6646E+00  2.6517E+00  9.5296E-01  2.5423E-01  3.5035E-02
  1.4497E+01  1.1979E+01  8.3888E+00  4.8800E+00  2.2876E+00  8.2329E-01  2.1925E-01  3.0407E-02
  1.2498E+01  1.0300E+01  7.1938E+00  4.1831E+00  1.9637E+00  7.0834E-01  1.8835E-01  2.6148E-02
  1.0714E+01  8.8063E+00  6.1361E+00  3.5676E+00  1.6773E+00  6.0646E-01  1.6114E-01  2.2649E-02
  9.1301E+00  7.4853E+00  5.2052E+00  3.0273E+00  1.4254E+00  5.1662E-01  1.3706E-01  1.9331E-02
  7.7311E+00  6.3235E+00  4.3909E+00  2.5555E+00  1.2051E+00  4.3787E-01  1.1615E-01  1.6445E-02
  6.5024E+00  5.3082E+00  3.6829E+00  2.1459E+00  1.0135E+00  3.6938E-01  9.8255E-02  1.4057E-02
  5.4303E+00  4.4270E+00  3.0712E+00  1.7924E+00  8.4791E-01  3.1018E-01  8.2820E-02  1.1803E-02
  4.5021E+00  3.6676E+00  2.5460E+00  1.4890E+00  7.0555E-01  2.5921E-01  6.9542E-02  9.8939E-03
  3.7049E+00  3.0182E+00  2.0981E+00  1.2301E+00  5.8389E-01  2.1559E-01  5.8289E-02  8.3444E-03
  3.0262E+00  2.4668E+00  1.7187E+00  1.0105E+00  4.8053E-01  1.7844E-01  4.8595E-02  6.8787E-03
  2.4535E+00  2.0023E+00  1.3993E+00  8.2535E-01  3.9324E-01  1.4698E-01  4.0298E-02  5.6921E-03
  1.9742E+00  1.6139E+00  1.1324E+00  6.7008E-01  3.2000E-01  1.2050E-01  3.3292E-02  4.7620E-03
  1.5765E+00  1.2918E+00  9.1083E-01  5.4066E-01  2.5892E-01  9.8333E-02  2.7334E-02  3.8624E-03
  1.2493E+00  1.0270E+00  7.2818E-01  4.3348E-01  2.0831E-01  7.9878E-02  2.2369E-02  3.1824E-03
  9.8277E-01  8.1120E-01  5.7867E-01  3.4529E-01  1.6666E-01  6.4592E-02  1.8222E-02  2.6399E-03
  7.6796E-01  6.3703E-01  4.5712E-01  2.7324E-01  1.3260E-01  5.2002E-02  1.4789E-02  2.1231E-03
  5.9688E-01  4.9771E-01  3.5895E-01  2.1479E-01  1.0495E-01  4.1688E-02  1.1961E-02  1.7331E-03
  4.6221E-01  3.8717E-01  2.8015E-01  1.6772E-01  8.2647E-02  3.3282E-02  9.6192E-03  1.4183E-03
  3.5729E-01  3.0008E-01  2.1730E-01  1.3009E-01  6.4773E-02  2.6467E-02  7.7169E-03  1.1310E-03
  2.7612E-01  2.3181E-01  1.6746E-01  1.0025E-01  5.0542E-02  2.0968E-02  6.1501E-03  9.0124E-04
  2.1347E-01  1.7844E-01  1.2819E-01  7.6758E-02  3.9280E-02  1.6553E-02  4.8900E-03  7.2744E-04
  1.6498E-01  1.3675E-01  9.7434E-02  5.8423E-02  3.0421E-02  1.3023E-02  3.8699E-03  5.6859E-04
  1.2721E-01  1.0419E-01  7.3511E-02  4.4227E-02  2.3490E-02  1.0213E-02  3.0503E-03  4.4573E-04
  9.7616E-02  7.8821E-02  5.5042E-02  3.3326E-02  1.8098E-02  7.9865E-03  2.3977E-03  3.5477E-04
  7.4352E-02  5.9112E-02  4.0906E-02  2.5023E-02  1.3920E-02  6.2262E-03  1.8741E-03  2.7213E-04
  5.6082E-02  4.3901E-02  3.0192E-02  1.8748E-02  1.0699E-02  4.8432E-03  1.4617E-03  2.1558E-04
  4.1838E-02  3.2282E-02  2.2161E-02  1.4040E-02  8.2187E-03  3.7533E-03  1.1340E-03  1.6510E-04
  3.0875E-02  2.3529E-02  1.6217E-02  1.0535E-02  6.3233E-03  2.9085E-03  8.7875E-04  1.3012E-04
  2.2583E-02  1.7046E-02  1.1875E-02  7.9314E-03  4.8546E-03  2.2352E-03  6.7539E-04  9.8579E-05
  1.6436E-02  1.2335E-02  8.7465E-03  6.0255E-03  3.7611E-03  1.7334E-03  5.2304E-04  7.6995E-05
  1.1976E-02  8.9788E-03  6.5045E-03  4.5760E-03  2.8604E-03  1.3082E-03  3.9238E-04  5.7683E-05
  8.8101E-03  6.6334E-03  4.9436E-03  3.5936E-03  2.2777E-03  1.0390E-03  3.1237E-04  4.3844E-05
  6.5967E-03  5.0018E-03  3.7473E-03  2.6700E-03  1.6470E-03  7.3847E-04  2.2143E-04  3.2118E-05
  5.0547E-03  3.9108E-03  3.1300E-03  2.3814E-03  1.4690E-03  6.4192E-04  1.8482E-04  2.4522E-05
  3.9704E-03  3.0905E-03  2.3323E-03  1.5727E-03  9.0525E-04  4.1614E-04  1.3416E-04  2.0930E-05
