# CREATED BY GENE DIAGNOSTICS TOOL on Sat May 17 18:13:45 2025 /home/unix/ottink/gene/diagnostics
# diag: vsp1, run(s): vip010vem020, time window: 115.99-115.99416(1 steps), species: i
# original data path: /Differ/Data/IMT/lottink/Tokamak_nTEM/vres_scan/v2/
# normalization: L_ref=1.65m
#
# vpar
 -3.0000E+00
 -2.9528E+00
 -2.9055E+00
 -2.8583E+00
 -2.8110E+00
 -2.7638E+00
 -2.7165E+00
 -2.6693E+00
 -2.6220E+00
 -2.5748E+00
 -2.5276E+00
 -2.4803E+00
 -2.4331E+00
 -2.3858E+00
 -2.3386E+00
 -2.2913E+00
 -2.2441E+00
 -2.1969E+00
 -2.1496E+00
 -2.1024E+00
 -2.0551E+00
 -2.0079E+00
 -1.9606E+00
 -1.9134E+00
 -1.8661E+00
 -1.8189E+00
 -1.7717E+00
 -1.7244E+00
 -1.6772E+00
 -1.6299E+00
 -1.5827E+00
 -1.5354E+00
 -1.4882E+00
 -1.4409E+00
 -1.3937E+00
 -1.3465E+00
 -1.2992E+00
 -1.2520E+00
 -1.2047E+00
 -1.1575E+00
 -1.1102E+00
 -1.0630E+00
 -1.0157E+00
 -9.6850E-01
 -9.2126E-01
 -8.7402E-01
 -8.2677E-01
 -7.7953E-01
 -7.3228E-01
 -6.8504E-01
 -6.3780E-01
 -5.9055E-01
 -5.4331E-01
 -4.9606E-01
 -4.4882E-01
 -4.0157E-01
 -3.5433E-01
 -3.0709E-01
 -2.5984E-01
 -2.1260E-01
 -1.6535E-01
 -1.1811E-01
 -7.0866E-02
 -2.3622E-02
  2.3622E-02
  7.0866E-02
  1.1811E-01
  1.6535E-01
  2.1260E-01
  2.5984E-01
  3.0709E-01
  3.5433E-01
  4.0157E-01
  4.4882E-01
  4.9606E-01
  5.4331E-01
  5.9055E-01
  6.3780E-01
  6.8504E-01
  7.3228E-01
  7.7953E-01
  8.2677E-01
  8.7402E-01
  9.2126E-01
  9.6850E-01
  1.0157E+00
  1.0630E+00
  1.1102E+00
  1.1575E+00
  1.2047E+00
  1.2520E+00
  1.2992E+00
  1.3465E+00
  1.3937E+00
  1.4409E+00
  1.4882E+00
  1.5354E+00
  1.5827E+00
  1.6299E+00
  1.6772E+00
  1.7244E+00
  1.7717E+00
  1.8189E+00
  1.8661E+00
  1.9134E+00
  1.9606E+00
  2.0079E+00
  2.0551E+00
  2.1024E+00
  2.1496E+00
  2.1969E+00
  2.2441E+00
  2.2913E+00
  2.3386E+00
  2.3858E+00
  2.4331E+00
  2.4803E+00
  2.5276E+00
  2.5748E+00
  2.6220E+00
  2.6693E+00
  2.7165E+00
  2.7638E+00
  2.8110E+00
  2.8583E+00
  2.9055E+00
  2.9528E+00
  3.0000E+00


# mu
  5.5286E-02
  2.9341E-01
  7.3088E-01
  1.3853E+00
  2.2877E+00
  3.4931E+00
  5.1107E+00
  7.4232E+00


# trapped boundary
#  mu         vpar      
  5.5286E-02 -1.3503E-01
  5.5286E-02  1.4677E-01
  2.9341E-01 -3.2290E-01
  2.9341E-01  3.3464E-01
  7.3088E-01 -5.1076E-01
  7.3088E-01  5.2251E-01
  1.3853E+00 -7.1037E-01
  1.3853E+00  7.2211E-01
  2.2877E+00 -9.2172E-01
  2.2877E+00  9.3346E-01
  3.4931E+00 -1.1331E+00
  3.4931E+00  1.1448E+00
  5.1107E+00 -1.3679E+00
  5.1107E+00  1.3796E+00
  7.4232E+00 -1.6614E+00
  7.4232E+00  1.6732E+00


# , time = 115.99416, var = <|f|^2>^(1/2) , z = 0
  3.1136E+00  2.6144E+00  1.9526E+00  1.2186E+00  6.0368E-01  2.2972E-01  5.8989E-02  6.0978E-03
  3.9491E+00  3.2645E+00  2.3852E+00  1.4900E+00  7.6674E-01  3.0351E-01  7.9625E-02  1.0867E-02
  4.9998E+00  4.1384E+00  3.0639E+00  1.9608E+00  1.0233E+00  3.9764E-01  1.0145E-01  1.1772E-02
  6.3443E+00  5.2455E+00  3.8904E+00  2.4951E+00  1.3055E+00  5.1544E-01  1.3842E-01  1.8662E-02
  8.0743E+00  6.6667E+00  4.9541E+00  3.2088E+00  1.7132E+00  6.8378E-01  1.8145E-01  2.3226E-02
  1.0319E+01  8.5074E+00  6.3218E+00  4.1100E+00  2.2138E+00  8.8625E-01  2.3907E-01  3.1367E-02
  1.3260E+01  1.0913E+01  8.0963E+00  5.2677E+00  2.8654E+00  1.1621E+00  3.1504E-01  4.1736E-02
  1.7146E+01  1.4086E+01  1.0418E+01  6.7613E+00  3.6969E+00  1.5103E+00  4.1171E-01  5.3230E-02
  2.2314E+01  1.8300E+01  1.3477E+01  8.6995E+00  4.7630E+00  1.9630E+00  5.3850E-01  7.1502E-02
  2.9202E+01  2.3920E+01  1.7527E+01  1.1228E+01  6.1311E+00  2.5416E+00  6.9893E-01  9.1996E-02
  3.8355E+01  3.1416E+01  2.2902E+01  1.4538E+01  7.8891E+00  3.2824E+00  9.0770E-01  1.2189E-01
  5.0443E+01  4.1379E+01  3.0036E+01  1.8878E+01  1.0152E+01  4.2270E+00  1.1710E+00  1.5681E-01
  6.6286E+01  5.4543E+01  3.9476E+01  2.4568E+01  1.3064E+01  5.4291E+00  1.5090E+00  2.0701E-01
  8.6917E+01  7.1822E+01  5.1913E+01  3.2014E+01  1.6812E+01  6.9548E+00  1.9364E+00  2.6670E-01
  1.1369E+02  9.4366E+01  6.8201E+01  4.1725E+01  2.1627E+01  8.8865E+00  2.4743E+00  3.3732E-01
  1.4843E+02  1.2365E+02  8.9403E+01  5.4332E+01  2.7795E+01  1.1325E+01  3.1575E+00  4.4242E-01
  1.9358E+02  1.6157E+02  1.1683E+02  7.0611E+01  3.5671E+01  1.4396E+01  4.0004E+00  5.5205E-01
  2.5238E+02  2.1055E+02  1.5208E+02  9.1506E+01  4.5686E+01  1.8247E+01  5.0664E+00  6.9096E-01
  3.2895E+02  2.7364E+02  1.9710E+02  1.1815E+02  5.8362E+01  2.3060E+01  6.3719E+00  8.8394E-01
  4.2829E+02  3.5461E+02  2.5427E+02  1.5189E+02  7.4322E+01  2.9052E+01  7.9972E+00  1.0996E+00
  5.5618E+02  4.5796E+02  3.2640E+02  1.9432E+02  9.4306E+01  3.6477E+01  9.9968E+00  1.3519E+00
  7.1904E+02  5.8888E+02  4.1685E+02  2.4730E+02  1.1918E+02  4.5635E+01  1.2445E+01  1.7161E+00
  9.2386E+02  7.5325E+02  5.2952E+02  3.1298E+02  1.4997E+02  5.6878E+01  1.5447E+01  2.1280E+00
  1.1783E+03  9.5760E+02  6.6891E+02  3.9387E+02  1.8782E+02  7.0608E+01  1.9070E+01  2.5911E+00
  1.4907E+03  1.2091E+03  8.4009E+02  4.9279E+02  2.3406E+02  8.7297E+01  2.3463E+01  3.2650E+00
  1.8703E+03  1.5157E+03  1.0488E+03  6.1298E+02  2.9022E+02  1.0747E+02  2.8692E+01  3.9864E+00
  2.3277E+03  1.8862E+03  1.3015E+03  7.5810E+02  3.5798E+02  1.3172E+02  3.4941E+01  4.8303E+00
  2.8744E+03  2.3300E+03  1.6051E+03  9.3225E+02  4.3923E+02  1.6073E+02  4.2435E+01  5.9561E+00
  3.5228E+03  2.8580E+03  1.9674E+03  1.1399E+03  5.3604E+02  1.9520E+02  5.1243E+01  7.1628E+00
  4.2859E+03  3.4816E+03  2.3968E+03  1.3861E+03  6.5071E+02  2.3601E+02  6.1783E+01  8.5643E+00
  5.1771E+03  4.2126E+03  2.9023E+03  1.6763E+03  7.8571E+02  2.8403E+02  7.4296E+01  1.0324E+01
  6.2103E+03  5.0637E+03  3.4934E+03  2.0161E+03  9.4372E+02  3.4021E+02  8.8902E+01  1.2190E+01
  7.4003E+03  6.0479E+03  4.1802E+03  2.4119E+03  1.1276E+03  4.0558E+02  1.0596E+02  1.4336E+01
  8.7625E+03  7.1786E+03  4.9731E+03  2.8699E+03  1.3403E+03  4.8109E+02  1.2582E+02  1.6972E+01
  1.0313E+04  8.4699E+03  5.8828E+03  3.3970E+03  1.5849E+03  5.6799E+02  1.4840E+02  1.9705E+01
  1.2070E+04  9.9363E+03  6.9203E+03  3.9997E+03  1.8646E+03  6.6768E+02  1.7380E+02  2.2984E+01
  1.4050E+04  1.1592E+04  8.0962E+03  4.6848E+03  2.1827E+03  7.8183E+02  2.0284E+02  2.6819E+01
  1.6270E+04  1.3452E+04  9.4210E+03  5.4588E+03  2.5424E+03  9.1226E+02  2.3522E+02  3.0812E+01
  1.8747E+04  1.5531E+04  1.0905E+04  6.3282E+03  2.9469E+03  1.0602E+03  2.7114E+02  3.5639E+01
  2.1498E+04  1.7841E+04  1.2557E+04  7.2985E+03  3.3990E+03  1.2267E+03  3.1192E+02  4.0919E+01
  2.4539E+04  2.0394E+04  1.4387E+04  8.3752E+03  3.9014E+03  1.4128E+03  3.5694E+02  4.6496E+01
  2.7882E+04  2.3202E+04  1.6400E+04  9.5626E+03  4.4568E+03  1.6185E+03  4.0644E+02  5.3135E+01
  3.1538E+04  2.6272E+04  1.8603E+04  1.0864E+04  5.0687E+03  1.8450E+03  4.6167E+02  6.0020E+01
  3.5512E+04  2.9608E+04  2.0998E+04  1.2282E+04  5.7409E+03  2.0930E+03  5.2186E+02  6.7533E+01
  3.9803E+04  3.3211E+04  2.3587E+04  1.3815E+04  6.4762E+03  2.3621E+03  5.8677E+02  7.6108E+01
  4.4403E+04  3.7076E+04  2.6367E+04  1.5464E+04  7.2759E+03  2.6522E+03  6.5774E+02  8.4642E+01
  4.9298E+04  4.1195E+04  2.9331E+04  1.7225E+04  8.1382E+03  2.9628E+03  7.3326E+02  9.4134E+01
  5.4469E+04  4.5553E+04  3.2470E+04  1.9096E+04  9.0577E+03  3.2919E+03  8.1210E+02  1.0425E+02
  5.9892E+04  5.0130E+04  3.5771E+04  2.1073E+04  1.0026E+04  3.6358E+03  8.9554E+02  1.1405E+02
  6.5534E+04  5.4899E+04  3.9215E+04  2.3153E+04  1.1035E+04  3.9916E+03  9.8051E+02  1.2507E+02
  7.1357E+04  5.9828E+04  4.2781E+04  2.5321E+04  1.2073E+04  4.3555E+03  1.0654E+03  1.3559E+02
  7.7317E+04  6.4879E+04  4.6444E+04  2.7556E+04  1.3130E+04  4.7211E+03  1.1521E+03  1.4584E+02
  8.3361E+04  7.0007E+04  5.0174E+04  2.9830E+04  1.4196E+04  5.0852E+03  1.2361E+03  1.5674E+02
  8.9428E+04  7.5160E+04  5.3938E+04  3.2115E+04  1.5260E+04  5.4467E+03  1.3170E+03  1.6595E+02
  9.5448E+04  8.0280E+04  5.7693E+04  3.4383E+04  1.6311E+04  5.7995E+03  1.3977E+03  1.7542E+02
  1.0135E+05  8.5301E+04  6.1387E+04  3.6605E+04  1.7338E+04  6.1403E+03  1.4717E+03  1.8439E+02
  1.0703E+05  9.0153E+04  6.4956E+04  3.8748E+04  1.8326E+04  6.4682E+03  1.5404E+03  1.9122E+02
  1.1243E+05  9.4754E+04  6.8336E+04  4.0774E+04  1.9257E+04  6.7725E+03  1.6054E+03  1.9833E+02
  1.1743E+05  9.9016E+04  7.1456E+04  4.2637E+04  2.0106E+04  7.0420E+03  1.6579E+03  2.0348E+02
  1.2193E+05  1.0284E+05  7.4232E+04  4.4273E+04  2.0837E+04  7.2669E+03  1.6985E+03  2.0644E+02
  1.2585E+05  1.0612E+05  7.6555E+04  4.5588E+04  2.1386E+04  7.4174E+03  1.7212E+03  2.0757E+02
  1.2906E+05  1.0870E+05  7.8224E+04  4.6418E+04  2.1671E+04  7.4657E+03  1.7163E+03  2.0410E+02
  1.3140E+05  1.1008E+05  7.8501E+04  4.6050E+04  2.1230E+04  7.2162E+03  1.6341E+03  1.9088E+02
  1.3252E+05  1.0912E+05  7.5737E+04  4.2961E+04  1.9047E+04  6.1872E+03  1.3277E+03  1.4526E+02
  1.3535E+05  1.1828E+05  9.0033E+04  5.6996E+04  2.8415E+04  1.0443E+04  2.5550E+03  3.2188E+02
  1.3470E+05  1.1579E+05  8.6121E+04  5.3199E+04  2.5898E+04  9.2985E+03  2.2216E+03  2.7307E+02
  1.3356E+05  1.1415E+05  8.4125E+04  5.1424E+04  2.4796E+04  8.8333E+03  2.0957E+03  2.5566E+02
  1.3167E+05  1.1230E+05  8.2468E+04  5.0194E+04  2.4109E+04  8.5618E+03  2.0246E+03  2.4554E+02
  1.2898E+05  1.0987E+05  8.0507E+04  4.8863E+04  2.3409E+04  8.2977E+03  1.9600E+03  2.3754E+02
  1.2554E+05  1.0684E+05  7.8158E+04  4.7341E+04  2.2648E+04  8.0262E+03  1.8959E+03  2.2945E+02
  1.2144E+05  1.0327E+05  7.5438E+04  4.5615E+04  2.1802E+04  7.7295E+03  1.8281E+03  2.2172E+02
  1.1676E+05  9.9235E+04  7.2394E+04  4.3705E+04  2.0876E+04  7.4103E+03  1.7585E+03  2.1403E+02
  1.1162E+05  9.4810E+04  6.9085E+04  4.1645E+04  1.9883E+04  7.0690E+03  1.6808E+03  2.0455E+02
  1.0610E+05  9.0082E+04  6.5573E+04  3.9471E+04  1.8839E+04  6.7064E+03  1.5990E+03  1.9592E+02
  1.0031E+05  8.5132E+04  6.1918E+04  3.7218E+04  1.7757E+04  6.3309E+03  1.5159E+03  1.8643E+02
  9.4338E+04  8.0037E+04  5.8171E+04  3.4919E+04  1.6655E+04  5.9473E+03  1.4271E+03  1.7594E+02
  8.8277E+04  7.4868E+04  5.4381E+04  3.2605E+04  1.5546E+04  5.5582E+03  1.3380E+03  1.6643E+02
  8.2203E+04  6.9688E+04  5.0591E+04  3.0301E+04  1.4444E+04  5.1707E+03  1.2497E+03  1.5581E+02
  7.6182E+04  6.4556E+04  4.6841E+04  2.8030E+04  1.3358E+04  4.7898E+03  1.1601E+03  1.4565E+02
  7.0276E+04  5.9521E+04  4.3164E+04  2.5811E+04  1.2297E+04  4.4172E+03  1.0738E+03  1.3604E+02
  6.4531E+04  5.4626E+04  3.9590E+04  2.3661E+04  1.1266E+04  4.0567E+03  9.9040E+02  1.2582E+02
  5.8989E+04  4.9905E+04  3.6146E+04  2.1592E+04  1.0271E+04  3.7109E+03  9.0903E+02  1.1665E+02
  5.3682E+04  4.5388E+04  3.2850E+04  1.9615E+04  9.3177E+03  3.3798E+03  8.3232E+02  1.0756E+02
  4.8638E+04  4.1096E+04  2.9719E+04  1.7737E+04  8.4121E+03  3.0639E+03  7.5927E+02  9.8576E+01
  4.3875E+04  3.7047E+04  2.6765E+04  1.5964E+04  7.5615E+03  2.7633E+03  6.8922E+02  9.0526E+01
  3.9409E+04  3.3250E+04  2.3995E+04  1.4302E+04  6.7697E+03  2.4780E+03  6.2342E+02  8.2334E+01
  3.5247E+04  2.9712E+04  2.1414E+04  1.2754E+04  6.0366E+03  2.2084E+03  5.6118E+02  7.4618E+01
  3.1393E+04  2.6435E+04  1.9025E+04  1.1321E+04  5.3599E+03  1.9562E+03  5.0186E+02  6.7450E+01
  2.7843E+04  2.3416E+04  1.6824E+04  1.0002E+04  4.7375E+03  1.7236E+03  4.4650E+02  6.0234E+01
  2.4590E+04  2.0650E+04  1.4810E+04  8.7949E+03  4.1677E+03  1.5116E+03  3.9487E+02  5.3702E+01
  2.1624E+04  1.8129E+04  1.2976E+04  7.6974E+03  3.6493E+03  1.3206E+03  3.4653E+02  4.7557E+01
  1.8932E+04  1.5844E+04  1.1315E+04  6.7049E+03  3.1804E+03  1.1500E+03  3.0258E+02  4.1643E+01
  1.6500E+04  1.3781E+04  9.8200E+03  5.8126E+03  2.7587E+03  9.9791E+02  2.6278E+02  3.6507E+01
  1.4312E+04  1.1929E+04  8.4808E+03  5.0148E+03  2.3814E+03  8.6249E+02  2.2662E+02  3.1681E+01
  1.2353E+04  1.0275E+04  7.2881E+03  4.3055E+03  2.0458E+03  7.4214E+02  1.9476E+02  2.7298E+01
  1.0609E+04  8.8058E+03  6.2317E+03  3.6785E+03  1.7490E+03  6.3544E+02  1.6664E+02  2.3598E+01
  9.0637E+03  7.5066E+03  5.3012E+03  3.1273E+03  1.4879E+03  5.4144E+02  1.4187E+02  2.0123E+01
  7.7010E+03  6.3645E+03  4.4863E+03  2.6455E+03  1.2596E+03  4.5912E+02  1.2045E+02  1.7143E+01
  6.5056E+03  5.3659E+03  3.7766E+03  2.2266E+03  1.0609E+03  3.8748E+02  1.0197E+02  1.4611E+01
  5.4629E+03  4.4981E+03  3.1623E+03  1.8646E+03  8.8907E+02  3.2548E+02  8.5998E+01  1.2266E+01
  4.5590E+03  3.7487E+03  2.6336E+03  1.5533E+03  7.4121E+02  2.7207E+02  7.2253E+01  1.0322E+01
  3.7806E+03  3.1057E+03  2.1813E+03  1.2872E+03  6.1472E+02  2.2630E+02  6.0500E+01  8.6744E+00
  3.1151E+03  2.5579E+03  1.7968E+03  1.0611E+03  5.0711E+02  1.8731E+02  5.0386E+01  7.1750E+00
  2.5505E+03  2.0941E+03  1.4719E+03  8.6999E+02  4.1608E+02  1.5426E+02  4.1738E+01  5.9756E+00
  2.0751E+03  1.7043E+03  1.1990E+03  7.0940E+02  3.3952E+02  1.2643E+02  3.4443E+01  4.9775E+00
  1.6779E+03  1.3789E+03  9.7122E+02  5.7522E+02  2.7551E+02  1.0310E+02  2.8259E+01  4.0625E+00
  1.3485E+03  1.1089E+03  7.8227E+02  4.6375E+02  2.2231E+02  8.3659E+01  2.3100E+01  3.3699E+00
  1.0772E+03  8.8663E+02  6.2652E+02  3.7168E+02  1.7835E+02  6.7550E+01  1.8806E+01  2.7800E+00
  8.5552E+02  7.0479E+02  4.9893E+02  2.9609E+02  1.4226E+02  5.4273E+01  1.5233E+01  2.2410E+00
  6.7555E+02  5.5711E+02  3.9508E+02  2.3442E+02  1.1281E+02  4.3393E+01  1.2296E+01  1.8440E+00
  5.3060E+02  4.3804E+02  3.1106E+02  1.8441E+02  8.8934E+01  3.4525E+01  9.8666E+00  1.4921E+00
  4.1478E+02  3.4272E+02  2.4351E+02  1.4412E+02  6.9698E+01  2.7337E+01  7.8890E+00  1.1897E+00
  3.2299E+02  2.6694E+02  1.8953E+02  1.1187E+02  5.4303E+01  2.1542E+01  6.2751E+00  9.5566E-01
  2.5077E+02  2.0707E+02  1.4664E+02  8.6241E+01  4.2061E+01  1.6896E+01  4.9697E+00  7.6272E-01
  1.9429E+02  1.6000E+02  1.1276E+02  6.6013E+01  3.2391E+01  1.3190E+01  3.9218E+00  5.9871E-01
  1.5027E+02  1.2315E+02  8.6151E+01  5.0163E+01  2.4801E+01  1.0250E+01  3.0774E+00  4.7261E-01
  1.1603E+02  9.4380E+01  6.5370E+01  3.7834E+01  1.8883E+01  7.9299E+00  2.4079E+00  3.7497E-01
  8.9371E+01  7.1977E+01  4.9236E+01  2.8317E+01  1.4297E+01  6.1062E+00  1.8723E+00  2.8949E-01
  6.8591E+01  5.4571E+01  3.6788E+01  2.1025E+01  1.0768E+01  4.6859E+00  1.4525E+00  2.2878E-01
  5.2371E+01  4.1083E+01  2.7248E+01  1.5483E+01  8.0632E+00  3.5722E+00  1.1179E+00  1.7668E-01
  3.9708E+01  3.0669E+01  1.9989E+01  1.1307E+01  6.0177E+00  2.7288E+00  8.6344E-01  1.3638E-01
  2.9846E+01  2.2672E+01  1.4510E+01  8.1773E+00  4.4440E+00  2.0450E+00  6.5365E-01  1.0506E-01
  2.2205E+01  1.6575E+01  1.0412E+01  5.8789E+00  3.3244E+00  1.5800E+00  5.0871E-01  8.0073E-02
  1.6333E+01  1.1968E+01  7.3708E+00  4.1273E+00  2.3532E+00  1.1269E+00  3.7047E-01  6.1052E-02
  1.1867E+01  8.5264E+00  5.1673E+00  3.0231E+00  1.8975E+00  9.3339E-01  2.9968E-01  4.6237E-02
  8.5155E+00  5.9839E+00  3.4904E+00  1.8275E+00  1.0896E+00  5.7469E-01  2.0310E-01  3.4271E-02
  6.0500E+00  4.1259E+00  2.5558E+00  1.8551E+00  1.2367E+00  5.7195E-01  1.7369E-01  2.5230E-02
  4.2590E+00  3.1375E+00  1.8476E+00  6.9964E-01  4.0338E-01  2.9757E-01  1.2340E-01  2.1922E-02
