# CREATED BY GENE DIAGNOSTICS TOOL on Sat May 17 18:10:12 2025 /home/unix/ottink/gene/diagnostics
# diag: vsp1, run(s): vip010vem001, time window: 236-236.1102(1 steps), species: e
# original data path: /Differ/Data/IMT/lottink/Tokamak_ITG/vres_scan/v2/
# normalization: L_ref=1.65m
#
# vpar
 -3.0000E+00
 -2.9528E+00
 -2.9055E+00
 -2.8583E+00
 -2.8110E+00
 -2.7638E+00
 -2.7165E+00
 -2.6693E+00
 -2.6220E+00
 -2.5748E+00
 -2.5276E+00
 -2.4803E+00
 -2.4331E+00
 -2.3858E+00
 -2.3386E+00
 -2.2913E+00
 -2.2441E+00
 -2.1969E+00
 -2.1496E+00
 -2.1024E+00
 -2.0551E+00
 -2.0079E+00
 -1.9606E+00
 -1.9134E+00
 -1.8661E+00
 -1.8189E+00
 -1.7717E+00
 -1.7244E+00
 -1.6772E+00
 -1.6299E+00
 -1.5827E+00
 -1.5354E+00
 -1.4882E+00
 -1.4409E+00
 -1.3937E+00
 -1.3465E+00
 -1.2992E+00
 -1.2520E+00
 -1.2047E+00
 -1.1575E+00
 -1.1102E+00
 -1.0630E+00
 -1.0157E+00
 -9.6850E-01
 -9.2126E-01
 -8.7402E-01
 -8.2677E-01
 -7.7953E-01
 -7.3228E-01
 -6.8504E-01
 -6.3780E-01
 -5.9055E-01
 -5.4331E-01
 -4.9606E-01
 -4.4882E-01
 -4.0157E-01
 -3.5433E-01
 -3.0709E-01
 -2.5984E-01
 -2.1260E-01
 -1.6535E-01
 -1.1811E-01
 -7.0866E-02
 -2.3622E-02
  2.3622E-02
  7.0866E-02
  1.1811E-01
  1.6535E-01
  2.1260E-01
  2.5984E-01
  3.0709E-01
  3.5433E-01
  4.0157E-01
  4.4882E-01
  4.9606E-01
  5.4331E-01
  5.9055E-01
  6.3780E-01
  6.8504E-01
  7.3228E-01
  7.7953E-01
  8.2677E-01
  8.7402E-01
  9.2126E-01
  9.6850E-01
  1.0157E+00
  1.0630E+00
  1.1102E+00
  1.1575E+00
  1.2047E+00
  1.2520E+00
  1.2992E+00
  1.3465E+00
  1.3937E+00
  1.4409E+00
  1.4882E+00
  1.5354E+00
  1.5827E+00
  1.6299E+00
  1.6772E+00
  1.7244E+00
  1.7717E+00
  1.8189E+00
  1.8661E+00
  1.9134E+00
  1.9606E+00
  2.0079E+00
  2.0551E+00
  2.1024E+00
  2.1496E+00
  2.1969E+00
  2.2441E+00
  2.2913E+00
  2.3386E+00
  2.3858E+00
  2.4331E+00
  2.4803E+00
  2.5276E+00
  2.5748E+00
  2.6220E+00
  2.6693E+00
  2.7165E+00
  2.7638E+00
  2.8110E+00
  2.8583E+00
  2.9055E+00
  2.9528E+00
  3.0000E+00


# mu
  1.3581E-02
  7.1692E-02
  1.7680E-01
  3.2992E-01
  5.3256E-01
  7.8681E-01
  1.0955E+00
  1.4624E+00
  1.8925E+00
  2.3926E+00
  2.9718E+00
  3.6436E+00
  4.4281E+00
  5.3585E+00
  6.4984E+00
  8.0108E+00


# trapped boundary
#  mu         vpar      
  1.3581E-02 -6.4579E-02
  1.3581E-02  7.6321E-02
  7.1692E-02 -1.5851E-01
  7.1692E-02  1.7025E-01
  1.7680E-01 -2.5245E-01
  1.7680E-01  2.6419E-01
  3.2992E-01 -3.4638E-01
  3.2992E-01  3.5812E-01
  5.3256E-01 -4.4031E-01
  5.3256E-01  4.5205E-01
  7.8681E-01 -5.3425E-01
  7.8681E-01  5.4599E-01
  1.0955E+00 -6.2818E-01
  1.0955E+00  6.3992E-01
  1.4624E+00 -7.3386E-01
  1.4624E+00  7.4560E-01
  1.8925E+00 -8.2779E-01
  1.8925E+00  8.3953E-01
  2.3926E+00 -9.3346E-01
  2.3926E+00  9.4521E-01
  2.9718E+00 -1.0509E+00
  2.9718E+00  1.0626E+00
  3.6436E+00 -1.1566E+00
  3.6436E+00  1.1683E+00
  4.4281E+00 -1.2740E+00
  4.4281E+00  1.2857E+00
  5.3585E+00 -1.4031E+00
  5.3585E+00  1.4149E+00
  6.4984E+00 -1.5440E+00
  6.4984E+00  1.5558E+00
  8.0108E+00 -1.7202E+00
  8.0108E+00  1.7319E+00


# , time = 236.1102, var = <|f|^2>^(1/2) , z = 0
  6.3442E+01  6.1483E+01  5.8029E+01  5.3195E+01  4.7132E+01  4.0059E+01  3.2333E+01  2.4525E+01  1.7351E+01  1.1422E+01  6.9909E+00  3.9502E+00  1.9806E+00  1.9859E+00  1.7115E+00  7.4946E-01
  8.3828E+01  7.9425E+01  7.1916E+01  6.2012E+01  5.0720E+01  3.9223E+01  2.8650E+01  1.9787E+01  1.2939E+01  8.0237E+00  4.7254E+00  2.6249E+00  1.6321E+00  3.2765E+00  2.3674E+00  9.3807E-01
  1.1044E+02  1.0495E+02  9.5743E+01  8.3860E+01  7.0535E+01  5.6997E+01  4.4275E+01  3.3050E+01  2.3567E+01  1.5794E+01  9.7621E+00  5.5274E+00  3.5461E+00  4.0061E+00  1.6958E+00  3.3802E-01
  1.4482E+02  1.3761E+02  1.2549E+02  1.0970E+02  9.1782E+01  7.3310E+01  5.5700E+01  4.0091E+01  2.7242E+01  1.7405E+01  1.0354E+01  5.6773E+00  3.6249E+00  3.4203E+00  8.8201E-01  6.9049E-01
  1.8900E+02  1.7962E+02  1.6384E+02  1.4331E+02  1.2007E+02  9.6212E+01  7.3608E+01  5.3662E+01  3.7208E+01  2.4480E+01  1.5153E+01  8.6264E+00  4.8993E+00  2.6810E+00  1.8421E+00  9.6344E-01
  2.4549E+02  2.3335E+02  2.1289E+02  1.8627E+02  1.5609E+02  1.2506E+02  9.5554E+01  6.9389E+01  4.7669E+01  3.0812E+01  1.8628E+01  1.0407E+01  6.5926E+00  3.0173E+00  2.6731E+00  6.2178E-01
  3.1739E+02  3.0173E+02  2.7534E+02  2.4098E+02  2.0202E+02  1.6194E+02  1.2384E+02  9.0071E+01  6.2080E+01  4.0358E+01  2.4615E+01  1.3967E+01  8.9785E+00  4.4244E+00  2.1132E+00  9.9722E-01
  4.0842E+02  3.8832E+02  3.5445E+02  3.1032E+02  2.6025E+02  2.0870E+02  1.5964E+02  1.1612E+02  7.9986E+01  5.1875E+01  3.1438E+01  1.7624E+01  1.0044E+01  5.8892E+00  1.9662E+00  1.2938E+00
  5.2313E+02  4.9746E+02  4.5417E+02  3.9775E+02  3.3370E+02  2.6771E+02  2.0488E+02  1.4910E+02  1.0276E+02  6.6720E+01  4.0516E+01  2.2778E+01  1.2171E+01  6.9218E+00  3.7312E+00  8.7490E-01
  6.6697E+02  6.3432E+02  5.7926E+02  5.0746E+02  4.2591E+02  3.4183E+02  2.6171E+02  1.9053E+02  1.3135E+02  8.5280E+01  5.1749E+01  2.9086E+01  1.6328E+01  7.9514E+00  3.7457E+00  1.4085E+00
  8.4644E+02  8.0511E+02  7.3540E+02  6.4445E+02  5.4110E+02  4.3446E+02  3.3278E+02  2.4237E+02  1.6715E+02  1.0856E+02  6.5906E+01  3.7016E+01  2.0851E+01  9.0750E+00  3.8604E+00  1.9628E+00
  1.0693E+03  1.0172E+03  9.2934E+02  8.1468E+02  6.8429E+02  5.4967E+02  4.2120E+02  3.0690E+02  2.1173E+02  1.3754E+02  8.3506E+01  4.6721E+01  2.4514E+01  1.1273E+01  4.1570E+00  1.6900E+00
  1.3446E+03  1.2793E+03  1.1691E+03  1.0252E+03  8.6141E+02  6.9226E+02  5.3070E+02  3.8684E+02  2.6698E+02  1.7349E+02  1.0535E+02  5.9269E+01  3.0083E+01  1.4133E+01  6.4047E+00  2.2794E+00
  1.6831E+03  1.6016E+03  1.4639E+03  1.2841E+03  1.0795E+03  8.6786E+02  6.6562E+02  4.8540E+02  3.3513E+02  2.1783E+02  1.3229E+02  7.4671E+01  3.8267E+01  1.7662E+01  6.9063E+00  2.0898E+00
  2.0972E+03  1.9959E+03  1.8248E+03  1.6013E+03  1.3466E+03  1.0831E+03  8.3106E+02  6.0631E+02  4.1876E+02  2.7227E+02  1.6539E+02  9.2472E+01  4.9264E+01  2.3443E+01  8.8493E+00  2.3733E+00
  2.6014E+03  2.4761E+03  2.2644E+03  1.9876E+03  1.6721E+03  1.3456E+03  1.0329E+03  7.5391E+02  5.2091E+02  3.3879E+02  2.0584E+02  1.1520E+02  6.1149E+01  2.8113E+01  1.2095E+01  2.5135E+00
  3.2122E+03  3.0580E+03  2.7972E+03  2.4561E+03  2.0671E+03  1.6641E+03  1.2781E+03  9.3323E+02  6.4505E+02  4.1965E+02  2.5501E+02  1.4472E+02  7.2705E+01  3.3836E+01  1.5084E+01  3.4650E+00
  3.9487E+03  3.7595E+03  3.4398E+03  3.0214E+03  2.5438E+03  2.0488E+03  1.5742E+03  1.1500E+03  7.9520E+02  5.1749E+02  3.1452E+02  1.7754E+02  8.9490E+01  4.0227E+01  1.8248E+01  4.6023E+00
  4.8321E+03  4.6013E+03  4.2110E+03  3.7000E+03  3.1165E+03  2.5111E+03  1.9304E+03  1.4108E+03  9.7591E+02  6.3529E+02  3.8628E+02  2.1511E+02  1.1106E+02  4.9666E+01  2.2164E+01  5.7213E+00
  5.8869E+03  5.6065E+03  5.1321E+03  4.5108E+03  3.8010E+03  3.0640E+03  2.3565E+03  1.7230E+03  1.1923E+03  7.7642E+02  4.7214E+02  2.6576E+02  1.3804E+02  6.1658E+01  2.4728E+01  6.9902E+00
  7.1400E+03  6.8008E+03  6.2269E+03  5.4749E+03  4.6151E+03  3.7220E+03  2.8638E+03  2.0949E+03  1.4502E+03  9.4466E+02  5.7431E+02  3.2741E+02  1.6886E+02  7.7188E+01  2.9079E+01  7.8308E+00
  8.6215E+03  8.2131E+03  7.5217E+03  6.6154E+03  5.5788E+03  4.5012E+03  3.4649E+03  2.5357E+03  1.7561E+03  1.1443E+03  6.9627E+02  3.9263E+02  1.9946E+02  9.5483E+01  3.4977E+01  9.5728E+00
  1.0365E+04  9.8749E+03  9.0457E+03  7.9583E+03  6.7138E+03  5.4193E+03  4.1736E+03  3.0556E+03  2.1170E+03  1.3799E+03  8.4039E+02  4.6724E+02  2.3996E+02  1.1768E+02  4.3417E+01  1.1938E+01
  1.2406E+04  1.1821E+04  1.0831E+04  9.5317E+03  8.0442E+03  6.4959E+03  5.0050E+03  3.6659E+03  2.5409E+03  1.6567E+03  1.0076E+03  5.6801E+02  2.8799E+02  1.3962E+02  5.2269E+01  1.5084E+01
  1.4785E+04  1.4089E+04  1.2912E+04  1.1366E+04  9.5958E+03  7.7522E+03  5.9755E+03  4.3787E+03  3.0360E+03  1.9801E+03  1.2038E+03  6.8563E+02  3.4715E+02  1.6097E+02  6.0172E+01  1.8366E+01
  1.7544E+04  1.6720E+04  1.5326E+04  1.3495E+04  1.1397E+04  9.2108E+03  7.1029E+03  5.2070E+03  3.6117E+03  2.3563E+03  1.4391E+03  8.1308E+02  4.2385E+02  1.8767E+02  7.2059E+01  2.1000E+01
  2.0729E+04  1.9757E+04  1.8113E+04  1.5953E+04  1.3477E+04  1.0896E+04  8.4059E+03  6.1647E+03  4.2776E+03  2.7919E+03  1.7012E+03  9.5098E+02  5.0752E+02  2.2523E+02  8.8951E+01  2.3022E+01
  2.4388E+04  2.3247E+04  2.1315E+04  1.8777E+04  1.5868E+04  1.2834E+04  9.9045E+03  7.2666E+03  5.0441E+03  3.2933E+03  2.0028E+03  1.1238E+03  5.9676E+02  2.6959E+02  1.1082E+02  2.4312E+01
  2.8573E+04  2.7238E+04  2.4977E+04  2.2008E+04  1.8602E+04  1.5050E+04  1.1619E+04  8.5281E+03  5.9220E+03  3.8672E+03  2.3533E+03  1.3252E+03  6.7846E+02  3.1285E+02  1.3191E+02  2.5245E+01
  3.3337E+04  3.1781E+04  2.9146E+04  2.5685E+04  2.1715E+04  1.7573E+04  1.3572E+04  9.9649E+03  6.9220E+03  4.5221E+03  2.7837E+03  1.5848E+03  7.8791E+02  3.7624E+02  1.4599E+02  2.7059E+01
  3.8735E+04  3.6928E+04  3.3868E+04  2.9850E+04  2.5241E+04  2.0432E+04  1.5785E+04  1.1593E+04  8.0565E+03  5.2669E+03  3.2062E+03  1.8426E+03  9.4033E+02  4.6321E+02  1.5272E+02  2.9236E+01
  4.4824E+04  4.2734E+04  3.9193E+04  3.4545E+04  2.9215E+04  2.3654E+04  1.8278E+04  1.3429E+04  9.3340E+03  6.1031E+03  3.7040E+03  2.1108E+03  1.1171E+03  5.5435E+02  1.5342E+02  3.3042E+01
  5.1661E+04  4.9250E+04  4.5169E+04  3.9813E+04  3.3673E+04  2.7267E+04  2.1075E+04  1.5489E+04  1.0773E+04  7.0387E+03  4.2985E+03  2.4095E+03  1.3064E+03  6.1835E+02  1.5316E+02  3.7500E+01
  5.9303E+04  5.6533E+04  5.1846E+04  4.5696E+04  3.8650E+04  3.1300E+04  2.4197E+04  1.7786E+04  1.2367E+04  8.1165E+03  5.0054E+03  2.8354E+03  1.5721E+03  6.3183E+02  1.5905E+02  4.2668E+01
  6.7805E+04  6.4634E+04  5.9269E+04  5.2235E+04  4.4178E+04  3.5778E+04  2.7662E+04  2.0341E+04  1.4162E+04  9.2613E+03  5.6979E+03  3.3477E+03  1.8579E+03  6.1065E+02  1.6998E+02  4.8388E+01
  7.7222E+04  7.3604E+04  6.7485E+04  5.9467E+04  5.0289E+04  4.0726E+04  3.1491E+04  2.3154E+04  1.6109E+04  1.0521E+04  6.5071E+03  3.8954E+03  2.0281E+03  5.8330E+02  1.8892E+02  5.3961E+01
  8.7605E+04  8.3490E+04  7.6535E+04  6.7428E+04  5.7012E+04  4.6166E+04  3.5698E+04  2.6266E+04  1.8297E+04  1.1946E+04  7.5347E+03  4.5324E+03  2.0024E+03  5.7539E+02  2.1128E+02  5.9970E+01
  9.8997E+04  9.4334E+04  8.6457E+04  7.6149E+04  6.4370E+04  5.2117E+04  4.0297E+04  2.9626E+04  2.0652E+04  1.3650E+04  8.7507E+03  5.1963E+03  1.8247E+03  6.0470E+02  2.3448E+02  6.6252E+01
  1.1144E+05  1.0617E+05  9.7282E+04  8.5657E+04  7.2386E+04  5.8592E+04  4.5302E+04  3.3357E+04  2.3166E+04  1.5536E+04  1.0005E+04  5.4701E+03  1.6523E+03  6.5739E+02  2.5847E+02  7.2695E+01
  1.2496E+05  1.1904E+05  1.0904E+05  9.5971E+04  8.1073E+04  6.5605E+04  5.0710E+04  3.7280E+04  2.5937E+04  1.7657E+04  1.1321E+04  5.0251E+03  1.6024E+03  7.2214E+02  2.8136E+02  8.0047E+01
  1.3959E+05  1.3294E+05  1.2173E+05  1.0710E+05  9.0440E+04  7.3158E+04  5.6555E+04  4.1621E+04  2.9104E+04  2.0089E+04  1.2390E+04  4.2177E+03  1.6670E+03  7.8877E+02  3.0422E+02  8.7377E+01
  1.5532E+05  1.4790E+05  1.3538E+05  1.1906E+05  1.0049E+05  8.1257E+04  6.2753E+04  4.6127E+04  3.2860E+04  2.2500E+04  1.2101E+04  3.7133E+03  1.8025E+03  8.4729E+02  3.2931E+02  9.5097E+01
  1.7216E+05  1.6390E+05  1.4998E+05  1.3184E+05  1.1122E+05  8.9879E+04  6.9475E+04  5.0937E+04  3.6931E+04  2.4571E+04  9.9464E+03  3.6576E+03  1.9463E+03  9.0236E+02  3.5342E+02  1.0326E+02
  1.9008E+05  1.8092E+05  1.6550E+05  1.4541E+05  1.2260E+05  9.9045E+04  7.6355E+04  5.6422E+04  4.0924E+04  2.4931E+04  7.5924E+03  3.8743E+03  2.0614E+03  9.5871E+02  3.7934E+02  1.1051E+02
  2.0903E+05  1.9893E+05  1.8191E+05  1.5976E+05  1.3462E+05  1.0865E+05  8.3845E+04  6.2688E+04  4.4701E+04  2.1217E+04  7.0096E+03  4.1316E+03  2.1559E+03  1.0106E+03  4.0499E+02  1.1904E+02
  2.2896E+05  2.1785E+05  1.9916E+05  1.7483E+05  1.4724E+05  1.1880E+05  9.1437E+04  6.9309E+04  4.5773E+04  1.4863E+04  7.4112E+03  4.2877E+03  2.2434E+03  1.0660E+03  4.2698E+02  1.2610E+02
  2.4978E+05  2.3763E+05  2.1718E+05  1.9057E+05  1.6039E+05  1.2922E+05  9.9920E+04  7.5324E+04  3.9777E+04  1.1552E+04  7.6595E+03  4.3721E+03  2.3167E+03  1.1185E+03  4.5181E+02  1.3428E+02
  2.7136E+05  2.5814E+05  2.3587E+05  2.0689E+05  1.7403E+05  1.4003E+05  1.0950E+05  7.7258E+04  2.7255E+04  1.2627E+04  7.7670E+03  4.4321E+03  2.3939E+03  1.1586E+03  4.7023E+02  1.4179E+02
  2.9358E+05  2.7926E+05  2.5513E+05  2.2369E+05  1.8796E+05  1.5122E+05  1.1889E+05  6.7448E+04  1.7664E+04  1.3007E+04  7.6329E+03  4.4653E+03  2.4612E+03  1.2040E+03  4.9125E+02  1.4881E+02
  3.1627E+05  3.0083E+05  2.7479E+05  2.4083E+05  2.0222E+05  1.6341E+05  1.2165E+05  4.5289E+04  1.8484E+04  1.2007E+04  7.4545E+03  4.5108E+03  2.4906E+03  1.2303E+03  5.0950E+02  1.5634E+02
  3.3922E+05  3.2266E+05  2.9469E+05  2.5815E+05  2.1648E+05  1.7613E+05  1.0525E+05  2.5698E+04  2.0410E+04  1.1565E+04  7.3778E+03  4.5238E+03  2.5241E+03  1.2582E+03  5.2413E+02  1.6192E+02
  3.6224E+05  3.4454E+05  3.1462E+05  2.7540E+05  2.3141E+05  1.7965E+05  6.8507E+04  2.3427E+04  1.6557E+04  1.0692E+04  7.1874E+03  4.4379E+03  2.5136E+03  1.2796E+03  5.4079E+02  1.6824E+02
  3.8507E+05  3.6623E+05  3.3432E+05  2.9239E+05  2.4617E+05  1.5195E+05  3.5600E+04  2.9306E+04  1.4510E+04  1.0359E+04  7.0011E+03  4.3326E+03  2.4923E+03  1.2849E+03  5.4995E+02  1.7304E+02
  4.0752E+05  3.8751E+05  3.5355E+05  3.0947E+05  2.4955E+05  8.8545E+04  2.8967E+04  2.2209E+04  1.3872E+04  9.9952E+03  6.5169E+03  4.1520E+03  2.4679E+03  1.2952E+03  5.6117E+02  1.7765E+02
  4.2941E+05  4.0820E+05  3.7211E+05  3.2572E+05  2.0667E+05  4.9745E+04  3.8918E+04  1.5606E+04  1.2021E+04  8.3750E+03  5.9151E+03  3.9475E+03  2.4059E+03  1.2888E+03  5.6908E+02  1.8204E+02
  4.5071E+05  4.2820E+05  3.9025E+05  3.2694E+05  1.2157E+05  3.7685E+04  3.2305E+04  1.7774E+04  1.2157E+04  7.4992E+03  5.4041E+03  3.7644E+03  2.3545E+03  1.2831E+03  5.7559E+02  1.8577E+02
  4.7158E+05  4.4761E+05  4.0799E+05  2.6407E+05  7.0104E+04  5.0657E+04  2.0975E+04  1.5003E+04  9.5953E+03  6.1757E+03  4.7713E+03  3.5581E+03  2.2903E+03  1.2766E+03  5.8170E+02  1.8866E+02
  4.9255E+05  4.6718E+05  4.0470E+05  1.3621E+05  5.4429E+04  5.4207E+04  2.7384E+04  1.4883E+04  7.2152E+03  4.9289E+03  4.2596E+03  3.3495E+03  2.2213E+03  1.2689E+03  5.8895E+02  1.9281E+02
  5.1421E+05  4.8688E+05  3.1052E+05  1.1297E+05  7.8105E+04  3.9767E+04  3.1620E+04  1.8444E+04  8.3827E+03  4.4152E+03  3.6546E+03  3.1598E+03  2.1521E+03  1.2507E+03  5.8644E+02  1.9262E+02
  5.3688E+05  4.8011E+05  1.8125E+05  8.1509E+04  9.0475E+04  5.0791E+04  2.7990E+04  2.0042E+04  8.0561E+03  3.1352E+03  3.1166E+03  3.0085E+03  2.1243E+03  1.2608E+03  5.9873E+02  1.9772E+02
  5.5887E+05  3.5937E+05  1.5652E+05  1.1863E+05  7.6441E+04  7.1108E+04  4.2160E+04  1.9291E+04  7.7768E+03  2.8632E+03  2.6509E+03  2.7896E+03  2.0203E+03  1.2182E+03  5.8550E+02  1.9468E+02
  5.4420E+05  2.4618E+05  1.2876E+05  1.7097E+05  1.1256E+05  4.8924E+04  3.9199E+04  2.3892E+04  1.0283E+04  2.9241E+03  2.5227E+03  2.7744E+03  2.0535E+03  1.2431E+03  5.9891E+02  1.9904E+02
  3.4820E+05  2.1062E+05  2.6649E+05  1.1221E+05  1.2001E+05  8.3603E+04  4.5814E+04  1.9483E+04  8.6541E+03  3.2610E+03  2.1540E+03  2.5148E+03  1.9340E+03  1.1875E+03  5.7927E+02  1.9394E+02
  2.5417E+05  3.1533E+05  1.6212E+05  2.2458E+05  1.2758E+05  5.4788E+04  4.9051E+04  2.6842E+04  1.0998E+04  2.8570E+03  1.5937E+03  2.2383E+03  1.8006E+03  1.1138E+03  5.4785E+02  1.8407E+02
  2.8613E+05  3.1979E+05  1.7091E+05  2.2603E+05  1.2792E+05  5.4043E+04  4.6677E+04  2.4815E+04  9.2698E+03  1.7282E+03  2.5410E+03  2.9217E+03  2.2373E+03  1.3406E+03  6.4628E+02  2.1496E+02
  4.3723E+05  2.1302E+05  2.6301E+05  1.1743E+05  1.1857E+05  8.4928E+04  4.5490E+04  1.7631E+04  7.5023E+03  2.9208E+03  2.6200E+03  2.7781E+03  2.1343E+03  1.2743E+03  6.1470E+02  2.0437E+02
  6.0747E+05  2.1051E+05  1.3446E+05  1.7065E+05  1.1053E+05  4.7677E+04  3.7213E+04  2.3150E+04  1.0571E+04  3.3405E+03  2.7375E+03  2.7068E+03  2.0760E+03  1.2351E+03  5.9570E+02  1.9814E+02
  6.0015E+05  3.9210E+05  1.4808E+05  1.1556E+05  7.1763E+04  6.9121E+04  4.1894E+04  1.8012E+04  7.1340E+03  2.7867E+03  2.9586E+03  2.8998E+03  2.1744E+03  1.2758E+03  6.0736E+02  2.0028E+02
  5.6605E+05  5.1807E+05  1.6089E+05  7.9466E+04  8.6343E+04  4.6994E+04  2.5458E+04  1.8422E+04  7.0591E+03  3.0424E+03  3.3153E+03  2.9789E+03  2.1623E+03  1.2547E+03  5.9223E+02  1.9454E+02
  5.3585E+05  5.1211E+05  3.3437E+05  1.0372E+05  7.4501E+04  3.5089E+04  2.9854E+04  1.7045E+04  7.0205E+03  4.1612E+03  3.8182E+03  3.2174E+03  2.2446E+03  1.2870E+03  6.0002E+02  1.9581E+02
  5.0900E+05  4.8493E+05  4.2900E+05  1.3397E+05  5.3487E+04  4.9699E+04  2.3887E+04  1.3266E+04  6.3777E+03  4.7980E+03  4.4370E+03  3.4673E+03  2.3051E+03  1.2940E+03  5.9201E+02  1.9121E+02
  4.8429E+05  4.6087E+05  4.2409E+05  2.8157E+05  6.3143E+04  4.9530E+04  1.8711E+04  1.3225E+04  8.4904E+03  5.8492E+03  4.8606E+03  3.6794E+03  2.3645E+03  1.3096E+03  5.9124E+02  1.8990E+02
  4.6071E+05  4.3845E+05  4.0148E+05  3.4250E+05  1.2059E+05  3.7035E+04  2.8886E+04  1.6094E+04  1.2052E+04  7.3908E+03  5.3849E+03  3.8384E+03  2.4124E+03  1.3201E+03  5.8682E+02  1.8648E+02
  4.3771E+05  4.1662E+05  3.8094E+05  3.3654E+05  2.1756E+05  4.5153E+04  3.7466E+04  1.4939E+04  1.1628E+04  8.3571E+03  5.9740E+03  4.0281E+03  2.4507E+03  1.3200E+03  5.7908E+02  1.8280E+02
  4.1492E+05  3.9502E+05  3.6132E+05  3.1783E+05  2.5987E+05  8.8974E+04  2.9481E+04  2.0080E+04  1.3315E+04  1.0111E+04  6.6531E+03  4.1995E+03  2.4677E+03  1.3079E+03  5.6897E+02  1.7873E+02
  3.9220E+05  3.7347E+05  3.4177E+05  3.0009E+05  2.5479E+05  1.5861E+05  3.2651E+04  2.8492E+04  1.4412E+04  1.0380E+04  7.1064E+03  4.3949E+03  2.5144E+03  1.3012E+03  5.5768E+02  1.7363E+02
  3.6953E+05  3.5193E+05  3.2215E+05  2.8312E+05  2.3908E+05  1.8786E+05  6.7871E+04  2.3804E+04  1.5650E+04  1.0491E+04  7.2498E+03  4.5415E+03  2.5452E+03  1.2807E+03  5.4105E+02  1.6764E+02
  3.4696E+05  3.3046E+05  3.0254E+05  2.6587E+05  2.2404E+05  1.8329E+05  1.0981E+05  2.3991E+04  1.9915E+04  1.1515E+04  7.3670E+03  4.5372E+03  2.5493E+03  1.2662E+03  5.2838E+02  1.6202E+02
  3.2456E+05  3.0912E+05  2.8299E+05  2.4875E+05  2.0938E+05  1.6988E+05  1.2747E+05  4.4694E+04  1.8589E+04  1.1759E+04  7.3892E+03  4.5100E+03  2.5359E+03  1.2441E+03  5.1069E+02  1.5478E+02
  3.0244E+05  2.8802E+05  2.6364E+05  2.3167E+05  1.9521E+05  1.5723E+05  1.2392E+05  6.9954E+04  1.6998E+04  1.2650E+04  7.5822E+03  4.4472E+03  2.4632E+03  1.2045E+03  4.9343E+02  1.4867E+02
  2.8069E+05  2.6727E+05  2.4458E+05  2.1485E+05  1.8084E+05  1.4557E+05  1.1355E+05  8.0494E+04  2.6790E+04  1.2597E+04  7.6888E+03  4.4044E+03  2.3919E+03  1.1658E+03  4.7496E+02  1.4133E+02
  2.5943E+05  2.4698E+05  2.2593E+05  1.9837E+05  1.6694E+05  1.3435E+05  1.0358E+05  7.7891E+04  4.0789E+04  1.1369E+04  7.4942E+03  4.3646E+03  2.3166E+03  1.1086E+03  4.5022E+02  1.3401E+02
  2.3876E+05  2.2725E+05  2.0780E+05  1.8236E+05  1.5334E+05  1.2329E+05  9.4573E+04  7.1212E+04  4.7250E+04  1.4536E+04  7.3173E+03  4.2560E+03  2.2354E+03  1.0562E+03  4.2797E+02  1.2675E+02
  2.1877E+05  2.0818E+05  1.9029E+05  1.6689E+05  1.4025E+05  1.1274E+05  8.6334E+04  6.4051E+04  4.5595E+04  2.1407E+04  6.9881E+03  4.0719E+03  2.1553E+03  1.0043E+03  4.0045E+02  1.1813E+02
  1.9957E+05  1.8986E+05  1.7347E+05  1.5205E+05  1.2769E+05  1.0253E+05  7.8672E+04  5.7371E+04  4.1291E+04  2.5436E+04  7.4459E+03  3.8283E+03  2.0499E+03  9.4946E+02  3.7545E+02  1.1060E+02
  1.8123E+05  1.7237E+05  1.5742E+05  1.3791E+05  1.1573E+05  9.2892E+04  7.1060E+04  5.1855E+04  3.7057E+04  2.4852E+04  9.8493E+03  3.6421E+03  1.9190E+03  8.9775E+02  3.5095E+02  1.0189E+02
  1.6382E+05  1.5577E+05  1.4220E+05  1.2451E+05  1.0443E+05  8.3753E+04  6.4166E+04  4.6698E+04  3.2894E+04  2.2298E+04  1.2206E+04  3.6687E+03  1.7813E+03  8.3896E+02  3.2580E+02  9.4223E+01
  1.4740E+05  1.4012E+05  1.2787E+05  1.1190E+05  9.3802E+04  7.5194E+04  5.7497E+04  4.1840E+04  2.9043E+04  1.9787E+04  1.2484E+04  4.1459E+03  1.6550E+03  7.7502E+02  3.0288E+02  8.6609E+01
  1.3200E+05  1.2546E+05  1.1445E+05  1.0011E+05  8.3876E+04  6.7203E+04  5.1405E+04  3.7491E+04  2.5747E+04  1.7477E+04  1.1208E+04  4.9912E+03  1.5829E+03  7.1143E+02  2.7833E+02  7.9168E+01
  1.1766E+05  1.1181E+05  1.0196E+05  8.9149E+04  7.4660E+04  5.9796E+04  4.5708E+04  3.3225E+04  2.2999E+04  1.5286E+04  9.7414E+03  5.4784E+03  1.6317E+03  6.4847E+02  2.5385E+02  7.2489E+01
  1.0438E+05  9.9172E+04  9.0408E+04  7.9023E+04  6.6155E+04  5.2968E+04  4.0486E+04  2.9495E+04  2.0353E+04  1.3350E+04  8.5154E+03  5.1954E+03  1.7932E+03  5.9669E+02  2.3031E+02  6.5529E+01
  9.2167E+04  8.7553E+04  7.9795E+04  6.9724E+04  5.8354E+04  4.6711E+04  3.5696E+04  2.5962E+04  1.7934E+04  1.1667E+04  7.3660E+03  4.4445E+03  1.9774E+03  5.7053E+02  2.0666E+02  5.9076E+01
  8.0999E+04  7.6933E+04  7.0100E+04  6.1238E+04  5.1239E+04  4.1009E+04  3.1337E+04  2.2812E+04  1.5771E+04  1.0255E+04  6.3742E+03  3.7590E+03  2.0307E+03  5.7064E+02  1.8582E+02  5.2854E+01
  7.0849E+04  6.7285E+04  6.1297E+04  5.3537E+04  4.4788E+04  3.5843E+04  2.7390E+04  1.9932E+04  1.3755E+04  8.9867E+03  5.5447E+03  3.2427E+03  1.8502E+03  5.9781E+02  1.6883E+02  4.6791E+01
  6.1681E+04  5.8572E+04  5.3353E+04  4.6591E+04  3.8973E+04  3.1188E+04  2.3835E+04  1.7351E+04  1.1996E+04  7.8308E+03  4.8159E+03  2.7649E+03  1.5387E+03  6.2448E+02  1.5587E+02  4.1549E+01
  5.3448E+04  5.0750E+04  4.6223E+04  4.0361E+04  3.3760E+04  2.7018E+04  2.0650E+04  1.5035E+04  1.0385E+04  6.7789E+03  4.1277E+03  2.3613E+03  1.2587E+03  6.1322E+02  1.5063E+02  3.6646E+01
  4.6098E+04  4.3770E+04  3.9863E+04  3.4806E+04  2.9113E+04  2.3301E+04  1.7813E+04  1.2973E+04  8.9691E+03  5.8533E+03  3.5750E+03  2.0637E+03  1.0774E+03  5.5429E+02  1.4918E+02  3.2426E+01
  3.9575E+04  3.7575E+04  3.4220E+04  2.9879E+04  2.4994E+04  2.0007E+04  1.5298E+04  1.1145E+04  7.7055E+03  5.0281E+03  3.0758E+03  1.7745E+03  9.1892E+02  4.5527E+02  1.4904E+02  2.9160E+01
  3.3819E+04  3.2110E+04  2.9243E+04  2.5534E+04  2.1362E+04  1.7103E+04  1.3081E+04  9.5332E+03  6.5942E+03  4.3072E+03  2.6399E+03  1.5081E+03  7.7891E+02  3.6193E+02  1.4494E+02  2.6266E+01
  2.8767E+04  2.7314E+04  2.4876E+04  2.1723E+04  1.8177E+04  1.4556E+04  1.1137E+04  8.1192E+03  5.6179E+03  3.6689E+03  2.2478E+03  1.2642E+03  6.6935E+02  3.0136E+02  1.3060E+02  2.4630E+01
  2.4359E+04  2.3129E+04  2.1067E+04  1.8399E+04  1.5398E+04  1.2334E+04  9.4404E+03  6.8850E+03  4.7659E+03  3.1136E+03  1.9037E+03  1.0750E+03  5.7834E+02  2.6198E+02  1.1014E+02  2.3301E+01
  2.0533E+04  1.9497E+04  1.7760E+04  1.5514E+04  1.2987E+04  1.0406E+04  7.9674E+03  5.8131E+03  4.0255E+03  2.6306E+03  1.6074E+03  9.1039E+02  4.8524E+02  2.2284E+02  8.6576E+01  2.2143E+01
  1.7230E+04  1.6362E+04  1.4906E+04  1.3023E+04  1.0905E+04  8.7409E+03  6.6952E+03  4.8869E+03  3.3855E+03  2.2132E+03  1.3550E+03  7.7219E+02  4.0287E+02  1.8779E+02  6.8249E+01  2.0763E+01
  1.4394E+04  1.3670E+04  1.2455E+04  1.0885E+04  9.1167E+03  7.3103E+03  5.6017E+03  4.0905E+03  2.8349E+03  1.8538E+03  1.1359E+03  6.4482E+02  3.2957E+02  1.5753E+02  5.7871E+01  1.8153E+01
  1.1971E+04  1.1370E+04  1.0362E+04  9.0571E+03  7.5885E+03  6.0873E+03  4.6665E+03  3.4091E+03  2.3636E+03  1.5461E+03  9.4623E+02  5.3741E+02  2.7427E+02  1.3368E+02  5.0551E+01  1.5267E+01
  9.9117E+03  9.4150E+03  8.5818E+03  7.5035E+03  6.2890E+03  5.0469E+03  3.8706E+03  2.8289E+03  1.9621E+03  1.2839E+03  7.8572E+02  4.4235E+02  2.2788E+02  1.1232E+02  4.3141E+01  1.1875E+01
  8.1707E+03  7.7621E+03  7.0767E+03  6.1893E+03  5.1894E+03  4.1662E+03  3.1966E+03  2.3373E+03  1.6217E+03  1.0615E+03  6.5015E+02  3.6894E+02  1.9172E+02  9.1375E+01  3.5408E+01  9.1142E+00
  6.7059E+03  6.3714E+03  5.8101E+03  5.0831E+03  4.2635E+03  3.4243E+03  2.6285E+03  1.9227E+03  1.3346E+03  8.7381E+02  5.3532E+02  3.0348E+02  1.5840E+02  7.2865E+01  2.8443E+01  7.3469E+00
  5.4798E+03  5.2071E+03  4.7494E+03  4.1565E+03  3.4876E+03  2.8024E+03  2.1521E+03  1.5749E+03  1.0935E+03  7.1618E+02  4.3871E+02  2.4849E+02  1.2843E+02  5.8006E+01  2.3979E+01  6.3497E+00
  4.4584E+03  4.2371E+03  3.8656E+03  3.3841E+03  2.8406E+03  2.2835E+03  1.7544E+03  1.2844E+03  8.9213E+02  5.8442E+02  3.5805E+02  2.0320E+02  1.0451E+02  4.7216E+01  2.1181E+01  5.7162E+00
  3.6116E+03  3.4329E+03  3.1326E+03  2.7433E+03  2.3037E+03  1.8527E+03  1.4240E+03  1.0429E+03  7.2465E+02  4.7482E+02  2.9096E+02  1.6478E+02  8.4337E+01  3.8379E+01  1.7723E+01  4.7074E+00
  2.9130E+03  2.7693E+03  2.5277E+03  2.2143E+03  1.8602E+03  1.4966E+03  1.1508E+03  8.4315E+02  5.8604E+02  3.8408E+02  2.3539E+02  1.3292E+02  6.8457E+01  3.2948E+01  1.3956E+01  3.4498E+00
  2.3395E+03  2.2243E+03  2.0308E+03  1.7796E+03  1.4956E+03  1.2038E+03  9.2601E+02  6.7870E+02  4.7188E+02  3.0933E+02  1.8959E+02  1.0749E+02  5.5492E+01  2.5237E+01  1.0544E+01  2.6345E+00
  1.8707E+03  1.7789E+03  1.6245E+03  1.4241E+03  1.1973E+03  9.6405E+02  7.4190E+02  5.4395E+02  3.7829E+02  2.4802E+02  1.5203E+02  8.6345E+01  4.4377E+01  2.1246E+01  9.0729E+00  2.4363E+00
  1.4895E+03  1.4166E+03  1.2940E+03  1.1347E+03  9.5430E+02  7.6873E+02  5.9181E+02  4.3406E+02  3.0194E+02  1.9800E+02  1.2137E+02  6.8650E+01  3.5676E+01  1.6342E+01  6.3924E+00  2.3781E+00
  1.1808E+03  1.1232E+03  1.0262E+03  9.0017E+02  7.5737E+02  6.1033E+02  4.7004E+02  3.4485E+02  2.3994E+02  1.5736E+02  9.6468E+01  5.4563E+01  2.8152E+01  1.2982E+01  5.2264E+00  2.3075E+00
  9.3214E+02  8.8676E+02  8.1039E+02  7.1106E+02  5.9848E+02  4.8247E+02  3.7170E+02  2.7278E+02  1.8984E+02  1.2451E+02  7.6328E+01  4.3267E+01  2.2018E+01  9.9202E+00  4.2248E+00  1.6414E+00
  7.3265E+02  6.9708E+02  6.3719E+02  5.5927E+02  4.7088E+02  3.7974E+02  2.9265E+02  2.1483E+02  1.4953E+02  9.8092E+01  6.0140E+01  3.4075E+01  1.7527E+01  7.9738E+00  3.6395E+00  1.3638E+00
  5.7339E+02  5.4562E+02  4.9886E+02  4.3798E+02  3.6889E+02  2.9759E+02  2.2941E+02  1.6845E+02  1.1727E+02  7.6922E+01  4.7144E+01  2.6659E+01  1.3707E+01  6.4276E+00  2.6038E+00  1.4008E+00
  4.4682E+02  4.2523E+02  3.8887E+02  3.4151E+02  2.8773E+02  2.3219E+02  1.7905E+02  1.3150E+02  9.1568E+01  6.0088E+01  3.6853E+01  2.0877E+01  1.0794E+01  4.9879E+00  2.5288E+00  1.1334E+00
  3.4669E+02  3.2998E+02  3.0183E+02  2.6515E+02  2.2346E+02  1.8038E+02  1.3913E+02  1.0220E+02  7.1150E+01  4.6644E+01  2.8523E+01  1.6073E+01  8.3148E+00  4.0151E+00  1.8014E+00  7.9213E-01
  2.6785E+02  2.5497E+02  2.3326E+02  2.0497E+02  1.7279E+02  1.3952E+02  1.0765E+02  7.9119E+01  5.5143E+01  3.6223E+01  2.2235E+01  1.2636E+01  6.5092E+00  3.1302E+00  1.4597E+00  6.0364E-01
  2.0604E+02  1.9616E+02  1.7949E+02  1.5776E+02  1.3303E+02  1.0743E+02  8.2883E+01  6.0846E+01  4.2252E+01  2.7527E+01  1.6695E+01  9.3640E+00  4.7222E+00  2.1557E+00  9.0671E-01  4.5986E-01
  1.5782E+02  1.5026E+02  1.3752E+02  1.2090E+02  1.0199E+02  8.2446E+01  6.3728E+01  4.6957E+01  3.2830E+01  2.1668E+01  1.3436E+01  7.7317E+00  4.0750E+00  1.8664E+00  8.9743E-01  4.6370E-01
  1.2036E+02  1.1461E+02  1.0491E+02  9.2227E+01  7.7748E+01  6.2669E+01  4.8071E+01  3.4873E+01  2.3809E+01  1.5283E+01  9.1988E+00  5.1411E+00  2.6567E+00  1.1338E+00  6.1240E-01  4.6821E-01
  9.1399E+01  8.7051E+01  7.9748E+01  7.0272E+01  5.9550E+01  4.8497E+01  3.7900E+01  2.8373E+01  2.0294E+01  1.3765E+01  8.7020E+00  5.0106E+00  2.5643E+00  1.2582E+00  6.1006E-01  3.7994E-01
  6.9086E+01  6.5611E+01  5.9650E+01  5.1720E+01  4.2593E+01  3.3236E+01  2.4601E+01  1.7313E+01  1.1572E+01  7.3251E+00  4.3691E+00  2.4230E+00  1.2210E+00  6.9080E-01  5.1091E-01  2.7732E-01
  5.2231E+01  5.0823E+01  4.8285E+01  4.4628E+01  3.9911E+01  3.4297E+01  2.8090E+01  2.1714E+01  1.5662E+01  1.0429E+01  6.3892E+00  3.6057E+00  1.8638E+00  8.4659E-01  5.6011E-01  4.1519E-01
