# CREATED BY GENE DIAGNOSTICS TOOL on Sat May 17 18:09:46 2025 /home/unix/ottink/gene/diagnostics
# diag: vsp1, run(s): vim010vep040, time window: 381.64-381.645(1 steps), species: e
# original data path: /Differ/Data/IMT/lottink/Tokamak_ITG/vres_scan/v1/
# normalization: L_ref=1.65m
#
# vpar
 -3.0000E+00
 -2.9528E+00
 -2.9055E+00
 -2.8583E+00
 -2.8110E+00
 -2.7638E+00
 -2.7165E+00
 -2.6693E+00
 -2.6220E+00
 -2.5748E+00
 -2.5276E+00
 -2.4803E+00
 -2.4331E+00
 -2.3858E+00
 -2.3386E+00
 -2.2913E+00
 -2.2441E+00
 -2.1969E+00
 -2.1496E+00
 -2.1024E+00
 -2.0551E+00
 -2.0079E+00
 -1.9606E+00
 -1.9134E+00
 -1.8661E+00
 -1.8189E+00
 -1.7717E+00
 -1.7244E+00
 -1.6772E+00
 -1.6299E+00
 -1.5827E+00
 -1.5354E+00
 -1.4882E+00
 -1.4409E+00
 -1.3937E+00
 -1.3465E+00
 -1.2992E+00
 -1.2520E+00
 -1.2047E+00
 -1.1575E+00
 -1.1102E+00
 -1.0630E+00
 -1.0157E+00
 -9.6850E-01
 -9.2126E-01
 -8.7402E-01
 -8.2677E-01
 -7.7953E-01
 -7.3228E-01
 -6.8504E-01
 -6.3780E-01
 -5.9055E-01
 -5.4331E-01
 -4.9606E-01
 -4.4882E-01
 -4.0157E-01
 -3.5433E-01
 -3.0709E-01
 -2.5984E-01
 -2.1260E-01
 -1.6535E-01
 -1.1811E-01
 -7.0866E-02
 -2.3622E-02
  2.3622E-02
  7.0866E-02
  1.1811E-01
  1.6535E-01
  2.1260E-01
  2.5984E-01
  3.0709E-01
  3.5433E-01
  4.0157E-01
  4.4882E-01
  4.9606E-01
  5.4331E-01
  5.9055E-01
  6.3780E-01
  6.8504E-01
  7.3228E-01
  7.7953E-01
  8.2677E-01
  8.7402E-01
  9.2126E-01
  9.6850E-01
  1.0157E+00
  1.0630E+00
  1.1102E+00
  1.1575E+00
  1.2047E+00
  1.2520E+00
  1.2992E+00
  1.3465E+00
  1.3937E+00
  1.4409E+00
  1.4882E+00
  1.5354E+00
  1.5827E+00
  1.6299E+00
  1.6772E+00
  1.7244E+00
  1.7717E+00
  1.8189E+00
  1.8661E+00
  1.9134E+00
  1.9606E+00
  2.0079E+00
  2.0551E+00
  2.1024E+00
  2.1496E+00
  2.1969E+00
  2.2441E+00
  2.2913E+00
  2.3386E+00
  2.3858E+00
  2.4331E+00
  2.4803E+00
  2.5276E+00
  2.5748E+00
  2.6220E+00
  2.6693E+00
  2.7165E+00
  2.7638E+00
  2.8110E+00
  2.8583E+00
  2.9055E+00
  2.9528E+00
  3.0000E+00


# mu
  1.3581E-02
  7.1692E-02
  1.7680E-01
  3.2992E-01
  5.3256E-01
  7.8681E-01
  1.0955E+00
  1.4624E+00
  1.8925E+00
  2.3926E+00
  2.9718E+00
  3.6436E+00
  4.4281E+00
  5.3585E+00
  6.4984E+00
  8.0108E+00


# trapped boundary
#  mu         vpar      
  1.3581E-02 -6.4579E-02
  1.3581E-02  7.6321E-02
  7.1692E-02 -1.5851E-01
  7.1692E-02  1.7025E-01
  1.7680E-01 -2.5245E-01
  1.7680E-01  2.6419E-01
  3.2992E-01 -3.4638E-01
  3.2992E-01  3.5812E-01
  5.3256E-01 -4.4031E-01
  5.3256E-01  4.5205E-01
  7.8681E-01 -5.3425E-01
  7.8681E-01  5.4599E-01
  1.0955E+00 -6.2818E-01
  1.0955E+00  6.3992E-01
  1.4624E+00 -7.3386E-01
  1.4624E+00  7.4560E-01
  1.8925E+00 -8.2779E-01
  1.8925E+00  8.3953E-01
  2.3926E+00 -9.3346E-01
  2.3926E+00  9.4521E-01
  2.9718E+00 -1.0509E+00
  2.9718E+00  1.0626E+00
  3.6436E+00 -1.1566E+00
  3.6436E+00  1.1683E+00
  4.4281E+00 -1.2740E+00
  4.4281E+00  1.2857E+00
  5.3585E+00 -1.4031E+00
  5.3585E+00  1.4149E+00
  6.4984E+00 -1.5440E+00
  6.4984E+00  1.5558E+00
  8.0108E+00 -1.7202E+00
  8.0108E+00  1.7319E+00


# , time = 381.645, var = <|f|^2>^(1/2) , z = 0
  4.5676E-03  4.4315E-03  4.1970E-03  3.8713E-03  3.4535E-03  2.9450E-03  2.3698E-03  1.7850E-03  1.2596E-03  8.3600E-04  5.1958E-04  3.0012E-04  1.9113E-03  1.0844E-02  9.4368E-03  7.4485E-03
  6.3138E-03  5.9845E-03  5.4278E-03  4.7007E-03  3.8755E-03  3.0295E-03  2.2340E-03  1.5460E-03  1.0048E-03  6.2205E-04  3.7016E-04  1.9804E-04  3.5350E-03  1.5199E-02  1.3469E-02  7.4672E-03
  8.5974E-03  8.1681E-03  7.4495E-03  6.5253E-03  5.4974E-03  4.4648E-03  3.5005E-03  2.6394E-03  1.8895E-03  1.2632E-03  7.8514E-04  4.6979E-04  5.2538E-03  1.8818E-02  8.8146E-03  6.3368E-03
  1.1666E-02  1.1089E-02  1.0117E-02  8.8536E-03  7.4212E-03  5.9469E-03  4.5452E-03  3.3029E-03  2.2694E-03  1.4611E-03  8.7604E-04  5.1020E-04  8.4133E-03  1.6741E-02  5.7809E-03  1.1201E-02
  1.5753E-02  1.4979E-02  1.3677E-02  1.1985E-02  1.0069E-02  8.0999E-03  6.2318E-03  4.5818E-03  3.2156E-03  2.1426E-03  1.3378E-03  7.1877E-04  9.5074E-03  8.8075E-03  1.6476E-02  7.7315E-03
  2.1166E-02  2.0134E-02  1.8398E-02  1.6137E-02  1.3573E-02  1.0930E-02  8.4072E-03  6.1580E-03  4.2796E-03  2.8086E-03  1.7258E-03  1.0558E-03  1.2473E-02  1.4466E-02  1.2552E-02  8.4322E-03
  2.8301E-02  2.6933E-02  2.4627E-02  2.1623E-02  1.8210E-02  1.4687E-02  1.1321E-02  8.3170E-03  5.8050E-03  3.8354E-03  2.3845E-03  1.4688E-03  1.6631E-02  1.6439E-02  1.3859E-02  8.5932E-03
  3.7662E-02  3.5855E-02  3.2809E-02  2.8835E-02  2.4314E-02  1.9638E-02  1.5160E-02  1.1153E-02  7.7883E-03  5.1370E-03  3.1794E-03  1.6873E-03  1.6155E-02  2.3041E-02  1.7112E-02  8.7989E-03
  4.9882E-02  4.7509E-02  4.3503E-02  3.8272E-02  3.2311E-02  2.6135E-02  2.0208E-02  1.4893E-02  1.0422E-02  6.8917E-03  4.2813E-03  2.7715E-03  2.0204E-02  2.3095E-02  2.6098E-02  8.7980E-03
  6.5760E-02  6.2657E-02  5.7416E-02  5.0562E-02  4.2740E-02  3.4620E-02  2.6811E-02  1.9792E-02  1.3872E-02  9.1854E-03  5.7041E-03  3.5313E-03  2.1000E-02  1.6025E-02  3.5506E-02  5.5083E-03
  8.6290E-02  8.2253E-02  7.5428E-02  6.6492E-02  5.6276E-02  4.5651E-02  3.5410E-02  2.6183E-02  1.8383E-02  1.2194E-02  7.5881E-03  4.4996E-03  2.0585E-02  3.1718E-02  3.6492E-02  9.6476E-03
  1.1271E-01  1.0748E-01  9.8639E-02  8.7043E-02  7.3765E-02  5.9925E-02  4.6555E-02  3.4481E-02  2.4250E-02  1.6113E-02  1.0063E-02  7.2013E-03  2.9622E-02  2.5623E-02  4.0814E-02  8.5950E-03
  1.4655E-01  1.3981E-01  1.2841E-01  1.1343E-01  9.6254E-02  7.8311E-02  6.0936E-02  4.5207E-02  3.1848E-02  2.1197E-02  1.3213E-02  7.3408E-03  2.1973E-02  4.5393E-02  3.8806E-02  9.0232E-03
  1.8967E-01  1.8104E-01  1.6641E-01  1.4716E-01  1.2504E-01  1.0189E-01  7.9409E-02  5.9010E-02  4.1643E-02  2.7762E-02  1.7351E-02  1.1817E-02  3.2351E-02  4.9557E-02  3.6134E-02  7.9100E-03
  2.4439E-01  2.3338E-01  2.1469E-01  1.9008E-01  1.6173E-01  1.3198E-01  1.0303E-01  7.6693E-02  5.4214E-02  3.6205E-02  2.2805E-02  1.9578E-02  3.6360E-02  6.5871E-02  3.8878E-02  9.2502E-03
  3.1347E-01  2.9950E-01  2.7575E-01  2.4442E-01  2.0826E-01  1.7022E-01  1.3310E-01  9.9247E-02  7.0277E-02  4.7013E-02  2.9331E-02  1.4190E-02  3.7924E-02  1.1016E-01  3.3427E-02  1.1944E-02
  4.0030E-01  3.8265E-01  3.5262E-01  3.1293E-01  2.6701E-01  2.1859E-01  1.7122E-01  1.2789E-01  9.0715E-02  6.0787E-02  3.8222E-02  2.6525E-02  6.6668E-02  1.0254E-01  3.5154E-02  1.7209E-02
  5.0892E-01  4.8673E-01  4.4895E-01  3.9891E-01  3.4088E-01  2.7951E-01  2.1931E-01  1.6410E-01  1.1660E-01  7.8277E-02  4.9818E-02  4.8407E-02  5.9951E-02  1.1729E-01  4.4342E-02  2.4108E-02
  6.4418E-01  6.1643E-01  5.6911E-01  5.0632E-01  4.3331E-01  3.5590E-01  2.7974E-01  2.0969E-01  1.4926E-01  1.0037E-01  6.2465E-02  3.6447E-02  1.1306E-01  1.2292E-01  3.6267E-02  2.4578E-02
  8.1185E-01  7.7732E-01  7.1834E-01  6.3991E-01  5.4849E-01  4.5127E-01  3.5534E-01  2.6683E-01  1.9028E-01  1.2816E-01  8.1440E-02  5.4337E-02  1.6969E-01  9.5043E-02  3.1539E-02  2.5490E-02
  1.0188E+00  9.7603E-01  9.0286E-01  8.0535E-01  6.9138E-01  5.6983E-01  4.4950E-01  3.3816E-01  2.4157E-01  1.6308E-01  1.0519E-01  9.6542E-02  1.9786E-01  8.2228E-02  5.8945E-02  2.1040E-02
  1.2731E+00  1.2204E+00  1.1300E+00  1.0093E+00  8.6789E-01  7.1656E-01  5.6629E-01  4.2681E-01  3.0547E-01  2.0646E-01  1.2651E-01  8.0802E-02  2.7711E-01  1.2381E-01  9.0253E-02  1.9329E-02
  1.5844E+00  1.5196E+00  1.4085E+00  1.2598E+00  1.0850E+00  8.9742E-01  7.1054E-01  5.3653E-01  3.8471E-01  2.6060E-01  1.7090E-01  2.1340E-01  2.6892E-01  1.0160E-01  1.2129E-01  1.1504E-02
  1.9638E+00  1.8846E+00  1.7486E+00  1.5661E+00  1.3510E+00  1.1194E+00  8.8796E-01  6.7178E-01  4.8260E-01  3.2771E-01  2.1046E-01  2.4549E-01  2.5589E-01  1.1077E-01  1.1382E-01  1.5837E-02
  2.4245E+00  2.3280E+00  2.1621E+00  1.9391E+00  1.6754E+00  1.3907E+00  1.1053E+00  8.3779E-01  6.0305E-01  4.1029E-01  2.6078E-01  4.1335E-01  2.2342E-01  1.7690E-01  1.0806E-01  1.5604E-02
  2.9817E+00  2.8647E+00  2.6632E+00  2.3915E+00  2.0697E+00  1.7211E+00  1.3704E+00  1.0408E+00  7.5056E-01  5.0958E-01  2.9912E-01  4.9172E-01  2.3684E-01  2.7501E-01  8.7261E-02  1.9611E-02
  3.6535E+00  3.5120E+00  3.2679E+00  2.9384E+00  2.5469E+00  2.1217E+00  1.6925E+00  1.2879E+00  9.3086E-01  6.4227E-01  5.5923E-01  6.3970E-01  2.9917E-01  4.0825E-01  6.6500E-02  1.4579E-02
  4.4606E+00  4.2900E+00  3.9953E+00  3.5968E+00  3.1224E+00  2.6055E+00  2.0824E+00  1.5877E+00  1.1494E+00  7.7293E-01  3.9073E-01  5.0177E-01  2.7429E-01  3.4524E-01  8.9486E-02  1.5242E-02
  5.4273E+00  5.2221E+00  4.8673E+00  4.3869E+00  3.8137E+00  3.1877E+00  2.5524E+00  1.9499E+00  1.4162E+00  1.0053E+00  1.1018E+00  6.8815E-01  5.8445E-01  2.8856E-01  9.8744E-02  1.3609E-02
  6.5818E+00  6.3354E+00  5.9093E+00  5.3316E+00  4.6413E+00  3.8857E+00  3.1169E+00  2.3858E+00  1.7317E+00  1.1181E+00  7.9400E-01  4.4396E-01  7.2301E-01  2.0080E-01  1.2279E-01  1.3692E-02
  7.9568E+00  7.6615E+00  7.1506E+00  6.4576E+00  5.6285E+00  4.7194E+00  3.7924E+00  2.9089E+00  2.1316E+00  1.6838E+00  1.7478E+00  9.7039E-01  9.1709E-01  3.1545E-01  9.1833E-02  1.7444E-02
  9.5901E+00  9.2366E+00  8.6251E+00  7.7954E+00  6.8022E+00  5.7117E+00  4.5977E+00  3.5330E+00  2.5547E+00  1.4751E+00  9.5012E-01  7.7499E-01  6.3840E-01  4.5933E-01  7.6943E-02  1.7314E-02
  1.1526E+01  1.1103E+01  1.0372E+01  9.3802E+00  8.1931E+00  6.8888E+00  5.5545E+00  4.2799E+00  3.2086E+00  2.9966E+00  2.0580E+00  1.6691E+00  7.0587E-01  4.9688E-01  7.3843E-02  2.1715E-02
  1.3814E+01  1.3308E+01  1.2435E+01  1.1252E+01  9.8362E+00  8.2804E+00  6.6877E+00  5.1563E+00  3.6525E+00  2.0843E+00  1.4851E+00  1.5647E+00  1.0563E+00  4.5633E-01  7.8331E-02  2.4201E-02
  1.6513E+01  1.5908E+01  1.4866E+01  1.3456E+01  1.1771E+01  9.9205E+00  8.0252E+00  6.2246E+00  4.9293E+00  4.5190E+00  2.9194E+00  1.8873E+00  1.6157E+00  3.2178E-01  9.1891E-02  2.7771E-02
  1.9688E+01  1.8966E+01  1.7723E+01  1.6045E+01  1.4044E+01  1.1848E+01  9.6003E+00  7.4100E+00  5.1153E+00  3.2301E+00  2.8401E+00  1.8152E+00  1.7848E+00  2.7007E-01  1.0216E-01  3.1318E-02
  2.3416E+01  2.2554E+01  2.1073E+01  1.9078E+01  1.6705E+01  1.4106E+01  1.1448E+01  8.9887E+00  7.6609E+00  5.4753E+00  4.5125E+00  3.5374E+00  1.4182E+00  3.0217E-01  1.2781E-01  3.3664E-02
  2.7782E+01  2.6753E+01  2.4989E+01  2.2621E+01  1.9812E+01  1.6745E+01  1.3618E+01  1.0500E+01  7.5125E+00  5.9137E+00  4.7536E+00  4.7729E+00  1.0311E+00  3.2669E-01  1.5176E-01  3.2661E-02
  3.2882E+01  3.1654E+01  2.9556E+01  2.6750E+01  2.3433E+01  1.9821E+01  1.6148E+01  1.2904E+01  1.0523E+01  8.4053E+00  6.5766E+00  4.8560E+00  8.7789E-01  4.3448E-01  1.5814E-01  3.9764E-02
  3.8821E+01  3.7360E+01  3.4869E+01  3.1549E+01  2.7640E+01  2.3409E+01  1.9127E+01  1.5020E+01  1.1375E+01  1.0200E+01  9.1410E+00  3.7356E+00  9.6794E-01  5.0253E-01  1.6414E-01  3.7329E-02
  4.5718E+01  4.3982E+01  4.1031E+01  3.7112E+01  3.2520E+01  2.7555E+01  2.2551E+01  1.8097E+01  1.4223E+01  1.3570E+01  1.1954E+01  2.3921E+00  1.2587E+00  5.3209E-01  1.7795E-01  4.6175E-02
  5.3702E+01  5.1646E+01  4.8159E+01  4.3547E+01  3.8171E+01  3.2448E+01  2.6755E+01  2.2060E+01  1.9228E+01  1.6695E+01  1.1018E+01  2.5680E+00  1.3886E+00  5.5490E-01  1.6816E-01  5.0239E-02
  6.2912E+01  6.0486E+01  5.6382E+01  5.0975E+01  4.4704E+01  3.7926E+01  3.1140E+01  2.4502E+01  2.4296E+01  2.1906E+01  6.7487E+00  3.1948E+00  1.4905E+00  5.6670E-01  2.0457E-01  5.1415E-02
  7.3499E+01  7.0651E+01  6.5843E+01  5.9533E+01  5.2263E+01  4.4822E+01  3.7790E+01  3.2516E+01  3.0323E+01  2.5058E+01  6.1801E+00  3.4048E+00  1.5209E+00  5.5154E-01  2.1524E-01  6.6466E-02
  8.5625E+01  8.2300E+01  7.6699E+01  6.9379E+01  6.0975E+01  5.1772E+01  4.2406E+01  3.9238E+01  3.7497E+01  1.8603E+01  7.3124E+00  3.6453E+00  1.5203E+00  6.4711E-01  2.2826E-01  6.2488E-02
  9.9462E+01  9.5609E+01  8.9131E+01  8.0697E+01  7.1164E+01  6.2021E+01  5.4098E+01  5.1715E+01  4.6601E+01  1.3261E+01  7.7041E+00  3.6706E+00  1.5207E+00  6.9219E-01  2.8431E-01  8.2743E-02
  1.1520E+02  1.1077E+02  1.0334E+02  9.3712E+01  8.2685E+01  7.0778E+01  6.1682E+01  6.3008E+01  4.1832E+01  1.5640E+01  8.0964E+00  3.6650E+00  1.7264E+00  7.2857E-01  2.7767E-01  8.6119E-02
  1.3303E+02  1.2800E+02  1.1956E+02  1.0868E+02  9.6921E+01  8.5809E+01  8.1938E+01  7.9171E+01  2.7658E+01  1.7177E+01  8.0236E+00  3.7340E+00  1.8951E+00  9.1472E-01  3.5496E-01  9.7661E-02
  1.5319E+02  1.4753E+02  1.3808E+02  1.2599E+02  1.1205E+02  9.9447E+01  1.0236E+02  7.9390E+01  3.0531E+01  1.6128E+01  7.9535E+00  4.0787E+00  1.9654E+00  9.2575E-01  3.7710E-01  1.1529E-01
  1.7592E+02  1.6966E+02  1.5923E+02  1.4591E+02  1.3253E+02  1.2442E+02  1.2884E+02  5.4372E+01  3.5053E+01  1.5777E+01  8.3319E+00  4.6464E+00  2.4960E+00  1.1244E+00  4.1453E-01  1.1580E-01
  2.0152E+02  1.9472E+02  1.8345E+02  1.6957E+02  1.5562E+02  1.5757E+02  1.3659E+02  5.4359E+01  3.1830E+01  1.6469E+01  8.8172E+00  4.8533E+00  2.6028E+00  1.2176E+00  4.8418E-01  1.3815E-01
  2.3038E+02  2.2318E+02  2.1138E+02  1.9693E+02  1.8603E+02  2.0194E+02  1.0225E+02  6.2131E+01  2.7296E+01  1.6770E+01  1.0355E+01  6.0417E+00  2.9380E+00  1.2794E+00  4.8919E-01  1.4203E-01
  2.6300E+02  2.5565E+02  2.4392E+02  2.3159E+02  2.3721E+02  2.1870E+02  8.8533E+01  6.0995E+01  3.1845E+01  1.7659E+01  1.1191E+01  6.3140E+00  3.1750E+00  1.4658E+00  5.6675E-01  1.6149E-01
  3.0014E+02  2.9310E+02  2.8248E+02  2.7515E+02  3.0268E+02  1.7748E+02  1.0174E+02  4.7209E+01  3.2727E+01  2.1789E+01  1.2817E+01  6.5597E+00  3.2775E+00  1.5259E+00  6.0452E-01  1.7707E-01
  3.4302E+02  3.3715E+02  3.3085E+02  3.4391E+02  3.5688E+02  1.3251E+02  1.0788E+02  5.5335E+01  3.2606E+01  2.3021E+01  1.2995E+01  7.0408E+00  3.7162E+00  1.7375E+00  6.8103E-01  1.9674E-01
  3.9372E+02  3.9055E+02  3.9105E+02  4.4347E+02  2.6150E+02  1.5378E+02  8.6295E+01  6.0355E+01  4.1337E+01  2.3433E+01  1.3294E+01  7.6785E+00  4.0985E+00  1.9158E+00  7.4764E-01  2.1145E-01
  4.5568E+02  4.5789E+02  4.8226E+02  5.1160E+02  2.1210E+02  1.7907E+02  8.5997E+01  5.6842E+01  4.1014E+01  2.3753E+01  1.4805E+01  8.7934E+00  4.6513E+00  2.1537E+00  8.3687E-01  2.3752E-01
  5.3440E+02  5.4644E+02  6.2890E+02  3.9024E+02  2.3082E+02  1.3515E+02  9.9140E+01  6.8880E+01  4.0195E+01  2.6954E+01  1.7161E+01  9.7930E+00  5.0179E+00  2.2678E+00  8.5380E-01  2.3247E-01
  6.3876E+02  6.7666E+02  7.5639E+02  3.0506E+02  2.7180E+02  1.2252E+02  9.0615E+01  6.4383E+01  4.5555E+01  3.1026E+01  1.9237E+01  1.0923E+01  5.6096E+00  2.5455E+00  9.6736E-01  2.6774E-01
  7.8430E+02  9.2449E+02  6.0420E+02  3.4432E+02  1.8949E+02  1.4865E+02  1.0854E+02  7.8741E+01  5.3110E+01  3.3784E+01  2.0066E+01  1.1125E+01  5.6252E+00  2.4995E+00  9.2461E-01  2.4888E-01
  1.0058E+03  1.2007E+03  4.7201E+02  4.0052E+02  2.3041E+02  1.6064E+02  1.2315E+02  8.2452E+01  5.6144E+01  3.6164E+01  2.2173E+01  1.2431E+01  6.2465E+00  2.7678E+00  1.0330E+00  2.8230E-01
  1.4357E+03  1.0335E+03  5.6295E+02  3.3946E+02  2.9014E+02  1.8004E+02  1.3604E+02  9.2628E+01  6.3485E+01  4.0452E+01  2.4022E+01  1.3145E+01  6.4477E+00  2.7884E+00  1.0136E+00  2.7102E-01
  2.3157E+03  7.1946E+02  5.8148E+02  4.1601E+02  2.7812E+02  1.9895E+02  1.3034E+02  9.4302E+01  6.4130E+01  4.1762E+01  2.4927E+01  1.3567E+01  6.7309E+00  2.9947E+00  1.1349E+00  3.1826E-01
  2.7635E+03  1.0417E+03  4.9641E+02  4.5835E+02  3.3925E+02  2.0317E+02  1.4762E+02  1.0445E+02  6.9073E+01  4.3899E+01  2.6962E+01  1.5693E+01  8.4394E+00  4.0677E+00  1.6589E+00  4.9798E-01
  2.6674E+03  6.0263E+02  3.9681E+02  4.6176E+02  3.5579E+02  1.6122E+02  1.3447E+02  1.0153E+02  6.8412E+01  4.3637E+01  2.6592E+01  1.5056E+01  7.7159E+00  3.4837E+00  1.3167E+00  3.6371E-01
  1.8116E+03  3.0627E+02  4.9354E+02  2.9478E+02  2.2770E+02  2.0227E+02  1.4851E+02  9.0230E+01  5.8599E+01  3.8084E+01  2.2940E+01  1.2711E+01  6.4183E+00  2.8331E+00  1.0329E+00  2.7078E-01
  8.7027E+02  6.9152E+02  3.2912E+02  2.7300E+02  2.5685E+02  1.2961E+02  1.0383E+02  8.3052E+01  5.8590E+01  3.7619E+01  2.3172E+01  1.3146E+01  6.7554E+00  3.0420E+00  1.1332E+00  3.0504E-01
  4.3705E+02  6.3997E+02  2.0123E+02  2.4127E+02  1.1389E+02  1.3865E+02  1.2387E+02  8.0611E+01  5.4566E+01  3.4788E+01  2.0387E+01  1.1145E+01  5.6504E+00  2.5525E+00  9.6106E-01  2.6119E-01
  2.3044E+02  3.7467E+02  4.3185E+02  2.0143E+02  1.5741E+02  1.1270E+02  7.3174E+01  6.4460E+01  4.6439E+01  3.1195E+01  1.9638E+01  1.1283E+01  5.8869E+00  2.7274E+00  1.0579E+00  2.9856E-01
  1.3433E+02  1.8212E+02  3.6675E+02  2.0019E+02  2.1118E+02  6.4049E+01  7.9311E+01  6.5515E+01  4.2587E+01  2.8375E+01  1.7512E+01  9.8763E+00  5.0199E+00  2.2568E+00  8.5287E-01  2.3512E-01
  1.0232E+02  1.1035E+02  2.0037E+02  2.6720E+02  1.5527E+02  1.1564E+02  6.6680E+01  4.3269E+01  3.4925E+01  2.4203E+01  1.5218E+01  8.8675E+00  4.6962E+00  2.1844E+00  8.5394E-01  2.4660E-01
  1.0734E+02  1.0064E+02  1.0688E+02  2.1650E+02  1.5237E+02  1.2827E+02  4.2689E+01  4.2647E+01  3.5476E+01  2.2297E+01  1.3557E+01  7.8314E+00  4.1499E+00  1.9323E+00  7.4526E-01  2.0786E-01
  1.2445E+02  1.1338E+02  9.8050E+01  1.2731E+02  1.5774E+02  1.1377E+02  6.9210E+01  3.9430E+01  2.4238E+01  1.7077E+01  1.1942E+01  7.0374E+00  3.7055E+00  1.7365E+00  6.7980E-01  1.9533E-01
  1.4224E+02  1.3045E+02  1.1183E+02  9.3666E+01  1.3277E+02  1.2990E+02  8.1798E+01  3.0608E+01  2.2010E+01  1.6481E+01  1.0411E+01  5.9906E+00  3.1678E+00  1.5213E+00  6.1324E-01  1.7760E-01
  1.5757E+02  1.4589E+02  1.2634E+02  1.0131E+02  9.9648E+01  1.1118E+02  8.4479E+01  3.7879E+01  2.2224E+01  1.3128E+01  7.4856E+00  4.9847E+00  2.8886E+00  1.3982E+00  5.5433E-01  1.5875E-01
  1.6979E+02  1.5836E+02  1.3918E+02  1.1520E+02  9.3723E+01  8.8542E+01  8.0797E+01  4.8986E+01  2.0260E+01  1.2000E+01  7.9234E+00  4.7312E+00  2.4090E+00  1.1331E+00  4.6989E-01  1.4330E-01
  1.7895E+02  1.6776E+02  1.4891E+02  1.2424E+02  9.8282E+01  8.4442E+01  6.5052E+01  5.1002E+01  2.1516E+01  1.1420E+01  6.5144E+00  3.2201E+00  1.8772E+00  1.0274E+00  4.4417E-01  1.3285E-01
  1.8530E+02  1.7431E+02  1.5578E+02  1.3175E+02  1.0509E+02  8.6048E+01  5.6861E+01  5.4329E+01  2.6166E+01  1.1575E+01  6.0514E+00  3.5549E+00  1.9840E+00  8.9294E-01  3.5214E-01  1.0911E-01
  1.8913E+02  1.7831E+02  1.6006E+02  1.3626E+02  1.0935E+02  8.6999E+01  6.4577E+01  4.0923E+01  2.9719E+01  1.2417E+01  5.9167E+00  3.1706E+00  1.3799E+00  6.6256E-01  3.1235E-01  1.0463E-01
  1.9070E+02  1.8005E+02  1.6207E+02  1.3863E+02  1.1206E+02  8.3927E+01  6.8122E+01  3.5693E+01  3.2308E+01  1.3325E+01  5.6760E+00  2.6831E+00  1.4719E+00  7.5391E-01  2.8821E-01  8.2602E-02
  1.9027E+02  1.7980E+02  1.6212E+02  1.3906E+02  1.1301E+02  8.8439E+01  6.7645E+01  4.3715E+01  2.5108E+01  1.4809E+01  6.6219E+00  2.9030E+00  1.3901E+00  5.3265E-01  2.0678E-01  7.2176E-02
  1.8805E+02  1.7780E+02  1.6048E+02  1.3788E+02  1.1228E+02  8.4748E+01  6.0896E+01  4.6316E+01  2.0489E+01  1.6753E+01  6.8132E+00  2.6873E+00  1.1346E+00  5.6164E-01  2.4751E-01  6.9170E-02
  1.8427E+02  1.7427E+02  1.5738E+02  1.3535E+02  1.1043E+02  8.5895E+01  6.4714E+01  4.6879E+01  2.6285E+01  1.4310E+01  6.5909E+00  3.0552E+00  1.2794E+00  5.4052E-01  1.7285E-01  4.8514E-02
  1.7913E+02  1.6943E+02  1.5305E+02  1.3169E+02  1.0754E+02  8.2542E+01  5.7190E+01  4.0750E+01  2.8428E+01  1.0498E+01  7.3703E+00  3.0903E+00  1.1674E+00  4.3611E-01  1.8698E-01  6.1235E-02
  1.7284E+02  1.6348E+02  1.4768E+02  1.2710E+02  1.0386E+02  8.0380E+01  6.0663E+01  4.1947E+01  2.9019E+01  1.3646E+01  6.9907E+00  2.9648E+00  1.2959E+00  5.0144E-01  1.7591E-01  4.0146E-02
  1.6561E+02  1.5662E+02  1.4147E+02  1.2177E+02  9.9535E+01  7.6880E+01  5.4512E+01  3.6048E+01  2.5286E+01  1.5709E+01  5.3842E+00  3.1286E+00  1.2835E+00  4.5136E-01  1.4341E-01  4.7911E-02
  1.5761E+02  1.4903E+02  1.3460E+02  1.1585E+02  9.4720E+01  7.3296E+01  5.4205E+01  3.8706E+01  2.5523E+01  1.6809E+01  6.1359E+00  2.8614E+00  1.1933E+00  4.8668E-01  1.6434E-01  4.0570E-02
  1.4903E+02  1.4090E+02  1.2723E+02  1.0949E+02  8.9539E+01  6.9314E+01  5.0209E+01  3.3013E+01  2.1444E+01  1.4660E+01  7.8348E+00  2.4559E+00  1.2503E+00  4.8000E-01  1.4418E-01  3.5297E-02
  1.4004E+02  1.3238E+02  1.1951E+02  1.0284E+02  8.4111E+01  6.5164E+01  4.7772E+01  3.3872E+01  2.1929E+01  1.4137E+01  8.7863E+00  2.4626E+00  1.1158E+00  4.3352E-01  1.5485E-01  3.9021E-02
  1.3081E+02  1.2364E+02  1.1159E+02  9.6006E+01  7.8537E+01  6.0887E+01  4.4504E+01  3.0014E+01  1.9183E+01  1.2305E+01  8.0338E+00  3.2284E+00  9.1348E-01  4.4755E-01  1.5261E-01  3.2345E-02
  1.2148E+02  1.1479E+02  1.0359E+02  8.9112E+01  7.2910E+01  5.6565E+01  4.1477E+01  2.8923E+01  1.9172E+01  1.1808E+01  7.2996E+00  3.8213E+00  8.8592E-01  3.9132E-01  1.3470E-01  3.5800E-02
  1.1217E+02  1.0598E+02  9.5620E+01  8.2251E+01  6.7310E+01  5.2257E+01  3.8352E+01  2.6374E+01  1.6881E+01  1.0337E+01  6.6374E+00  4.1296E+00  1.1485E+00  3.3249E-01  1.3812E-01  3.4074E-02
  1.0300E+02  9.7308E+01  8.7781E+01  7.5505E+01  6.1803E+01  4.8017E+01  3.5300E+01  2.4520E+01  1.6226E+01  9.6907E+00  5.9708E+00  3.5786E+00  1.3841E+00  3.0800E-01  1.1461E-01  3.0787E-02
  9.4067E+01  8.8862E+01  8.0153E+01  6.8944E+01  5.6449E+01  4.3891E+01  3.2312E+01  2.2427E+01  1.4508E+01  9.3471E+00  5.2901E+00  3.2253E+00  1.6733E+00  3.2968E-01  1.0452E-01  3.1792E-02
  8.5454E+01  8.0720E+01  7.2805E+01  6.2627E+01  5.1294E+01  3.9914E+01  2.9428E+01  2.0498E+01  1.3508E+01  8.1039E+00  4.6134E+00  2.8921E+00  1.5342E+00  3.9649E-01  9.4481E-02  2.4523E-02
  7.7225E+01  7.2944E+01  6.5791E+01  5.6600E+01  4.6375E+01  3.6116E+01  2.6667E+01  1.8609E+01  1.2196E+01  7.7687E+00  4.7012E+00  2.5812E+00  1.4971E+00  5.0897E-01  7.7166E-02  2.4489E-02
  6.9432E+01  6.5582E+01  5.9152E+01  5.0897E+01  4.1720E+01  3.2519E+01  2.4046E+01  1.6820E+01  1.1102E+01  6.8020E+00  3.7320E+00  2.0694E+00  1.2643E+00  5.1871E-01  8.8152E-02  2.0175E-02
  6.2110E+01  5.8667E+01  5.2919E+01  4.5544E+01  3.7350E+01  2.9139E+01  2.1578E+01  1.5126E+01  9.9967E+00  6.2410E+00  4.0274E+00  2.1132E+00  1.2175E+00  5.6807E-01  1.1247E-01  1.7172E-02
  5.5284E+01  5.2221E+01  4.7111E+01  4.0556E+01  3.3278E+01  2.5986E+01  1.9271E+01  1.3538E+01  8.9781E+00  5.5862E+00  2.9867E+00  1.5940E+00  9.3975E-01  4.7750E-01  1.2267E-01  1.7251E-02
  4.8966E+01  4.6257E+01  4.1737E+01  3.5942E+01  2.9509E+01  2.3065E+01  1.7130E+01  1.2059E+01  8.0172E+00  5.0114E+00  3.2552E+00  1.8711E+00  8.5703E-01  4.7435E-01  1.4731E-01  1.5052E-02
  4.3161E+01  4.0776E+01  3.6799E+01  3.1701E+01  2.6044E+01  2.0377E+01  1.5156E+01  1.0691E+01  7.1269E+00  4.4671E+00  2.4807E+00  1.2734E+00  6.3055E-01  3.8607E-01  1.3601E-01  1.6523E-02
  3.7861E+01  3.5773E+01  3.2292E+01  2.7830E+01  2.2879E+01  1.7919E+01  1.3348E+01  9.4336E+00  6.3048E+00  3.9644E+00  2.3914E+00  1.5452E+00  7.3482E-01  3.6951E-01  1.3406E-01  2.2478E-02
  3.3055E+01  3.1236E+01  2.8204E+01  2.4319E+01  2.0007E+01  1.5686E+01  1.1701E+01  8.2861E+00  5.5516E+00  3.5007E+00  2.0488E+00  1.0395E+00  5.0359E-01  2.4830E-01  1.1782E-01  2.1376E-02
  2.8723E+01  2.7147E+01  2.4520E+01  2.1152E+01  1.7415E+01  1.3669E+01  1.0211E+01  7.2450E+00  4.8656E+00  3.0772E+00  1.8246E+00  1.1558E+00  6.2347E-01  2.2831E-01  1.1615E-01  2.5237E-02
  2.4844E+01  2.3484E+01  2.1218E+01  1.8314E+01  1.5090E+01  1.1857E+01  8.8713E+00  6.3061E+00  4.2448E+00  2.6916E+00  1.5883E+00  8.1700E-01  4.1590E-01  1.7471E-01  8.9138E-02  2.2779E-02
  2.1389E+01  2.0222E+01  1.8278E+01  1.5785E+01  1.3017E+01  1.0240E+01  7.6727E+00  5.4642E+00  3.6865E+00  2.3437E+00  1.3936E+00  8.3985E-01  4.9736E-01  2.0828E-01  8.3113E-02  2.0576E-02
  1.8330E+01  1.7334E+01  1.5673E+01  1.3544E+01  1.1179E+01  8.8039E+00  6.6066E+00  4.7137E+00  3.1871E+00  2.0314E+00  1.2108E+00  6.3344E-01  3.6826E-01  1.5597E-01  5.1418E-02  1.9741E-02
  1.5638E+01  1.4791E+01  1.3380E+01  1.1569E+01  9.5574E+00  7.5359E+00  5.6636E+00  4.0483E+00  2.7431E+00  1.7526E+00  1.0462E+00  5.8437E-01  3.5919E-01  1.7797E-01  4.8755E-02  1.6997E-02
  1.3281E+01  1.2565E+01  1.1371E+01  9.8388E+00  8.1353E+00  6.4223E+00  4.8340E+00  3.4617E+00  2.3506E+00  1.5054E+00  9.0104E-01  5.1215E-01  2.9526E-01  1.3823E-01  4.0273E-02  1.5614E-02
  1.1229E+01  1.0626E+01  9.6208E+00  8.3303E+00  6.8945E+00  5.4495E+00  4.1080E+00  2.9472E+00  2.0054E+00  1.2873E+00  7.7293E-01  4.2043E-01  2.4583E-01  1.4154E-01  4.2875E-02  1.3852E-02
  9.4524E+00  8.9473E+00  8.1044E+00  7.0224E+00  5.8177E+00  4.6041E+00  3.4761E+00  2.4984E+00  1.7036E+00  1.0960E+00  6.5913E-01  3.6077E-01  1.8478E-01  1.3241E-01  4.1736E-02  9.9868E-03
  7.9219E+00  7.5007E+00  6.7974E+00  5.8943E+00  4.8880E+00  3.8733E+00  2.9289E+00  2.1089E+00  1.4409E+00  9.2902E-01  5.6008E-01  3.1786E-01  1.8583E-01  1.0794E-01  3.9716E-02  9.6895E-03
  6.6105E+00  6.2608E+00  5.6767E+00  4.9262E+00  4.0894E+00  3.2447E+00  2.4574E+00  1.7727E+00  1.2136E+00  7.8413E-01  4.7381E-01  2.6434E-01  1.2299E-01  1.1699E-01  4.7403E-02  6.0810E-03
  5.4926E+00  5.2035E+00  4.7206E+00  4.0997E+00  3.4069E+00  2.7068E+00  2.0533E+00  1.4839E+00  1.0179E+00  6.5903E-01  3.9892E-01  2.1962E-01  1.2709E-01  7.6892E-02  3.4419E-02  7.0381E-03
  4.5444E+00  4.3065E+00  3.9090E+00  3.3977E+00  2.8266E+00  2.2488E+00  1.7086E+00  1.2370E+00  8.5025E-01  5.5155E-01  3.3452E-01  1.8833E-01  1.0372E-01  7.2259E-02  4.4223E-02  6.8009E-03
  3.7442E+00  3.5494E+00  3.2236E+00  2.8043E+00  2.3355E+00  1.8606E+00  1.4160E+00  1.0270E+00  7.0728E-01  4.5968E-01  2.7930E-01  1.5715E-01  7.1693E-02  4.6327E-02  3.1286E-02  6.7650E-03
  3.0723E+00  2.9134E+00  2.6476E+00  2.3051E+00  1.9220E+00  1.5333E+00  1.1688E+00  8.4930E-01  5.8598E-01  3.8151E-01  2.3213E-01  1.2915E-01  7.8815E-02  4.3093E-02  3.6634E-02  7.6227E-03
  2.5108E+00  2.3818E+00  2.1658E+00  1.8873E+00  1.5754E+00  1.2587E+00  9.6104E-01  6.9956E-01  4.8354E-01  3.1537E-01  1.9222E-01  1.0826E-01  5.9448E-02  3.8143E-02  3.1032E-02  9.3537E-03
  2.0439E+00  1.9395E+00  1.7647E+00  1.5392E+00  1.2864E+00  1.0292E+00  7.8715E-01  5.7398E-01  3.9740E-01  2.5953E-01  1.5829E-01  8.9143E-02  4.3764E-02  2.1987E-02  2.9089E-02  8.3651E-03
  1.6574E+00  1.5733E+00  1.4325E+00  1.2506E+00  1.0464E+00  8.3845E-01  6.4229E-01  4.6916E-01  3.2540E-01  2.1292E-01  1.3022E-01  7.3085E-02  5.0671E-02  3.1979E-02  2.6555E-02  9.4394E-03
  1.3390E+00  1.2716E+00  1.1585E+00  1.0124E+00  8.4812E-01  6.8052E-01  5.2212E-01  3.8195E-01  2.6518E-01  1.7352E-01  1.0586E-01  5.9114E-02  3.6462E-02  2.4653E-02  2.2053E-02  8.8187E-03
  1.0779E+00  1.0240E+00  9.3353E-01  8.1657E-01  6.8492E-01  5.5037E-01  4.2296E-01  3.1002E-01  2.1584E-01  1.4184E-01  8.6909E-02  4.8792E-02  2.5952E-02  2.0664E-02  1.1138E-02  6.4586E-03
  8.6469E-01  8.2173E-01  7.4967E-01  6.5636E-01  5.5119E-01  4.4345E-01  3.4110E-01  2.4999E-01  1.7363E-01  1.1324E-01  6.8430E-02  3.7920E-02  2.9712E-02  1.5002E-02  1.6884E-02  8.3930E-03
  6.9135E-01  6.5725E-01  6.0002E-01  5.2585E-01  4.4219E-01  3.5647E-01  2.7515E-01  2.0290E-01  1.4222E-01  9.3801E-02  5.7489E-02  3.2537E-02  2.3402E-02  9.3814E-03  1.4310E-02  4.1665E-03
  5.5100E-01  5.2401E-01  4.7865E-01  4.1970E-01  3.5287E-01  2.8388E-01  2.1780E-01  1.5863E-01  1.0915E-01  7.0587E-02  4.2607E-02  2.4001E-02  1.2541E-02  2.0284E-02  5.2914E-03  8.2746E-03
  4.3782E-01  4.1657E-01  3.8102E-01  3.3522E-01  2.8395E-01  2.3167E-01  1.8182E-01  1.3665E-01  9.7370E-02  6.4958E-02  4.0436E-02  2.3065E-02  1.5632E-02  2.1063E-02  9.9069E-03  5.5564E-03
  3.4678E-01  3.2902E-01  2.9884E-01  2.5922E-01  2.1441E-01  1.6946E-01  1.2865E-01  9.3587E-02  6.4185E-02  4.1218E-02  2.4800E-02  1.3583E-02  1.0010E-02  1.8046E-02  1.4911E-02  6.3899E-03
  2.7498E-01  2.6775E-01  2.5490E-01  2.3633E-01  2.1180E-01  1.8146E-01  1.4691E-01  1.1147E-01  7.8960E-02  5.1868E-02  3.1313E-02  1.7426E-02  8.3881E-03  1.2830E-02  1.1538E-02  8.1380E-03
