# CREATED BY GENE DIAGNOSTICS TOOL on Sat May 17 18:13:26 2025 /home/unix/ottink/gene/diagnostics
# diag: vsp1, run(s): vip010vem001, time window: 109.2-109.28616(1 steps), species: e
# original data path: /Differ/Data/IMT/lottink/Tokamak_nTEM/vres_scan/v2/
# normalization: L_ref=1.65m
#
# vpar
 -3.0000E+00
 -2.9528E+00
 -2.9055E+00
 -2.8583E+00
 -2.8110E+00
 -2.7638E+00
 -2.7165E+00
 -2.6693E+00
 -2.6220E+00
 -2.5748E+00
 -2.5276E+00
 -2.4803E+00
 -2.4331E+00
 -2.3858E+00
 -2.3386E+00
 -2.2913E+00
 -2.2441E+00
 -2.1969E+00
 -2.1496E+00
 -2.1024E+00
 -2.0551E+00
 -2.0079E+00
 -1.9606E+00
 -1.9134E+00
 -1.8661E+00
 -1.8189E+00
 -1.7717E+00
 -1.7244E+00
 -1.6772E+00
 -1.6299E+00
 -1.5827E+00
 -1.5354E+00
 -1.4882E+00
 -1.4409E+00
 -1.3937E+00
 -1.3465E+00
 -1.2992E+00
 -1.2520E+00
 -1.2047E+00
 -1.1575E+00
 -1.1102E+00
 -1.0630E+00
 -1.0157E+00
 -9.6850E-01
 -9.2126E-01
 -8.7402E-01
 -8.2677E-01
 -7.7953E-01
 -7.3228E-01
 -6.8504E-01
 -6.3780E-01
 -5.9055E-01
 -5.4331E-01
 -4.9606E-01
 -4.4882E-01
 -4.0157E-01
 -3.5433E-01
 -3.0709E-01
 -2.5984E-01
 -2.1260E-01
 -1.6535E-01
 -1.1811E-01
 -7.0866E-02
 -2.3622E-02
  2.3622E-02
  7.0866E-02
  1.1811E-01
  1.6535E-01
  2.1260E-01
  2.5984E-01
  3.0709E-01
  3.5433E-01
  4.0157E-01
  4.4882E-01
  4.9606E-01
  5.4331E-01
  5.9055E-01
  6.3780E-01
  6.8504E-01
  7.3228E-01
  7.7953E-01
  8.2677E-01
  8.7402E-01
  9.2126E-01
  9.6850E-01
  1.0157E+00
  1.0630E+00
  1.1102E+00
  1.1575E+00
  1.2047E+00
  1.2520E+00
  1.2992E+00
  1.3465E+00
  1.3937E+00
  1.4409E+00
  1.4882E+00
  1.5354E+00
  1.5827E+00
  1.6299E+00
  1.6772E+00
  1.7244E+00
  1.7717E+00
  1.8189E+00
  1.8661E+00
  1.9134E+00
  1.9606E+00
  2.0079E+00
  2.0551E+00
  2.1024E+00
  2.1496E+00
  2.1969E+00
  2.2441E+00
  2.2913E+00
  2.3386E+00
  2.3858E+00
  2.4331E+00
  2.4803E+00
  2.5276E+00
  2.5748E+00
  2.6220E+00
  2.6693E+00
  2.7165E+00
  2.7638E+00
  2.8110E+00
  2.8583E+00
  2.9055E+00
  2.9528E+00
  3.0000E+00


# mu
  5.5286E-02
  2.9341E-01
  7.3088E-01
  1.3853E+00
  2.2877E+00
  3.4931E+00
  5.1107E+00
  7.4232E+00


# trapped boundary
#  mu         vpar      
  5.5286E-02 -1.3503E-01
  5.5286E-02  1.4677E-01
  2.9341E-01 -3.2290E-01
  2.9341E-01  3.3464E-01
  7.3088E-01 -5.1076E-01
  7.3088E-01  5.2251E-01
  1.3853E+00 -7.1037E-01
  1.3853E+00  7.2211E-01
  2.2877E+00 -9.2172E-01
  2.2877E+00  9.3346E-01
  3.4931E+00 -1.1331E+00
  3.4931E+00  1.1448E+00
  5.1107E+00 -1.3679E+00
  5.1107E+00  1.3796E+00
  7.4232E+00 -1.6614E+00
  7.4232E+00  1.6732E+00


# , time = 109.28616, var = <|f|^2>^(1/2) , z = 0
  2.2648E-02  2.0308E-02  1.6087E-02  1.0538E-02  5.3644E-03  2.0880E-03  6.6926E-04  5.6632E-04
  2.9096E-02  2.3700E-02  1.6031E-02  8.8185E-03  3.9286E-03  1.4218E-03  4.2292E-04  5.9365E-04
  3.8122E-02  3.1576E-02  2.2549E-02  1.3895E-02  7.1735E-03  2.8815E-03  8.4762E-04  2.8956E-04
  4.9622E-02  4.1018E-02  2.8885E-02  1.6976E-02  8.0541E-03  2.9868E-03  8.9307E-04  4.3922E-04
  6.4326E-02  5.3176E-02  3.7546E-02  2.2400E-02  1.1094E-02  4.3932E-03  1.5068E-03  4.7079E-04
  8.3027E-02  6.8620E-02  4.8410E-02  2.8742E-02  1.3953E-02  5.2973E-03  1.4799E-03  9.7465E-04
  1.0670E-01  8.8169E-02  6.2185E-02  3.6955E-02  1.8072E-02  7.0212E-03  1.8891E-03  1.1045E-03
  1.3653E-01  1.1279E-01  7.9522E-02  4.7225E-02  2.3026E-02  8.8256E-03  2.9513E-03  4.8620E-04
  1.7394E-01  1.4367E-01  1.0125E-01  6.0108E-02  2.9328E-02  1.1300E-02  3.8164E-03  5.0729E-04
  2.2060E-01  1.8218E-01  1.2834E-01  7.6161E-02  3.7138E-02  1.4259E-02  3.6295E-03  6.7859E-04
  2.7856E-01  2.3000E-01  1.6198E-01  9.6078E-02  4.6840E-02  1.7993E-02  5.0692E-03  1.6618E-03
  3.5018E-01  2.8908E-01  2.0353E-01  1.2067E-01  5.8808E-02  2.2564E-02  7.7173E-03  2.0633E-03
  4.3825E-01  3.6173E-01  2.5460E-01  1.5089E-01  7.3506E-02  2.8192E-02  8.7282E-03  2.3220E-03
  5.4601E-01  4.5062E-01  3.1708E-01  1.8784E-01  9.1471E-02  3.5060E-02  8.9067E-03  2.5393E-03
  6.7722E-01  5.5886E-01  3.9316E-01  2.3282E-01  1.1333E-01  4.3416E-02  1.2153E-02  2.3878E-03
  8.3626E-01  6.9004E-01  4.8532E-01  2.8729E-01  1.3980E-01  5.3527E-02  1.6414E-02  2.3809E-03
  1.0279E+00  8.4814E-01  5.9639E-01  3.5295E-01  1.7169E-01  6.5692E-02  1.9313E-02  2.2415E-03
  1.2579E+00  1.0379E+00  7.2970E-01  4.3172E-01  2.0993E-01  8.0305E-02  2.1732E-02  2.9827E-03
  1.5326E+00  1.2644E+00  8.8882E-01  5.2573E-01  2.5558E-01  9.7741E-02  2.6171E-02  4.6646E-03
  1.8588E+00  1.5334E+00  1.0779E+00  6.3742E-01  3.0978E-01  1.1836E-01  3.2866E-02  6.6641E-03
  2.2444E+00  1.8515E+00  1.3014E+00  7.6944E-01  3.7386E-01  1.4276E-01  4.0588E-02  8.0363E-03
  2.6980E+00  2.2257E+00  1.5643E+00  9.2474E-01  4.4923E-01  1.7176E-01  4.9688E-02  8.7483E-03
  3.2288E+00  2.6637E+00  1.8720E+00  1.1065E+00  5.3745E-01  2.0535E-01  5.6641E-02  9.8448E-03
  3.8469E+00  3.1737E+00  2.2304E+00  1.3183E+00  6.4022E-01  2.4385E-01  6.4198E-02  1.2188E-02
  4.5632E+00  3.7647E+00  2.6457E+00  1.5637E+00  7.5932E-01  2.8988E-01  7.4376E-02  1.5744E-02
  5.3888E+00  4.4460E+00  3.1246E+00  1.8467E+00  8.9669E-01  3.4358E-01  9.0687E-02  1.9039E-02
  6.3359E+00  5.2275E+00  3.6741E+00  2.1715E+00  1.0543E+00  4.0151E-01  1.2112E-01  2.1431E-02
  7.4165E+00  6.1195E+00  4.3014E+00  2.5422E+00  1.2344E+00  4.6849E-01  1.5393E-01  2.1029E-02
  8.6437E+00  7.1326E+00  5.0138E+00  2.9634E+00  1.4389E+00  5.5260E-01  1.7264E-01  1.8320E-02
  1.0030E+01  8.2769E+00  5.8186E+00  3.4394E+00  1.6703E+00  6.4394E-01  1.7956E-01  1.4594E-02
  1.1587E+01  9.5628E+00  6.7233E+00  3.9746E+00  1.9303E+00  7.2868E-01  2.0192E-01  1.2531E-02
  1.3328E+01  1.1000E+01  7.7350E+00  4.5733E+00  2.2218E+00  8.3151E-01  2.5413E-01  1.3728E-02
  1.5263E+01  1.2599E+01  8.8603E+00  5.2395E+00  2.5451E+00  9.7806E-01  3.1190E-01  1.6852E-02
  1.7403E+01  1.4367E+01  1.0105E+01  5.9770E+00  2.9057E+00  1.1694E+00  3.3121E-01  2.0358E-02
  1.9758E+01  1.6312E+01  1.1476E+01  6.7890E+00  3.2985E+00  1.3321E+00  2.9300E-01  2.3714E-02
  2.2333E+01  1.8441E+01  1.2975E+01  7.6782E+00  3.7371E+00  1.4200E+00  2.3287E-01  2.7099E-02
  2.5135E+01  2.0757E+01  1.4608E+01  8.6467E+00  4.2051E+00  1.5407E+00  2.2417E-01  3.0409E-02
  2.8165E+01  2.3262E+01  1.6375E+01  9.6962E+00  4.7144E+00  1.8629E+00  2.6702E-01  3.4684E-02
  3.1423E+01  2.5957E+01  1.8277E+01  1.0825E+01  5.2620E+00  2.2030E+00  3.1863E-01  4.0269E-02
  3.4906E+01  2.8839E+01  2.0311E+01  1.2037E+01  5.8786E+00  2.1163E+00  3.6326E-01  4.7293E-02
  3.8607E+01  3.1902E+01  2.2475E+01  1.3321E+01  6.4626E+00  1.7202E+00  4.0603E-01  5.6190E-02
  4.2515E+01  3.5136E+01  2.4762E+01  1.4693E+01  7.0102E+00  1.8302E+00  4.5698E-01  6.5715E-02
  4.6613E+01  3.8532E+01  2.7164E+01  1.6118E+01  7.8464E+00  2.2270E+00  5.1996E-01  7.6114E-02
  5.0884E+01  4.2070E+01  2.9668E+01  1.7610E+01  8.7699E+00  2.5447E+00  6.0016E-01  8.7218E-02
  5.5302E+01  4.5731E+01  3.2264E+01  1.9084E+01  8.3921E+00  2.8115E+00  6.9681E-01  9.8941E-02
  5.9836E+01  4.9494E+01  3.4929E+01  2.0587E+01  7.9272E+00  3.1173E+00  7.9961E-01  1.1310E-01
  6.4458E+01  5.3328E+01  3.7654E+01  2.2257E+01  1.0255E+01  3.5123E+00  9.0782E-01  1.2868E-01
  6.9124E+01  5.7202E+01  4.0401E+01  2.4019E+01  1.1535E+01  3.9935E+00  1.0230E+00  1.4682E-01
  7.3794E+01  6.1079E+01  4.3140E+01  2.4394E+01  1.2214E+01  4.5391E+00  1.1467E+00  1.6641E-01
  7.8419E+01  6.4921E+01  4.5844E+01  2.3841E+01  1.3752E+01  5.0766E+00  1.2942E+00  1.8610E-01
  8.2945E+01  6.8679E+01  4.8541E+01  3.0293E+01  1.5157E+01  5.6201E+00  1.4552E+00  2.0670E-01
  8.7318E+01  7.2305E+01  5.1017E+01  3.6237E+01  1.6868E+01  6.2357E+00  1.6256E+00  2.2608E-01
  9.1475E+01  7.5732E+01  5.1497E+01  3.5872E+01  1.8662E+01  6.9144E+00  1.7992E+00  2.4654E-01
  9.5348E+01  7.8925E+01  5.1377E+01  3.9131E+01  2.0079E+01  7.6707E+00  1.9593E+00  2.6712E-01
  9.8866E+01  8.1841E+01  6.4334E+01  4.4316E+01  2.2009E+01  8.4158E+00  2.1212E+00  2.8835E-01
  1.0194E+02  8.4059E+01  7.5567E+01  4.6182E+01  2.3963E+01  9.0788E+00  2.2793E+00  3.0986E-01
  1.0447E+02  8.3085E+01  7.3027E+01  4.9988E+01  2.5886E+01  9.7114E+00  2.4376E+00  3.3038E-01
  1.0631E+02  8.2497E+01  7.8690E+01  5.2882E+01  2.7532E+01  1.0309E+01  2.5902E+00  3.4784E-01
  1.0725E+02  1.0365E+02  8.7719E+01  5.5623E+01  2.8839E+01  1.0874E+01  2.7278E+00  3.6440E-01
  1.0654E+02  1.1684E+02  8.6080E+01  5.9036E+01  3.0200E+01  1.1348E+01  2.8262E+00  3.7451E-01
  1.0164E+02  1.0975E+02  9.1822E+01  5.9994E+01  3.1196E+01  1.1738E+01  2.9220E+00  3.8716E-01
  1.0752E+02  1.2047E+02  9.3979E+01  6.2332E+01  3.1879E+01  1.1915E+01  2.9681E+00  3.9346E-01
  1.4105E+02  1.2369E+02  9.3506E+01  6.2175E+01  3.2276E+01  1.2178E+01  3.0450E+00  4.0476E-01
  1.3419E+02  1.1868E+02  9.7786E+01  6.3222E+01  3.2787E+01  1.2428E+01  3.1257E+00  4.1777E-01
  1.3820E+02  1.1932E+02  9.8132E+01  6.3116E+01  3.2518E+01  1.2233E+01  3.0441E+00  4.0183E-01
  1.4969E+02  1.2540E+02  9.4228E+01  6.2561E+01  3.2582E+01  1.2323E+01  3.0767E+00  4.0855E-01
  1.2045E+02  1.2277E+02  9.4874E+01  6.2733E+01  3.2353E+01  1.2208E+01  3.0567E+00  4.0745E-01
  1.1459E+02  1.1284E+02  9.3020E+01  6.0468E+01  3.1308E+01  1.1813E+01  2.9573E+00  3.9539E-01
  1.1544E+02  1.2010E+02  8.7437E+01  5.9667E+01  3.0387E+01  1.1409E+01  2.8631E+00  3.8432E-01
  1.1365E+02  1.0746E+02  8.8997E+01  5.5901E+01  2.9150E+01  1.0924E+01  2.7309E+00  3.6587E-01
  1.1102E+02  8.8441E+01  7.9910E+01  5.3241E+01  2.7804E+01  1.0395E+01  2.6036E+00  3.4970E-01
  1.0787E+02  8.8269E+01  7.4207E+01  5.0483E+01  2.5937E+01  9.7948E+00  2.4643E+00  3.3090E-01
  1.0427E+02  8.7319E+01  7.6554E+01  4.6515E+01  2.4031E+01  9.1236E+00  2.3104E+00  3.1236E-01
  1.0032E+02  8.3851E+01  6.5511E+01  4.4647E+01  2.2175E+01  8.3826E+00  2.1416E+00  2.9281E-01
  9.6087E+01  8.0129E+01  5.3447E+01  3.9415E+01  2.0170E+01  7.6619E+00  1.9669E+00  2.7169E-01
  9.1634E+01  7.6351E+01  5.3345E+01  3.6071E+01  1.8666E+01  6.9505E+00  1.7851E+00  2.4939E-01
  8.7018E+01  7.2464E+01  5.2120E+01  3.6361E+01  1.6872E+01  6.2708E+00  1.6177E+00  2.2706E-01
  8.2289E+01  6.8494E+01  4.9126E+01  3.0466E+01  1.5239E+01  5.6430E+00  1.4561E+00  2.0439E-01
  7.7495E+01  6.4477E+01  4.6112E+01  2.4445E+01  1.3775E+01  5.0546E+00  1.3031E+00  1.8411E-01
  7.2679E+01  6.0448E+01  4.3189E+01  2.5116E+01  1.2147E+01  4.5139E+00  1.1616E+00  1.6464E-01
  6.7882E+01  5.6439E+01  4.0303E+01  2.4522E+01  1.1522E+01  4.0085E+00  1.0233E+00  1.4718E-01
  6.3140E+01  5.2482E+01  3.7433E+01  2.2577E+01  1.0278E+01  3.5388E+00  9.0163E-01  1.3090E-01
  5.8488E+01  4.8602E+01  3.4646E+01  2.0793E+01  8.0146E+00  3.1103E+00  7.9302E-01  1.1488E-01
  5.3957E+01  4.4825E+01  3.1928E+01  1.9204E+01  8.6053E+00  2.7822E+00  6.9591E-01  1.0049E-01
  4.9571E+01  4.1173E+01  2.9311E+01  1.7670E+01  8.9859E+00  2.5249E+00  6.1036E-01  8.6598E-02
  4.5355E+01  3.7663E+01  2.6796E+01  1.6133E+01  8.0197E+00  2.2304E+00  5.2988E-01  7.4913E-02
  4.1327E+01  3.4311E+01  2.4400E+01  1.4675E+01  7.1481E+00  1.8563E+00  4.5764E-01  6.4967E-02
  3.7501E+01  3.1130E+01  2.2126E+01  1.3293E+01  6.5647E+00  1.7451E+00  4.0052E-01  5.6445E-02
  3.3890E+01  2.8127E+01  1.9984E+01  1.1992E+01  5.9512E+00  2.1543E+00  3.5578E-01  4.9364E-02
  3.0501E+01  2.5310E+01  1.7975E+01  1.0779E+01  5.3157E+00  2.2437E+00  3.1781E-01  4.2506E-02
  2.7338E+01  2.2681E+01  1.6101E+01  9.6468E+00  4.7509E+00  1.8944E+00  2.7489E-01  3.6184E-02
  2.4402E+01  2.0242E+01  1.4364E+01  8.5998E+00  4.2320E+00  1.5754E+00  2.3026E-01  3.0559E-02
  2.1691E+01  1.7991E+01  1.2762E+01  7.6348E+00  3.7595E+00  1.4535E+00  2.3470E-01  2.5779E-02
  1.9203E+01  1.5925E+01  1.1292E+01  6.7507E+00  3.3139E+00  1.3513E+00  2.9316E-01  2.2487E-02
  1.6931E+01  1.4038E+01  9.9508E+00  5.9445E+00  2.9178E+00  1.1754E+00  3.3217E-01  1.9936E-02
  1.4866E+01  1.2324E+01  8.7325E+00  5.2131E+00  2.5542E+00  9.8332E-01  3.1039E-01  1.7568E-02
  1.3000E+01  1.0775E+01  7.6318E+00  4.5529E+00  2.2295E+00  8.3966E-01  2.5288E-01  1.5135E-02
  1.1321E+01  9.3819E+00  6.6424E+00  3.9599E+00  1.9363E+00  7.3260E-01  2.0316E-01  1.3257E-02
  9.8187E+00  8.1354E+00  5.7575E+00  3.4298E+00  1.6756E+00  6.4290E-01  1.8318E-01  1.4326E-02
  8.4811E+00  7.0255E+00  4.9698E+00  2.9584E+00  1.4435E+00  5.5464E-01  1.7503E-01  1.7766E-02
  7.2958E+00  6.0423E+00  4.2723E+00  2.5411E+00  1.2385E+00  4.7139E-01  1.5237E-01  2.0503E-02
  6.2503E+00  5.1752E+00  3.6574E+00  2.1736E+00  1.0581E+00  4.0067E-01  1.1751E-01  2.0439E-02
  5.3328E+00  4.4143E+00  3.1180E+00  1.8514E+00  9.0017E-01  3.4169E-01  8.8837E-02  1.8023E-02
  4.5314E+00  3.7498E+00  2.6471E+00  1.5704E+00  7.6252E-01  2.8975E-01  7.3917E-02  1.4539E-02
  3.8346E+00  3.1722E+00  2.2379E+00  1.3263E+00  6.4316E-01  2.4354E-01  6.3437E-02  1.1805E-02
  3.2317E+00  2.6724E+00  1.8841E+00  1.1155E+00  5.4013E-01  2.0388E-01  5.4394E-02  1.0146E-02
  2.7124E+00  2.2421E+00  1.5795E+00  9.3410E-01  4.5164E-01  1.7037E-01  4.7144E-02  9.0786E-03
  2.2671E+00  1.8732E+00  1.3186E+00  7.7886E-01  3.7599E-01  1.4167E-01  3.9654E-02  7.9037E-03
  1.8871E+00  1.5585E+00  1.0961E+00  6.4661E-01  3.1162E-01  1.1718E-01  3.1508E-02  5.9358E-03
  1.5642E+00  1.2912E+00  9.0725E-01  5.3447E-01  2.5713E-01  9.6482E-02  2.5496E-02  3.8877E-03
  1.2912E+00  1.0652E+00  7.4771E-01  4.3984E-01  2.1121E-01  7.9126E-02  2.0531E-02  2.5189E-03
  1.0613E+00  8.7504E-01  6.1355E-01  3.6036E-01  1.7271E-01  6.4586E-02  1.7601E-02  2.4529E-03
  8.6864E-01  7.1571E-01  5.0124E-01  2.9391E-01  1.4058E-01  5.2474E-02  1.4620E-02  2.5302E-03
  7.0794E-01  5.8288E-01  4.0769E-01  2.3863E-01  1.1391E-01  4.2435E-02  1.1624E-02  2.4425E-03
  5.7444E-01  4.7261E-01  3.3011E-01  1.9286E-01  9.1859E-02  3.4161E-02  9.0434E-03  2.2829E-03
  4.6408E-01  3.8149E-01  2.6608E-01  1.5515E-01  7.3730E-02  2.7373E-02  7.2917E-03  1.8463E-03
  3.7326E-01  3.0656E-01  2.1349E-01  1.2423E-01  5.8901E-02  2.1828E-02  6.0308E-03  1.4631E-03
  2.9885E-01  2.4521E-01  1.7049E-01  9.8996E-02  4.6830E-02  1.7329E-02  4.8746E-03  1.2122E-03
  2.3817E-01  1.9523E-01  1.3551E-01  7.8510E-02  3.7054E-02  1.3683E-02  3.7436E-03  6.6527E-04
  1.8894E-01  1.5471E-01  1.0719E-01  6.1963E-02  2.9179E-02  1.0778E-02  2.9501E-03  5.9323E-04
  1.4917E-01  1.2201E-01  8.4377E-02  4.8661E-02  2.2853E-02  8.3909E-03  2.3069E-03  5.7591E-04
  1.1720E-01  9.5752E-02  6.6094E-02  3.8036E-02  1.7853E-02  6.6108E-03  1.9085E-03  6.6871E-04
  9.1634E-02  7.4774E-02  5.1511E-02  2.9553E-02  1.3763E-02  4.9802E-03  1.3805E-03  5.6673E-04
  7.1287E-02  5.8101E-02  3.9963E-02  2.2950E-02  1.0816E-02  4.0638E-03  1.1856E-03  3.8491E-04
  5.5177E-02  4.4909E-02  3.0770E-02  1.7410E-02  7.8587E-03  2.7683E-03  7.6408E-04  1.8874E-04
  4.2493E-02  3.4604E-02  2.3904E-02  1.3948E-02  6.7663E-03  2.6119E-03  7.9067E-04  2.8048E-04
  3.2527E-02  2.6073E-02  1.7046E-02  8.8642E-03  3.7252E-03  1.2976E-03  3.6074E-04  1.3224E-04
  2.4993E-02  2.1282E-02  1.5734E-02  9.7918E-03  4.8918E-03  1.8823E-03  5.7552E-04  2.0595E-04
