# CREATED BY GENE DIAGNOSTICS TOOL on Sat May 17 18:13:35 2025 /home/unix/ottink/gene/diagnostics
# diag: vsp1, run(s): vip010vem005, time window: 104.8-104.82456(1 steps), species: e
# original data path: /Differ/Data/IMT/lottink/Tokamak_nTEM/vres_scan/v2/
# normalization: L_ref=1.65m
#
# vpar
 -3.0000E+00
 -2.9528E+00
 -2.9055E+00
 -2.8583E+00
 -2.8110E+00
 -2.7638E+00
 -2.7165E+00
 -2.6693E+00
 -2.6220E+00
 -2.5748E+00
 -2.5276E+00
 -2.4803E+00
 -2.4331E+00
 -2.3858E+00
 -2.3386E+00
 -2.2913E+00
 -2.2441E+00
 -2.1969E+00
 -2.1496E+00
 -2.1024E+00
 -2.0551E+00
 -2.0079E+00
 -1.9606E+00
 -1.9134E+00
 -1.8661E+00
 -1.8189E+00
 -1.7717E+00
 -1.7244E+00
 -1.6772E+00
 -1.6299E+00
 -1.5827E+00
 -1.5354E+00
 -1.4882E+00
 -1.4409E+00
 -1.3937E+00
 -1.3465E+00
 -1.2992E+00
 -1.2520E+00
 -1.2047E+00
 -1.1575E+00
 -1.1102E+00
 -1.0630E+00
 -1.0157E+00
 -9.6850E-01
 -9.2126E-01
 -8.7402E-01
 -8.2677E-01
 -7.7953E-01
 -7.3228E-01
 -6.8504E-01
 -6.3780E-01
 -5.9055E-01
 -5.4331E-01
 -4.9606E-01
 -4.4882E-01
 -4.0157E-01
 -3.5433E-01
 -3.0709E-01
 -2.5984E-01
 -2.1260E-01
 -1.6535E-01
 -1.1811E-01
 -7.0866E-02
 -2.3622E-02
  2.3622E-02
  7.0866E-02
  1.1811E-01
  1.6535E-01
  2.1260E-01
  2.5984E-01
  3.0709E-01
  3.5433E-01
  4.0157E-01
  4.4882E-01
  4.9606E-01
  5.4331E-01
  5.9055E-01
  6.3780E-01
  6.8504E-01
  7.3228E-01
  7.7953E-01
  8.2677E-01
  8.7402E-01
  9.2126E-01
  9.6850E-01
  1.0157E+00
  1.0630E+00
  1.1102E+00
  1.1575E+00
  1.2047E+00
  1.2520E+00
  1.2992E+00
  1.3465E+00
  1.3937E+00
  1.4409E+00
  1.4882E+00
  1.5354E+00
  1.5827E+00
  1.6299E+00
  1.6772E+00
  1.7244E+00
  1.7717E+00
  1.8189E+00
  1.8661E+00
  1.9134E+00
  1.9606E+00
  2.0079E+00
  2.0551E+00
  2.1024E+00
  2.1496E+00
  2.1969E+00
  2.2441E+00
  2.2913E+00
  2.3386E+00
  2.3858E+00
  2.4331E+00
  2.4803E+00
  2.5276E+00
  2.5748E+00
  2.6220E+00
  2.6693E+00
  2.7165E+00
  2.7638E+00
  2.8110E+00
  2.8583E+00
  2.9055E+00
  2.9528E+00
  3.0000E+00


# mu
  5.5286E-02
  2.9341E-01
  7.3088E-01
  1.3853E+00
  2.2877E+00
  3.4931E+00
  5.1107E+00
  7.4232E+00


# trapped boundary
#  mu         vpar      
  5.5286E-02 -1.3503E-01
  5.5286E-02  1.4677E-01
  2.9341E-01 -3.2290E-01
  2.9341E-01  3.3464E-01
  7.3088E-01 -5.1076E-01
  7.3088E-01  5.2251E-01
  1.3853E+00 -7.1037E-01
  1.3853E+00  7.2211E-01
  2.2877E+00 -9.2172E-01
  2.2877E+00  9.3346E-01
  3.4931E+00 -1.1331E+00
  3.4931E+00  1.1448E+00
  5.1107E+00 -1.3679E+00
  5.1107E+00  1.3796E+00
  7.4232E+00 -1.6614E+00
  7.4232E+00  1.6732E+00


# , time = 104.82456, var = <|f|^2>^(1/2) , z = 0
  4.7808E-04  4.2815E-04  3.3914E-04  2.2209E-04  1.1311E-04  4.4318E-05  1.4167E-05  1.0584E-05
  6.1142E-04  4.9785E-04  3.3691E-04  1.8598E-04  8.3186E-05  3.0264E-05  9.0849E-06  1.0386E-05
  7.9702E-04  6.5984E-04  4.7114E-04  2.9089E-04  1.5067E-04  6.0698E-05  1.8137E-05  4.8910E-06
  1.0324E-03  8.5301E-04  6.0035E-04  3.5288E-04  1.6798E-04  6.2643E-05  1.8451E-05  7.9797E-06
  1.3320E-03  1.1005E-03  7.7666E-04  4.6350E-04  2.3034E-04  9.1725E-05  3.1055E-05  9.0902E-06
  1.7112E-03  1.4136E-03  9.9668E-04  5.9161E-04  2.8753E-04  1.0976E-04  3.1322E-05  1.7591E-05
  2.1892E-03  1.8081E-03  1.2744E-03  7.5716E-04  3.7081E-04  1.4483E-04  3.9199E-05  2.1421E-05
  2.7889E-03  2.3029E-03  1.6224E-03  9.6305E-04  4.6982E-04  1.8069E-04  5.8722E-05  1.2225E-05
  3.5377E-03  2.9205E-03  2.0567E-03  1.2202E-03  5.9561E-04  2.3026E-04  7.7049E-05  1.4820E-05
  4.4681E-03  3.6878E-03  2.5959E-03  1.5391E-03  7.5049E-04  2.8875E-04  7.5538E-05  1.3609E-05
  5.6189E-03  4.6366E-03  3.2623E-03  1.9331E-03  9.4206E-04  3.6256E-04  1.0059E-04  3.2299E-05
  7.0350E-03  5.8040E-03  4.0821E-03  2.4173E-03  1.1772E-03  4.5215E-04  1.4978E-04  3.7927E-05
  8.7694E-03  7.2336E-03  5.0856E-03  3.0098E-03  1.4646E-03  5.6205E-04  1.7402E-04  4.3751E-05
  1.0883E-02  8.9757E-03  6.3081E-03  3.7311E-03  1.8144E-03  6.9535E-04  1.8110E-04  4.8113E-05
  1.3447E-02  1.1088E-02  7.7902E-03  4.6052E-03  2.2378E-03  8.5677E-04  2.3590E-04  4.5721E-05
  1.6540E-02  1.3637E-02  9.5782E-03  5.6593E-03  2.7482E-03  1.0510E-03  3.1615E-04  4.7001E-05
  2.0255E-02  1.6698E-02  1.1725E-02  6.9243E-03  3.3603E-03  1.2837E-03  3.8197E-04  4.6077E-05
  2.4694E-02  2.0355E-02  1.4289E-02  8.4350E-03  4.0910E-03  1.5614E-03  4.1937E-04  5.7605E-05
  2.9971E-02  2.4703E-02  1.7337E-02  1.0230E-02  4.9589E-03  1.8913E-03  5.1963E-04  8.9742E-05
  3.6214E-02  2.9847E-02  2.0943E-02  1.2354E-02  5.9849E-03  2.2798E-03  6.1927E-04  1.2269E-04
  4.3563E-02  3.5902E-02  2.5187E-02  1.4852E-02  7.1918E-03  2.7365E-03  7.8133E-04  1.4759E-04
  5.2169E-02  4.2992E-02  3.0158E-02  1.7778E-02  8.6046E-03  3.2757E-03  9.3486E-04  1.6095E-04
  6.2198E-02  5.1255E-02  3.5949E-02  2.1186E-02  1.0250E-02  3.8993E-03  1.0747E-03  1.7796E-04
  7.3826E-02  6.0835E-02  4.2664E-02  2.5138E-02  1.2157E-02  4.6111E-03  1.2132E-03  2.1765E-04
  8.7238E-02  7.1886E-02  5.0410E-02  2.9695E-02  1.4357E-02  5.4491E-03  1.4020E-03  2.8058E-04
  1.0263E-01  8.4569E-02  5.9299E-02  3.4926E-02  1.6880E-02  6.4299E-03  1.6846E-03  3.3371E-04
  1.2020E-01  9.9048E-02  6.9448E-02  4.0897E-02  1.9760E-02  7.4926E-03  2.2130E-03  3.8347E-04
  1.4016E-01  1.1549E-01  8.0976E-02  4.7679E-02  2.3033E-02  8.6818E-03  2.7736E-03  3.7456E-04
  1.6271E-01  1.3408E-01  9.4002E-02  5.5343E-02  2.6726E-02  1.0186E-02  3.0948E-03  3.3179E-04
  1.8806E-01  1.5496E-01  1.0864E-01  6.3956E-02  3.0889E-02  1.1827E-02  3.2290E-03  2.6740E-04
  2.1639E-01  1.7831E-01  1.2501E-01  7.3587E-02  3.5514E-02  1.3311E-02  3.5826E-03  2.2706E-04
  2.4790E-01  2.0428E-01  1.4321E-01  8.4297E-02  4.0719E-02  1.5151E-02  4.4696E-03  2.3882E-04
  2.8274E-01  2.3299E-01  1.6335E-01  9.6141E-02  4.6351E-02  1.7607E-02  5.4798E-03  2.9612E-04
  3.2106E-01  2.6458E-01  1.8549E-01  1.0917E-01  5.2772E-02  2.0832E-02  5.7889E-03  3.5264E-04
  3.6296E-01  2.9912E-01  2.0971E-01  1.2342E-01  5.9424E-02  2.3526E-02  5.1721E-03  4.0801E-04
  4.0852E-01  3.3667E-01  2.3604E-01  1.3892E-01  6.7196E-02  2.5077E-02  4.1215E-03  4.7257E-04
  4.5777E-01  3.7727E-01  2.6452E-01  1.5566E-01  7.4950E-02  2.7053E-02  3.9551E-03  5.1899E-04
  5.1069E-01  4.2090E-01  2.9511E-01  1.7370E-01  8.3800E-02  3.2419E-02  4.6184E-03  5.9818E-04
  5.6720E-01  4.6749E-01  3.2779E-01  1.9282E-01  9.2665E-02  3.7963E-02  5.5691E-03  6.9701E-04
  6.2717E-01  5.1694E-01  3.6246E-01  2.1340E-01  1.0283E-01  3.6301E-02  6.3320E-03  8.1171E-04
  6.9039E-01  5.6906E-01  3.9901E-01  2.3453E-01  1.1211E-01  2.9751E-02  7.0150E-03  9.8058E-04
  7.5658E-01  6.2362E-01  4.3726E-01  2.5758E-01  1.2111E-01  3.1731E-02  7.9569E-03  1.1351E-03
  8.2537E-01  6.8033E-01  4.7700E-01  2.8017E-01  1.3417E-01  3.8886E-02  9.0030E-03  1.3154E-03
  8.9633E-01  7.3882E-01  5.1796E-01  3.0460E-01  1.4803E-01  4.4222E-02  1.0379E-02  1.5175E-03
  9.6893E-01  7.9864E-01  5.5978E-01  3.2709E-01  1.4050E-01  4.8815E-02  1.2143E-02  1.6961E-03
  1.0426E+00  8.5926E-01  6.0215E-01  3.5020E-01  1.3538E-01  5.4280E-02  1.3836E-02  1.9716E-03
  1.1165E+00  9.2009E-01  6.4432E-01  3.7451E-01  1.7718E-01  6.0839E-02  1.5699E-02  2.2181E-03
  1.1900E+00  9.8044E-01  6.8638E-01  3.9871E-01  1.9936E-01  6.9100E-02  1.7773E-02  2.5449E-03
  1.2620E+00  1.0395E+00  7.2607E-01  3.9819E-01  2.1159E-01  7.8753E-02  1.9712E-02  2.8890E-03
  1.3318E+00  1.0964E+00  7.6465E-01  3.9350E-01  2.3758E-01  8.7696E-02  2.2449E-02  3.1983E-03
  1.3980E+00  1.1500E+00  7.9917E-01  5.1712E-01  2.6080E-01  9.6695E-02  2.5127E-02  3.5813E-03
  1.4596E+00  1.1993E+00  8.2521E-01  6.2041E-01  2.8983E-01  1.0782E-01  2.7958E-02  3.8720E-03
  1.5151E+00  1.2424E+00  8.1294E-01  6.1236E-01  3.2055E-01  1.1882E-01  3.1096E-02  4.2424E-03
  1.5631E+00  1.2781E+00  8.1614E-01  6.6708E-01  3.4466E-01  1.3172E-01  3.3518E-02  4.5882E-03
  1.6017E+00  1.3032E+00  1.0758E+00  7.5475E-01  3.7604E-01  1.4482E-01  3.6446E-02  4.9474E-03
  1.6286E+00  1.3046E+00  1.2713E+00  7.8585E-01  4.0998E-01  1.5490E-01  3.9098E-02  5.3245E-03
  1.6409E+00  1.2362E+00  1.2216E+00  8.4943E-01  4.4319E-01  1.6616E-01  4.1772E-02  5.6790E-03
  1.6342E+00  1.2359E+00  1.3205E+00  8.9943E-01  4.6848E-01  1.7636E-01  4.4376E-02  5.9160E-03
  1.6019E+00  1.6830E+00  1.4748E+00  9.4561E-01  4.9165E-01  1.8586E-01  4.6856E-02  6.2710E-03
  1.5182E+00  1.9088E+00  1.4475E+00  1.0010E+00  5.1566E-01  1.9317E-01  4.7744E-02  6.2761E-03
  1.3391E+00  1.7889E+00  1.5496E+00  1.0198E+00  5.3300E-01  2.0142E-01  5.0208E-02  6.6599E-03
  1.5578E+00  1.9976E+00  1.5924E+00  1.0587E+00  5.3764E-01  2.0019E-01  4.9777E-02  6.6153E-03
  2.1984E+00  2.0670E+00  1.5897E+00  1.0636E+00  5.5461E-01  2.1019E-01  5.2829E-02  7.0828E-03
  2.1920E+00  2.0271E+00  1.6782E+00  1.0951E+00  5.7638E-01  2.2212E-01  5.6974E-02  7.8043E-03
  2.4953E+00  2.0671E+00  1.6849E+00  1.0672E+00  5.3969E-01  1.9918E-01  4.8482E-02  6.2215E-03
  2.8828E+00  2.2171E+00  1.6330E+00  1.0726E+00  5.5423E-01  2.0836E-01  5.1765E-02  6.8248E-03
  2.5649E+00  2.1975E+00  1.6501E+00  1.0837E+00  5.6084E-01  2.1197E-01  5.3158E-02  7.0762E-03
  2.4118E+00  2.0533E+00  1.6276E+00  1.0431E+00  5.3573E-01  2.0096E-01  5.0235E-02  6.7133E-03
  2.2838E+00  2.1842E+00  1.5358E+00  1.0342E+00  5.2041E-01  1.9570E-01  4.9470E-02  6.6914E-03
  2.1733E+00  1.9874E+00  1.5641E+00  9.6750E-01  5.0062E-01  1.8676E-01  4.6454E-02  6.2116E-03
  2.0775E+00  1.7264E+00  1.4100E+00  9.2007E-01  4.7908E-01  1.7777E-01  4.4457E-02  6.0135E-03
  1.9849E+00  1.6963E+00  1.3139E+00  8.7444E-01  4.4446E-01  1.6773E-01  4.2125E-02  5.6392E-03
  1.8925E+00  1.6224E+00  1.3467E+00  8.0554E-01  4.1209E-01  1.5685E-01  3.9500E-02  5.3327E-03
  1.7997E+00  1.5259E+00  1.1626E+00  7.7166E-01  3.8115E-01  1.4301E-01  3.6600E-02  5.0136E-03
  1.7064E+00  1.4381E+00  9.8507E-01  6.8194E-01  3.4564E-01  1.3110E-01  3.3788E-02  4.6506E-03
  1.6126E+00  1.3549E+00  9.7779E-01  6.2384E-01  3.1984E-01  1.1899E-01  3.0384E-02  4.2657E-03
  1.5188E+00  1.2735E+00  9.3571E-01  6.2518E-01  2.8906E-01  1.0684E-01  2.7699E-02  3.9050E-03
  1.4255E+00  1.1933E+00  8.6806E-01  5.2543E-01  2.6090E-01  9.6763E-02  2.4862E-02  3.4789E-03
  1.3330E+00  1.1146E+00  8.0645E-01  4.3373E-01  2.3519E-01  8.6371E-02  2.2172E-02  3.1645E-03
  1.2419E+00  1.0374E+00  7.4790E-01  4.4678E-01  2.0686E-01  7.6800E-02  1.9963E-02  2.8056E-03
  1.1527E+00  9.6214E-01  6.9293E-01  4.3009E-01  1.9597E-01  6.8410E-02  1.7410E-02  2.5158E-03
  1.0658E+00  8.8904E-01  6.3854E-01  3.9096E-01  1.7441E-01  6.0371E-02  1.5417E-02  2.2515E-03
  9.8165E-01  8.1839E-01  5.8727E-01  3.5704E-01  1.3739E-01  5.2778E-02  1.3554E-02  1.9545E-03
  9.0064E-01  7.5049E-01  5.3770E-01  3.2674E-01  1.4966E-01  4.7261E-02  1.1810E-02  1.7376E-03
  8.2308E-01  6.8557E-01  4.9075E-01  2.9896E-01  1.5518E-01  4.2689E-02  1.0441E-02  1.4752E-03
  7.4923E-01  6.2383E-01  4.4611E-01  2.7052E-01  1.3682E-01  3.7367E-02  9.0493E-03  1.2850E-03
  6.7931E-01  5.6542E-01  4.0402E-01  2.4522E-01  1.2118E-01  3.1208E-02  7.7617E-03  1.1152E-03
  6.1346E-01  5.1045E-01  3.6448E-01  2.2034E-01  1.1061E-01  2.9390E-02  6.8318E-03  9.5870E-04
  5.5179E-01  4.5901E-01  3.2753E-01  1.9805E-01  9.9718E-02  3.6696E-02  5.9894E-03  8.5142E-04
  4.9433E-01  4.1110E-01  2.9317E-01  1.7688E-01  8.8108E-02  3.8064E-02  5.3118E-03  7.2580E-04
  4.4108E-01  3.6673E-01  2.6138E-01  1.5760E-01  7.8424E-02  3.1938E-02  4.6198E-03  6.1823E-04
  3.9198E-01  3.2584E-01  2.3211E-01  1.3977E-01  6.9239E-02  2.6324E-02  3.7705E-03  5.2642E-04
  3.4695E-01  2.8834E-01  2.0529E-01  1.2352E-01  6.1451E-02  2.4205E-02  3.8441E-03  4.3236E-04
  3.0586E-01  2.5414E-01  1.8085E-01  1.0870E-01  5.3673E-02  2.2411E-02  4.8611E-03  3.8219E-04
  2.6855E-01  2.2309E-01  1.5868E-01  9.5292E-02  4.7193E-02  1.9378E-02  5.5920E-03  3.3457E-04
  2.3484E-01  1.9504E-01  1.3866E-01  8.3199E-02  4.1002E-02  1.5981E-02  5.1896E-03  2.8892E-04
  2.0454E-01  1.6983E-01  1.2069E-01  7.2349E-02  3.5691E-02  1.3553E-02  4.2331E-03  2.5185E-04
  1.7742E-01  1.4729E-01  1.0461E-01  6.2659E-02  3.0821E-02  1.1721E-02  3.3641E-03  2.0848E-04
  1.5329E-01  1.2722E-01  9.0313E-02  5.4046E-02  2.6569E-02  1.0287E-02  2.9967E-03  2.2541E-04
  1.3190E-01  1.0944E-01  7.7651E-02  4.6427E-02  2.2783E-02  8.8346E-03  2.8689E-03  2.8790E-04
  1.1304E-01  9.3765E-02  6.6492E-02  3.9718E-02  1.9467E-02  7.4499E-03  2.4773E-03  3.4163E-04
  9.6481E-02  8.0009E-02  5.6704E-02  3.3839E-02  1.6560E-02  6.3229E-03  1.8884E-03  3.3695E-04
  8.2018E-02  6.7994E-02  4.8159E-02  2.8710E-02  1.4029E-02  5.3513E-03  1.4062E-03  3.0265E-04
  6.9441E-02  5.7548E-02  4.0733E-02  2.4257E-02  1.1835E-02  4.5231E-03  1.1575E-03  2.3841E-04
  5.8554E-02  4.8508E-02  3.4310E-02  2.0409E-02  9.9417E-03  3.7829E-03  9.8534E-04  1.9303E-04
  4.9174E-02  4.0721E-02  2.8780E-02  1.7100E-02  8.3154E-03  3.1524E-03  8.4813E-04  1.6521E-04
  4.1129E-02  3.4044E-02  2.4041E-02  1.4266E-02  6.9252E-03  2.6220E-03  7.2353E-04  1.4428E-04
  3.4259E-02  2.8344E-02  1.9998E-02  1.1851E-02  5.7422E-03  2.1707E-03  6.1666E-04  1.2790E-04
  2.8420E-02  2.3501E-02  1.6565E-02  9.8023E-03  4.7404E-03  1.7875E-03  4.7498E-04  9.3245E-05
  2.3478E-02  1.9404E-02  1.3663E-02  8.0726E-03  3.8960E-03  1.4652E-03  4.0557E-04  6.0174E-05
  1.9316E-02  1.5954E-02  1.1221E-02  6.6191E-03  3.1877E-03  1.1961E-03  2.9985E-04  3.8044E-05
  1.5825E-02  1.3062E-02  9.1763E-03  5.4033E-03  2.5964E-03  9.7203E-04  2.7237E-04  3.6937E-05
  1.2910E-02  1.0648E-02  7.4711E-03  4.3911E-03  2.1051E-03  7.8615E-04  2.1625E-04  3.7725E-05
  1.0487E-02  8.6434E-03  6.0560E-03  3.5524E-03  1.6989E-03  6.3283E-04  1.7260E-04  3.9202E-05
  8.4824E-03  6.9852E-03  4.8870E-03  2.8608E-03  1.3647E-03  5.0713E-04  1.3522E-04  3.5824E-05
  6.8308E-03  5.6201E-03  3.9257E-03  2.2931E-03  1.0911E-03  4.0445E-04  1.0629E-04  2.8280E-05
  5.4764E-03  4.5015E-03  3.1392E-03  1.8295E-03  8.6823E-04  3.2107E-04  8.6525E-05  2.3518E-05
  4.3708E-03  3.5890E-03  2.4985E-03  1.4527E-03  6.8754E-04  2.5364E-04  7.1656E-05  2.0311E-05
  3.4724E-03  2.8483E-03  1.9792E-03  1.1480E-03  5.4186E-04  1.9941E-04  5.4373E-05  1.0822E-05
  2.7458E-03  2.2498E-03  1.5603E-03  9.0274E-04  4.2496E-04  1.5620E-04  4.1520E-05  1.2701E-05
  2.1610E-03  1.7685E-03  1.2241E-03  7.0641E-04  3.3157E-04  1.2121E-04  3.2959E-05  1.0371E-05
  1.6925E-03  1.3834E-03  9.5558E-04  5.5012E-04  2.5784E-04  9.4840E-05  2.7217E-05  1.2533E-05
  1.3191E-03  1.0768E-03  7.4222E-04  4.2596E-04  1.9824E-04  7.1334E-05  1.9271E-05  9.6707E-06
  1.0229E-03  8.3396E-04  5.7383E-04  3.2942E-04  1.5485E-04  5.7663E-05  1.6509E-05  5.8897E-06
  7.8918E-04  6.4249E-04  4.4039E-04  2.4941E-04  1.1260E-04  3.9330E-05  1.0736E-05  3.1389E-06
  6.0581E-04  4.9339E-04  3.4077E-04  1.9865E-04  9.5950E-05  3.6632E-05  1.0851E-05  4.7449E-06
  4.6227E-04  3.7080E-04  2.4300E-04  1.2678E-04  5.3132E-05  1.8306E-05  4.9541E-06  2.8918E-06
  3.5383E-04  3.0131E-04  2.2260E-04  1.3815E-04  6.8707E-05  2.6180E-05  7.8926E-06  3.1867E-06
