# CREATED BY GENE DIAGNOSTICS TOOL on Sat May 17 18:11:05 2025 /home/unix/ottink/gene/diagnostics
# diag: vsp1, run(s): vip010vem020, time window: 253-253.2222(1 steps), species: e
# original data path: /Differ/Data/IMT/lottink/Tokamak_ITG/vres_scan/v2/
# normalization: L_ref=1.65m
#
# vpar
 -3.0000E+00
 -2.9528E+00
 -2.9055E+00
 -2.8583E+00
 -2.8110E+00
 -2.7638E+00
 -2.7165E+00
 -2.6693E+00
 -2.6220E+00
 -2.5748E+00
 -2.5276E+00
 -2.4803E+00
 -2.4331E+00
 -2.3858E+00
 -2.3386E+00
 -2.2913E+00
 -2.2441E+00
 -2.1969E+00
 -2.1496E+00
 -2.1024E+00
 -2.0551E+00
 -2.0079E+00
 -1.9606E+00
 -1.9134E+00
 -1.8661E+00
 -1.8189E+00
 -1.7717E+00
 -1.7244E+00
 -1.6772E+00
 -1.6299E+00
 -1.5827E+00
 -1.5354E+00
 -1.4882E+00
 -1.4409E+00
 -1.3937E+00
 -1.3465E+00
 -1.2992E+00
 -1.2520E+00
 -1.2047E+00
 -1.1575E+00
 -1.1102E+00
 -1.0630E+00
 -1.0157E+00
 -9.6850E-01
 -9.2126E-01
 -8.7402E-01
 -8.2677E-01
 -7.7953E-01
 -7.3228E-01
 -6.8504E-01
 -6.3780E-01
 -5.9055E-01
 -5.4331E-01
 -4.9606E-01
 -4.4882E-01
 -4.0157E-01
 -3.5433E-01
 -3.0709E-01
 -2.5984E-01
 -2.1260E-01
 -1.6535E-01
 -1.1811E-01
 -7.0866E-02
 -2.3622E-02
  2.3622E-02
  7.0866E-02
  1.1811E-01
  1.6535E-01
  2.1260E-01
  2.5984E-01
  3.0709E-01
  3.5433E-01
  4.0157E-01
  4.4882E-01
  4.9606E-01
  5.4331E-01
  5.9055E-01
  6.3780E-01
  6.8504E-01
  7.3228E-01
  7.7953E-01
  8.2677E-01
  8.7402E-01
  9.2126E-01
  9.6850E-01
  1.0157E+00
  1.0630E+00
  1.1102E+00
  1.1575E+00
  1.2047E+00
  1.2520E+00
  1.2992E+00
  1.3465E+00
  1.3937E+00
  1.4409E+00
  1.4882E+00
  1.5354E+00
  1.5827E+00
  1.6299E+00
  1.6772E+00
  1.7244E+00
  1.7717E+00
  1.8189E+00
  1.8661E+00
  1.9134E+00
  1.9606E+00
  2.0079E+00
  2.0551E+00
  2.1024E+00
  2.1496E+00
  2.1969E+00
  2.2441E+00
  2.2913E+00
  2.3386E+00
  2.3858E+00
  2.4331E+00
  2.4803E+00
  2.5276E+00
  2.5748E+00
  2.6220E+00
  2.6693E+00
  2.7165E+00
  2.7638E+00
  2.8110E+00
  2.8583E+00
  2.9055E+00
  2.9528E+00
  3.0000E+00


# mu
  1.3581E-02
  7.1692E-02
  1.7680E-01
  3.2992E-01
  5.3256E-01
  7.8681E-01
  1.0955E+00
  1.4624E+00
  1.8925E+00
  2.3926E+00
  2.9718E+00
  3.6436E+00
  4.4281E+00
  5.3585E+00
  6.4984E+00
  8.0108E+00


# trapped boundary
#  mu         vpar      
  1.3581E-02 -6.4579E-02
  1.3581E-02  7.6321E-02
  7.1692E-02 -1.5851E-01
  7.1692E-02  1.7025E-01
  1.7680E-01 -2.5245E-01
  1.7680E-01  2.6419E-01
  3.2992E-01 -3.4638E-01
  3.2992E-01  3.5812E-01
  5.3256E-01 -4.4031E-01
  5.3256E-01  4.5205E-01
  7.8681E-01 -5.3425E-01
  7.8681E-01  5.4599E-01
  1.0955E+00 -6.2818E-01
  1.0955E+00  6.3992E-01
  1.4624E+00 -7.3386E-01
  1.4624E+00  7.4560E-01
  1.8925E+00 -8.2779E-01
  1.8925E+00  8.3953E-01
  2.3926E+00 -9.3346E-01
  2.3926E+00  9.4521E-01
  2.9718E+00 -1.0509E+00
  2.9718E+00  1.0626E+00
  3.6436E+00 -1.1566E+00
  3.6436E+00  1.1683E+00
  4.4281E+00 -1.2740E+00
  4.4281E+00  1.2857E+00
  5.3585E+00 -1.4031E+00
  5.3585E+00  1.4149E+00
  6.4984E+00 -1.5440E+00
  6.4984E+00  1.5558E+00
  8.0108E+00 -1.7202E+00
  8.0108E+00  1.7319E+00


# , time = 253.2222, var = <|f|^2>^(1/2) , z = 0
  2.2437E+04  2.1612E+04  2.0204E+04  1.8321E+04  1.6075E+04  1.3563E+04  1.0887E+04  8.2085E+03  5.7592E+03  3.7499E+03  2.2682E+03  1.2665E+03  6.3218E+02  5.2147E+02  5.3524E+02  5.2836E+02
  2.9134E+04  2.7563E+04  2.4880E+04  2.1337E+04  1.7303E+04  1.3228E+04  9.5466E+03  6.5416E+03  4.2742E+03  2.6596E+03  1.5660E+03  8.6396E+02  4.5804E+02  7.5614E+02  7.3043E+02  5.7471E+02
  3.7618E+04  3.5691E+04  3.2469E+04  2.8317E+04  2.3665E+04  1.8943E+04  1.4528E+04  1.0701E+04  7.5555E+03  5.0248E+03  3.0700E+03  1.7124E+03  1.0237E+03  1.0480E+03  3.9763E+02  5.0532E+02
  4.8346E+04  4.5871E+04  4.1711E+04  3.6312E+04  3.0215E+04  2.3962E+04  1.8036E+04  1.2823E+04  8.5938E+03  5.4301E+03  3.2037E+03  1.7364E+03  1.0817E+03  7.8025E+02  5.5291E+02  7.1843E+02
  6.1836E+04  5.8681E+04  5.3379E+04  4.6501E+04  3.8747E+04  3.0832E+04  2.3383E+04  1.6861E+04  1.1534E+04  7.4841E+03  4.5854E+03  2.5829E+03  1.4468E+03  8.7790E+02  7.6033E+02  4.4550E+02
  7.8708E+04  7.4707E+04  6.7979E+04  5.9244E+04  4.9382E+04  3.9293E+04  2.9768E+04  2.1396E+04  1.4518E+04  9.2491E+03  5.5141E+03  3.0425E+03  1.7174E+03  8.1844E+02  9.4094E+02  5.8850E+02
  9.9707E+04  9.4655E+04  8.6157E+04  7.5119E+04  6.2649E+04  4.9883E+04  3.7826E+04  2.7234E+04  1.8546E+04  1.1888E+04  7.1403E+03  4.0026E+03  2.4133E+03  1.2843E+03  9.6416E+02  6.2177E+02
  1.2571E+05  1.1936E+05  1.0868E+05  9.4795E+04  7.9099E+04  6.3015E+04  4.7808E+04  3.4426E+04  2.3431E+04  1.4986E+04  8.9401E+03  4.9399E+03  2.9405E+03  1.5645E+03  1.1491E+03  4.5103E+02
  1.5774E+05  1.4980E+05  1.3644E+05  1.1906E+05  9.9395E+04  7.9229E+04  6.0144E+04  4.3335E+04  2.9513E+04  1.8897E+04  1.1296E+04  6.2270E+03  3.2083E+03  1.5844E+03  2.2624E+03  6.1690E+02
  1.9702E+05  1.8713E+05  1.7048E+05  1.4883E+05  1.2431E+05  9.9144E+04  7.5304E+04  5.4285E+04  3.6981E+04  2.3676E+04  1.4139E+04  7.8142E+03  4.1855E+03  2.6439E+03  2.1816E+03  4.4161E+02
  2.4492E+05  2.3267E+05  2.1203E+05  1.8517E+05  1.5474E+05  1.2348E+05  9.3841E+04  6.7683E+04  4.6127E+04  2.9539E+04  1.7645E+04  9.7508E+03  5.4273E+03  2.3175E+03  3.0919E+03  6.8657E+02
  3.0304E+05  2.8793E+05  2.6247E+05  2.2931E+05  1.9172E+05  1.5307E+05  1.1639E+05  8.3993E+04  5.7265E+04  3.6677E+04  2.1903E+04  1.2005E+04  6.1477E+03  3.6542E+03  2.5978E+03  4.4317E+02
  3.7323E+05  3.5468E+05  3.2340E+05  2.8265E+05  2.3643E+05  1.8887E+05  1.4369E+05  1.0374E+05  7.0759E+04  4.5329E+04  2.7070E+04  1.4960E+04  7.9151E+03  4.2137E+03  3.0846E+03  7.2831E+02
  4.5755E+05  4.3487E+05  3.9664E+05  3.4679E+05  2.9022E+05  2.3196E+05  1.7657E+05  1.2754E+05  8.7026E+04  5.5761E+04  3.3294E+04  1.8401E+04  9.0734E+03  4.6918E+03  2.3763E+03  5.7379E+02
  5.5832E+05  5.3073E+05  4.8421E+05  4.2352E+05  3.5459E+05  2.8356E+05  2.1596E+05  1.5608E+05  1.0653E+05  6.8275E+04  4.0761E+04  2.2347E+04  1.1356E+04  8.2905E+03  3.3160E+03  7.8914E+02
  6.7815E+05  6.4475E+05  5.8839E+05  5.1484E+05  4.3125E+05  3.4503E+05  2.6292E+05  1.9010E+05  1.2981E+05  8.3208E+04  4.9685E+04  2.7405E+04  1.4919E+04  7.9393E+03  2.7826E+03  7.1311E+02
  8.1992E+05  7.7965E+05  7.1169E+05  6.2297E+05  5.2206E+05  4.1790E+05  3.1861E+05  2.3048E+05  1.5744E+05  1.0094E+05  6.0247E+04  3.3219E+04  1.5916E+04  1.1527E+04  3.6993E+03  1.0509E+03
  9.8678E+05  9.3847E+05  8.5690E+05  7.5035E+05  6.2909E+05  5.0383E+05  3.8432E+05  2.7814E+05  1.9007E+05  1.2188E+05  7.2737E+04  4.0115E+04  2.1349E+04  1.0926E+04  3.8186E+03  1.1359E+03
  1.1822E+06  1.1245E+06  1.0270E+06  8.9964E+05  7.5459E+05  6.0464E+05  4.6144E+05  3.3411E+05  2.2839E+05  1.4648E+05  8.7470E+04  4.8309E+04  2.4543E+04  1.3158E+04  4.4372E+03  1.2966E+03
  1.4098E+06  1.3412E+06  1.2253E+06  1.0737E+06  9.0098E+05  7.2229E+05  5.5151E+05  3.9950E+05  2.7318E+05  1.7523E+05  1.0454E+05  5.7157E+04  3.1328E+04  1.4178E+04  5.0742E+03  1.5526E+03
  1.6737E+06  1.5924E+06  1.4552E+06  1.2756E+06  1.0709E+06  8.5890E+05  6.5612E+05  4.7549E+05  3.2524E+05  2.0864E+05  1.2442E+05  6.8615E+04  3.7939E+04  1.5966E+04  5.9896E+03  1.6098E+03
  1.9779E+06  1.8822E+06  1.7204E+06  1.5086E+06  1.2670E+06  1.0167E+06  7.7702E+05  5.6333E+05  3.8544E+05  2.4729E+05  1.4771E+05  8.3314E+04  4.4926E+04  2.0308E+04  7.1185E+03  2.0044E+03
  2.3270E+06  2.2147E+06  2.0247E+06  1.7761E+06  1.4922E+06  1.1980E+06  9.1598E+05  6.6434E+05  4.5468E+05  2.9172E+05  1.7394E+05  9.1995E+04  4.8295E+04  2.0971E+04  8.3774E+03  2.3505E+03
  2.7255E+06  2.5942E+06  2.3722E+06  2.0816E+06  1.7496E+06  1.4051E+06  1.0749E+06  7.7986E+05  5.3387E+05  3.4255E+05  2.0425E+05  1.1804E+05  6.0964E+04  2.6202E+04  1.0287E+04  2.5914E+03
  3.1780E+06  3.0253E+06  2.7670E+06  2.4286E+06  2.0420E+06  1.6407E+06  1.2555E+06  9.1127E+05  6.2396E+05  4.0036E+05  2.3827E+05  1.2722E+05  6.2456E+04  2.7986E+04  1.0997E+04  3.2103E+03
  3.6894E+06  3.5125E+06  3.2131E+06  2.8209E+06  2.3726E+06  1.9070E+06  1.4599E+06  1.0599E+06  7.2588E+05  4.6575E+05  2.7957E+05  1.6524E+05  8.4086E+04  3.4473E+04  1.3820E+04  2.9109E+03
  4.2645E+06  4.0602E+06  3.7148E+06  3.2620E+06  2.7444E+06  2.2066E+06  1.6898E+06  1.2272E+06  8.4052E+05  5.3914E+05  3.1714E+05  1.6626E+05  8.4559E+04  3.9041E+04  1.5684E+04  3.2751E+03
  4.9079E+06  4.6731E+06  4.2759E+06  3.7554E+06  3.1603E+06  2.5416E+06  1.9469E+06  1.4143E+06  9.6876E+05  6.2181E+05  3.8003E+05  2.1759E+05  1.0625E+05  4.8312E+04  1.8047E+04  3.0867E+03
  5.6242E+06  5.3553E+06  4.9005E+06  4.3045E+06  3.6230E+06  2.9144E+06  2.2330E+06  1.6223E+06  1.1113E+06  7.1195E+05  4.0817E+05  2.2023E+05  1.0960E+05  5.3016E+04  2.0498E+04  2.8156E+03
  6.4180E+06  6.1111E+06  5.5922E+06  4.9124E+06  4.1350E+06  3.3269E+06  2.5495E+06  1.8525E+06  1.2689E+06  8.1547E+05  5.1563E+05  2.8586E+05  1.3438E+05  6.5893E+04  1.9491E+04  3.3362E+03
  7.2932E+06  6.9443E+06  6.3544E+06  5.5818E+06  4.6987E+06  3.7806E+06  2.8975E+06  2.1054E+06  1.4421E+06  9.2031E+05  5.2367E+05  2.9344E+05  1.4979E+05  7.4940E+04  1.9626E+04  2.9793E+03
  8.2536E+06  7.8582E+06  7.1899E+06  6.3152E+06  5.3157E+06  4.2771E+06  3.2779E+06  2.3817E+06  1.6309E+06  1.0567E+06  6.4699E+05  3.4647E+05  1.8603E+05  8.1286E+04  1.8055E+04  3.7186E+03
  9.3026E+06  8.8559E+06  8.1014E+06  7.1145E+06  5.9876E+06  4.8171E+06  3.6914E+06  2.6818E+06  1.8364E+06  1.1554E+06  6.7698E+05  3.7257E+05  2.0915E+05  8.4022E+04  1.5900E+04  4.0781E+03
  1.0443E+07  9.9398E+06  9.0908E+06  7.9811E+06  6.7150E+06  5.4010E+06  4.1379E+06  3.0050E+06  2.0561E+06  1.3550E+06  8.1174E+05  4.4571E+05  2.4682E+05  7.6142E+04  1.7608E+04  4.4239E+03
  1.1676E+07  1.1111E+07  1.0159E+07  8.9155E+06  7.4982E+06  6.0285E+06  4.6170E+06  3.3526E+06  2.2938E+06  1.4339E+06  8.6621E+05  5.0284E+05  2.6324E+05  6.8661E+04  1.6607E+04  5.4154E+03
  1.3004E+07  1.2372E+07  1.1307E+07  9.9177E+06  8.3366E+06  6.6989E+06  5.1276E+06  3.7184E+06  2.5447E+06  1.6487E+06  9.7805E+05  6.0538E+05  2.5456E+05  6.2017E+04  1.9311E+04  5.6252E+03
  1.4426E+07  1.3721E+07  1.2533E+07  1.0987E+07  9.2286E+06  7.4104E+06  5.6683E+06  4.1147E+06  2.8056E+06  1.7743E+06  1.0971E+06  6.6603E+05  2.3446E+05  5.3081E+04  2.1991E+04  6.3240E+03
  1.5941E+07  1.5157E+07  1.3837E+07  1.2120E+07  1.0172E+07  8.1605E+06  6.2355E+06  4.5058E+06  3.0937E+06  1.9853E+06  1.2720E+06  6.8630E+05  1.9019E+05  5.9682E+04  2.3294E+04  7.1096E+03
  1.7547E+07  1.6677E+07  1.5215E+07  1.3315E+07  1.1163E+07  8.9456E+06  6.8297E+06  4.9620E+06  3.3544E+06  2.2140E+06  1.4338E+06  6.3475E+05  1.5259E+05  6.3204E+04  2.6860E+04  7.0858E+03
  1.9240E+07  1.8278E+07  1.6663E+07  1.4567E+07  1.2198E+07  9.7612E+06  7.4344E+06  5.3392E+06  3.6328E+06  2.4241E+06  1.5485E+06  5.1738E+05  1.5166E+05  6.8842E+04  2.8767E+04  8.4637E+03
  2.1013E+07  1.9953E+07  1.8174E+07  1.5870E+07  1.3269E+07  1.0601E+07  8.0782E+06  5.8661E+06  3.9920E+06  2.7344E+06  1.4693E+06  4.0900E+05  1.5066E+05  7.9280E+04  2.9440E+04  8.5450E+03
  2.2857E+07  2.1693E+07  1.9741E+07  1.7215E+07  1.4371E+07  1.1459E+07  8.6698E+06  6.1853E+06  4.3103E+06  2.9947E+06  1.2086E+06  3.3760E+05  1.6637E+05  8.3350E+04  3.3922E+04  9.4847E+03
  2.4762E+07  2.3488E+07  2.1352E+07  1.8594E+07  1.5492E+07  1.2326E+07  9.3847E+06  6.7264E+06  4.8015E+06  2.9539E+06  9.4519E+05  3.1759E+05  1.9091E+05  8.6161E+04  3.3450E+04  1.0900E+04
  2.6712E+07  2.5322E+07  2.2996E+07  1.9993E+07  1.6623E+07  1.3185E+07  9.8589E+06  7.0654E+06  5.1271E+06  2.4825E+06  7.1837E+05  3.4981E+05  1.9861E+05  9.5983E+04  3.7622E+04  1.0563E+04
  2.8689E+07  2.7180E+07  2.4655E+07  2.1399E+07  1.7748E+07  1.4042E+07  1.0634E+07  7.7399E+06  5.2615E+06  1.8353E+06  6.2838E+05  3.9887E+05  2.0351E+05  9.4132E+04  4.1582E+04  1.3218E+04
  3.0670E+07  2.9040E+07  2.6310E+07  2.2791E+07  1.8850E+07  1.4823E+07  1.0956E+07  8.1889E+06  4.5145E+06  1.4625E+06  6.5743E+05  4.1124E+05  2.2054E+05  1.0454E+05  4.0537E+04  1.2486E+04
  3.2628E+07  3.0873E+07  2.7936E+07  2.4148E+07  1.9905E+07  1.5619E+07  1.1705E+07  8.4519E+06  3.2303E+06  1.3094E+06  7.6873E+05  4.0863E+05  2.1559E+05  1.1446E+05  5.0007E+04  1.4681E+04
  3.4529E+07  3.2650E+07  2.9502E+07  2.5440E+07  2.0888E+07  1.6186E+07  1.2231E+07  7.4033E+06  2.6474E+06  1.1970E+06  7.6130E+05  4.3107E+05  2.3425E+05  1.0939E+05  4.6766E+04  1.5481E+04
  3.6333E+07  3.4330E+07  3.0972E+07  2.6630E+07  2.1736E+07  1.6823E+07  1.2580E+07  5.2509E+06  2.5975E+06  1.3625E+06  7.1847E+05  4.2020E+05  2.5767E+05  1.3459E+05  5.4538E+04  1.6059E+04
  3.7991E+07  3.5866E+07  3.2297E+07  2.7669E+07  2.2452E+07  1.7282E+07  1.1166E+07  4.4342E+06  2.2690E+06  1.3051E+06  7.3152E+05  4.4317E+05  2.3797E+05  1.2605E+05  5.8000E+04  1.8889E+04
  3.9447E+07  3.7201E+07  3.3417E+07  2.8482E+07  2.2831E+07  1.7377E+07  7.9968E+06  4.6680E+06  2.3527E+06  1.1290E+06  7.2643E+05  4.9640E+05  2.9407E+05  1.4360E+05  5.9388E+04  1.8676E+04
  4.0632E+07  3.8263E+07  3.4256E+07  2.9010E+07  2.3090E+07  1.5442E+07  7.3379E+06  4.0964E+06  2.1874E+06  1.1435E+06  7.3459E+05  4.4534E+05  2.8399E+05  1.5928E+05  7.0411E+04  2.1635E+04
  4.1465E+07  3.8963E+07  3.4707E+07  2.9023E+07  2.2212E+07  1.1239E+07  7.8200E+06  4.1625E+06  1.6259E+06  1.1446E+06  8.5315E+05  5.5825E+05  3.1317E+05  1.6036E+05  7.0078E+04  2.2308E+04
  4.1848E+07  3.9193E+07  3.4640E+07  2.8559E+07  1.9444E+07  1.1628E+07  7.2591E+06  3.6669E+06  1.8795E+06  1.2217E+06  8.0392E+05  5.8735E+05  3.6679E+05  1.8970E+05  7.9049E+04  2.3776E+04
  4.1668E+07  3.8817E+07  3.3863E+07  2.6401E+07  1.4891E+07  1.3243E+07  6.7990E+06  2.3511E+06  1.7513E+06  1.3862E+06  9.8030E+05  6.2886E+05  3.6839E+05  1.9339E+05  8.3056E+04  2.5415E+04
  4.0795E+07  3.7663E+07  3.2070E+07  2.1328E+07  1.8559E+07  1.0356E+07  6.0465E+06  3.2142E+06  2.0567E+06  1.5353E+06  1.1505E+06  7.3983E+05  4.1977E+05  2.0971E+05  8.7534E+04  2.6902E+04
  3.9067E+07  3.5505E+07  2.8274E+07  1.8779E+07  1.9022E+07  9.9354E+06  3.7423E+06  3.1044E+06  2.7174E+06  1.8293E+06  1.2115E+06  7.6631E+05  4.4401E+05  2.2261E+05  9.1703E+04  2.7321E+04
  3.6263E+07  3.1948E+07  2.1127E+07  2.9722E+07  1.4836E+07  1.0169E+07  5.4790E+06  3.6255E+06  2.7056E+06  1.9892E+06  1.3631E+06  8.4429E+05  4.8354E+05  2.4386E+05  1.0367E+05  3.2239E+04
  3.1970E+07  2.5610E+07  3.0963E+07  2.7748E+07  1.7032E+07  5.9911E+06  5.9035E+06  5.0943E+06  3.3597E+06  2.2662E+06  1.4896E+06  8.9724E+05  4.9473E+05  2.3896E+05  9.7542E+04  2.9082E+04
  2.5576E+07  2.1121E+07  5.3103E+07  1.6496E+07  1.3227E+07  9.2544E+06  5.7905E+06  4.4998E+06  3.5490E+06  2.5064E+06  1.7016E+06  1.0568E+06  6.0395E+05  3.0186E+05  1.2645E+05  3.8245E+04
  2.0299E+07  5.8468E+07  3.1358E+07  2.0404E+07  9.8179E+06  1.0553E+07  9.9204E+06  5.9629E+06  4.1708E+06  2.7506E+06  1.7019E+06  9.9048E+05  5.4077E+05  2.5987E+05  1.0571E+05  3.1221E+04
  4.6975E+07  8.6935E+07  2.2372E+07  2.1155E+07  1.9977E+07  1.0132E+07  7.6448E+06  5.9042E+06  4.4513E+06  3.0981E+06  2.0976E+06  1.2775E+06  7.0397E+05  3.3667E+05  1.3474E+05  3.8944E+04
  1.4398E+08  3.1720E+07  4.1925E+07  2.1721E+07  1.5707E+07  1.5861E+07  1.2132E+07  7.6327E+06  4.9255E+06  3.2016E+06  1.9474E+06  1.1137E+06  5.8449E+05  2.6840E+05  1.0394E+05  2.9163E+04
  1.8840E+08  4.1948E+07  3.0244E+07  3.4960E+07  3.0469E+07  1.3785E+07  1.0036E+07  8.0692E+06  5.6803E+06  3.6574E+06  2.2066E+06  1.2414E+06  6.2130E+05  2.7341E+05  1.0047E+05  2.6444E+04
  2.2841E+08  9.8183E+07  4.9417E+07  4.1831E+07  3.4376E+07  1.9543E+07  1.0975E+07  8.1053E+06  5.7755E+06  3.9646E+06  2.6823E+06  1.7006E+06  9.8758E+05  5.0294E+05  2.1477E+05  6.6796E+04
  2.3471E+08  7.1541E+07  5.5931E+07  4.4303E+07  2.3495E+07  1.8010E+07  1.2680E+07  8.7767E+06  5.7063E+06  3.6926E+06  2.2661E+06  1.3232E+06  7.1559E+05  3.4536E+05  1.4207E+05  4.3034E+04
  1.7805E+08  1.0126E+08  5.9244E+07  3.2897E+07  3.0295E+07  1.8303E+07  1.1624E+07  7.7890E+06  5.5055E+06  3.5474E+06  2.1524E+06  1.2116E+06  6.1711E+05  2.8138E+05  1.1036E+05  3.2414E+04
  1.3869E+08  1.3498E+08  4.4366E+07  4.0927E+07  2.2708E+07  1.5132E+07  1.2621E+07  7.6632E+06  5.2120E+06  3.3875E+06  2.1317E+06  1.2548E+06  6.7261E+05  3.1720E+05  1.2649E+05  3.7172E+04
  1.1438E+08  1.2288E+08  6.0466E+07  3.4905E+07  1.9604E+07  1.6104E+07  1.0484E+07  7.1408E+06  4.9364E+06  3.1898E+06  1.9667E+06  1.1235E+06  5.8932E+05  2.7112E+05  1.0512E+05  3.0059E+04
  9.8127E+07  1.0028E+08  9.1479E+07  2.9028E+07  2.7987E+07  1.2769E+07  9.2817E+06  6.6599E+06  4.6321E+06  3.0719E+06  1.9486E+06  1.1551E+06  6.2923E+05  3.0124E+05  1.2110E+05  3.5619E+04
  8.6269E+07  8.5610E+07  8.8595E+07  4.3640E+07  2.3172E+07  1.3579E+07  1.0501E+07  7.3505E+06  4.0852E+06  2.7731E+06  1.8198E+06  1.0779E+06  5.8214E+05  2.7405E+05  1.0755E+05  3.0718E+04
  7.7032E+07  7.5445E+07  7.4994E+07  6.5705E+07  2.0792E+07  1.9327E+07  8.8009E+06  6.1793E+06  4.2553E+06  2.6408E+06  1.6860E+06  1.0171E+06  5.5814E+05  2.6955E+05  1.0981E+05  3.2831E+04
  6.9467E+07  6.7516E+07  6.4889E+07  6.4389E+07  3.0362E+07  1.5484E+07  9.1054E+06  6.5434E+06  4.7175E+06  2.6548E+06  1.5498E+06  9.2088E+05  5.1443E+05  2.5234E+05  1.0303E+05  3.0415E+04
  6.3021E+07  6.0958E+07  5.7705E+07  5.5345E+07  4.6158E+07  1.3595E+07  1.1694E+07  5.8833E+06  3.8035E+06  2.6236E+06  1.5849E+06  9.1640E+05  4.9771E+05  2.3921E+05  9.6818E+04  2.8999E+04
  5.7355E+07  5.5309E+07  5.1959E+07  4.8146E+07  4.5459E+07  2.0860E+07  1.0255E+07  5.1720E+06  3.6956E+06  2.6370E+06  1.5845E+06  8.5634E+05  4.4597E+05  2.1598E+05  8.9617E+04  2.7347E+04
  5.2263E+07  5.0294E+07  4.7014E+07  4.2842E+07  3.9668E+07  2.9935E+07  9.2933E+06  6.9033E+06  3.6557E+06  2.2591E+06  1.4549E+06  8.5314E+05  4.5528E+05  2.1828E+05  8.7411E+04  2.5623E+04
  4.7618E+07  4.5753E+07  4.2617E+07  3.8619E+07  3.4431E+07  3.1360E+07  1.3075E+07  6.4589E+06  3.1087E+06  2.0372E+06  1.3651E+06  8.4032E+05  4.3099E+05  1.9581E+05  7.7521E+04  2.3259E+04
  4.3340E+07  4.1591E+07  3.8638E+07  3.4775E+07  3.0558E+07  2.7400E+07  1.9484E+07  5.7689E+06  3.8214E+06  2.1151E+06  1.2461E+06  7.1954E+05  3.9603E+05  1.9348E+05  7.9052E+04  2.3141E+04
  3.9378E+07  3.7747E+07  3.4989E+07  3.1392E+07  2.7224E+07  2.3433E+07  2.0371E+07  7.5224E+06  3.8763E+06  1.9359E+06  1.1441E+06  6.9082E+05  3.9154E+05  1.8503E+05  7.1109E+04  2.0245E+04
  3.5695E+07  3.4184E+07  3.1625E+07  2.8268E+07  2.4508E+07  2.0655E+07  1.8003E+07  1.1703E+07  3.3960E+06  2.0073E+06  1.1332E+06  6.3830E+05  3.3022E+05  1.6013E+05  6.7127E+04  2.0452E+04
  3.2267E+07  3.0873E+07  2.8513E+07  2.5417E+07  2.1848E+07  1.8129E+07  1.5170E+07  1.2466E+07  4.0334E+06  2.0941E+06  1.1050E+06  5.8755E+05  3.1701E+05  1.5976E+05  6.4829E+04  1.8364E+04
  2.9076E+07  2.7798E+07  2.5632E+07  2.2791E+07  1.9558E+07  1.6264E+07  1.3240E+07  1.1084E+07  6.4008E+06  1.8713E+06  1.0495E+06  5.7565E+05  2.9940E+05  1.3489E+05  5.4118E+04  1.6875E+04
  2.6110E+07  2.4943E+07  2.2966E+07  2.0375E+07  1.7410E+07  1.4289E+07  1.1268E+07  9.3390E+06  7.2050E+06  1.9776E+06  1.0314E+06  5.4821E+05  2.6885E+05  1.2827E+05  5.4340E+04  1.6326E+04
  2.3359E+07  2.2298E+07  2.0504E+07  1.8155E+07  1.5474E+07  1.2731E+07  1.0135E+07  7.9968E+06  6.4172E+06  3.0647E+06  9.8337E+05  5.1409E+05  2.6133E+05  1.2162E+05  4.5620E+04  1.3350E+04
  2.0814E+07  1.9856E+07  1.8237E+07  1.6118E+07  1.3702E+07  1.1184E+07  8.7591E+06  6.6153E+06  5.3108E+06  3.8187E+06  9.2230E+05  4.8628E+05  2.4556E+05  1.0668E+05  4.3105E+04  1.3515E+04
  1.8470E+07  1.7609E+07  1.6155E+07  1.4255E+07  1.2092E+07  9.8655E+06  7.7443E+06  5.9183E+06  4.5695E+06  3.5388E+06  1.2331E+06  4.6207E+05  2.2372E+05  1.0378E+05  4.0594E+04  1.1036E+04
  1.6319E+07  1.5550E+07  1.4251E+07  1.2557E+07  1.0632E+07  8.6419E+06  6.7442E+06  4.9978E+06  3.7812E+06  2.8425E+06  1.7458E+06  4.1978E+05  2.1145E+05  9.5001E+04  3.4847E+04  1.0597E+04
  1.4356E+07  1.3671E+07  1.2518E+07  1.1016E+07  9.3114E+06  7.5566E+06  5.8832E+06  4.4230E+06  3.2038E+06  2.3817E+06  1.8050E+06  4.6485E+05  1.9443E+05  8.5425E+04  3.4097E+04  9.6691E+03
  1.2571E+07  1.1966E+07  1.0948E+07  9.6230E+06  8.1222E+06  6.5784E+06  5.1103E+06  3.8066E+06  2.6823E+06  2.0264E+06  1.4768E+06  6.4586E+05  1.6897E+05  8.0588E+04  2.9868E+04  8.2629E+03
  1.0959E+07  1.0427E+07  9.5321E+06  8.3700E+06  7.0558E+06  5.7064E+06  4.4238E+06  3.2800E+06  2.3424E+06  1.6678E+06  1.1473E+06  7.5791E+05  1.7535E+05  7.1106E+04  2.6854E+04  8.1026E+03
  9.5090E+06  9.0439E+06  8.2622E+06  7.2484E+06  6.1036E+06  4.9300E+06  3.8164E+06  2.8345E+06  2.0287E+06  1.3824E+06  9.6602E+05  7.2753E+05  2.0218E+05  6.0598E+04  2.5048E+04  6.6644E+03
  8.2128E+06  7.8082E+06  7.1292E+06  6.2494E+06  5.2574E+06  4.2420E+06  3.2796E+06  2.4227E+06  1.6994E+06  1.1303E+06  7.9443E+05  5.4973E+05  2.4285E+05  5.9603E+04  2.1302E+04  6.1681E+03
  7.0601E+06  6.7103E+06  6.1235E+06  5.3642E+06  4.5091E+06  3.6351E+06  2.8076E+06  2.0765E+06  1.4831E+06  1.0208E+06  6.8123E+05  4.0861E+05  2.8105E+05  5.6346E+04  1.8603E+04  5.4805E+03
  6.0409E+06  5.7401E+06  5.2358E+06  4.5838E+06  3.8506E+06  3.1020E+06  2.3940E+06  1.7663E+06  1.2342E+06  7.9937E+05  5.2536E+05  3.3529E+05  2.4083E+05  6.3941E+04  1.7296E+04  4.5757E+03
  5.1447E+06  4.8874E+06  4.4563E+06  3.8996E+06  3.2740E+06  2.6360E+06  2.0331E+06  1.5000E+06  1.0616E+06  7.5453E+05  4.7678E+05  3.0755E+05  1.8668E+05  7.7914E+04  1.4117E+04  4.2066E+03
  4.3610E+06  4.1421E+06  3.7757E+06  3.3027E+06  2.7717E+06  2.2306E+06  1.7197E+06  1.2677E+06  8.8839E+05  5.6865E+05  3.4633E+05  2.3388E+05  1.2538E+05  7.6552E+04  1.5183E+04  3.6212E+03
  3.6795E+06  3.4943E+06  3.1844E+06  2.7846E+06  2.3362E+06  1.8796E+06  1.4486E+06  1.0676E+06  7.5123E+05  5.1912E+05  3.5045E+05  2.1359E+05  1.1098E+05  7.3415E+04  1.5455E+04  2.9706E+03
  3.0902E+06  2.9343E+06  2.6736E+06  2.3374E+06  1.9606E+06  1.5771E+06  1.2152E+06  8.9532E+05  6.2828E+05  4.1056E+05  2.4294E+05  1.4850E+05  1.0086E+05  5.0796E+04  1.6210E+04  3.0378E+03
  2.5832E+06  2.4528E+06  2.2346E+06  1.9534E+06  1.6383E+06  1.3177E+06  1.0153E+06  7.4792E+05  5.2524E+05  3.5387E+05  2.4920E+05  1.4468E+05  9.9909E+04  3.7749E+04  1.8653E+04  2.2293E+03
  2.1496E+06  2.0409E+06  1.8593E+06  1.6252E+06  1.3630E+06  1.0963E+06  8.4470E+05  6.2225E+05  4.3671E+05  2.8912E+05  1.6773E+05  9.5929E+04  6.7190E+04  3.1692E+04  1.5184E+04  2.5130E+03
  1.7806E+06  1.6906E+06  1.5401E+06  1.3462E+06  1.1291E+06  9.0822E+05  6.9987E+05  5.1560E+05  3.6190E+05  2.4128E+05  1.6502E+05  1.0634E+05  5.8783E+04  3.4060E+04  1.3726E+04  2.4472E+03
  1.4683E+06  1.3941E+06  1.2701E+06  1.1103E+06  9.3132E+05  7.4926E+05  5.7748E+05  4.2549E+05  2.9863E+05  1.9843E+05  1.1891E+05  7.2558E+04  4.0051E+04  3.3211E+04  9.2839E+03  2.2773E+03
  1.2054E+06  1.1445E+06  1.0427E+06  9.1170E+05  7.6490E+05  6.1551E+05  4.7451E+05  3.4969E+05  2.4545E+05  1.6330E+05  1.0401E+05  7.2597E+04  3.7419E+04  2.8780E+04  7.9687E+03  2.6965E+03
  9.8509E+05  9.3541E+05  8.5237E+05  7.4540E+05  6.2553E+05  5.0351E+05  3.8829E+05  2.8622E+05  2.0092E+05  1.3356E+05  8.3109E+04  5.2127E+04  2.7916E+04  1.7020E+04  8.6652E+03  2.0204E+03
  8.0152E+05  7.6117E+05  6.9372E+05  6.0680E+05  5.0939E+05  4.1017E+05  3.1641E+05  2.3330E+05  1.6380E+05  1.0891E+05  6.8347E+04  4.6345E+04  2.8255E+04  1.4017E+04  9.1121E+03  2.1267E+03
  6.4930E+05  6.1669E+05  5.6215E+05  4.9187E+05  4.1305E+05  3.3273E+05  2.5677E+05  1.8939E+05  1.3300E+05  8.8415E+04  5.4948E+04  3.0798E+04  2.5369E+04  1.2347E+04  9.0190E+03  1.3990E+03
  5.2370E+05  4.9746E+05  4.5358E+05  3.9700E+05  3.3352E+05  2.6878E+05  2.0751E+05  1.5311E+05  1.0754E+05  7.1494E+04  4.4658E+04  3.0218E+04  2.0592E+04  9.0432E+03  6.8034E+03  1.3661E+03
  4.2058E+05  3.9956E+05  3.6441E+05  3.1907E+05  2.6817E+05  2.1621E+05  1.6700E+05  1.2326E+05  8.6598E+04  5.7573E+04  3.6010E+04  2.0550E+04  1.9487E+04  9.9356E+03  4.0115E+03  1.4441E+03
  3.3631E+05  3.1956E+05  2.9153E+05  2.5535E+05  2.1471E+05  1.7320E+05  1.3384E+05  9.8828E+04  6.9446E+04  4.6170E+04  2.8784E+04  1.6105E+04  1.2022E+04  7.8616E+03  3.0712E+03  1.7288E+03
  2.6778E+05  2.5449E+05  2.3223E+05  2.0350E+05  1.7120E+05  1.3817E+05  1.0682E+05  7.8906E+04  5.5460E+04  3.6873E+04  2.2973E+04  1.4327E+04  1.1386E+04  8.6016E+03  3.4856E+03  1.7984E+03
  2.1231E+05  2.0181E+05  1.8422E+05  1.6150E+05  1.3593E+05  1.0976E+05  8.4902E+04  6.2739E+04  4.4107E+04  2.9326E+04  1.8309E+04  1.0927E+04  7.7220E+03  7.6880E+03  2.7709E+03  1.6257E+03
  1.6762E+05  1.5936E+05  1.4552E+05  1.2762E+05  1.0747E+05  8.6833E+04  6.7199E+04  4.9676E+04  3.4931E+04  2.3225E+04  1.4478E+04  7.9502E+03  5.4788E+03  8.2716E+03  3.2458E+03  1.0022E+03
  1.3178E+05  1.2531E+05  1.1447E+05  1.0044E+05  8.4623E+04  6.8407E+04  5.2965E+04  3.9169E+04  2.7549E+04  1.8317E+04  1.1413E+04  6.8560E+03  5.3332E+03  5.6444E+03  3.0169E+03  5.6821E+02
  1.0317E+05  9.8126E+04  8.9664E+04  7.8710E+04  6.6352E+04  5.3666E+04  4.1572E+04  3.0755E+04  2.1635E+04  1.4385E+04  8.9667E+03  5.4636E+03  3.2224E+03  5.7486E+03  2.5489E+03  6.2455E+02
  8.0436E+04  7.6518E+04  6.9944E+04  6.1427E+04  5.1810E+04  4.1926E+04  3.2493E+04  2.4047E+04  1.6919E+04  1.1249E+04  7.0071E+03  3.8988E+03  3.1897E+03  3.1267E+03  2.5483E+03  6.5454E+02
  6.2449E+04  5.9420E+04  5.4333E+04  4.7739E+04  4.0286E+04  3.2617E+04  2.5290E+04  1.8722E+04  1.3175E+04  8.7590E+03  5.4554E+03  3.1434E+03  2.6688E+03  2.8949E+03  2.6083E+03  7.1291E+02
  4.8284E+04  4.5950E+04  4.2032E+04  3.6947E+04  3.1194E+04  2.5269E+04  1.9601E+04  1.4515E+04  1.0216E+04  6.7910E+03  4.2283E+03  2.5375E+03  1.6834E+03  2.4137E+03  2.2502E+03  5.3333E+02
  3.7176E+04  3.5387E+04  3.2380E+04  2.8475E+04  2.4054E+04  1.9494E+04  1.5128E+04  1.1206E+04  7.8876E+03  5.2428E+03  3.2634E+03  1.8598E+03  2.0022E+03  1.6874E+03  2.5484E+03  7.7796E+02
  2.8506E+04  2.7139E+04  2.4841E+04  2.1855E+04  1.8470E+04  1.4976E+04  1.1626E+04  8.6143E+03  6.0635E+03  4.0294E+03  2.5064E+03  1.4292E+03  1.7633E+03  1.1626E+03  1.8246E+03  6.4615E+02
  2.1766E+04  2.0727E+04  1.8978E+04  1.6704E+04  1.4123E+04  1.1457E+04  8.8973E+03  6.5938E+03  4.6420E+03  3.0853E+03  1.9198E+03  1.1219E+03  1.4641E+03  1.3406E+03  1.9733E+03  6.5627E+02
  1.6552E+04  1.5764E+04  1.4438E+04  1.2713E+04  1.0754E+04  8.7271E+03  6.7797E+03  5.0249E+03  3.5364E+03  2.3473E+03  1.4559E+03  8.3261E+02  1.5320E+03  1.6317E+03  1.2400E+03  5.1776E+02
  1.2534E+04  1.1940E+04  1.0939E+04  9.6356E+03  8.1540E+03  6.6200E+03  5.1448E+03  3.8153E+03  2.6878E+03  1.7874E+03  1.1130E+03  6.4092E+02  1.4023E+03  1.2596E+03  7.0869E+02  5.3229E+02
  9.4522E+03  9.0055E+03  8.2531E+03  7.2724E+03  6.1564E+03  4.9995E+03  3.8850E+03  2.8774E+03  2.0188E+03  1.3313E+03  8.1949E+02  4.6897E+02  1.1103E+03  6.2242E+02  9.7536E+02  5.9056E+02
  7.0984E+03  6.7641E+03  6.2007E+03  5.4659E+03  4.6298E+03  3.7637E+03  2.9306E+03  2.1788E+03  1.5396E+03  1.0296E+03  6.4818E+02  3.7857E+02  9.9189E+02  6.0359E+02  9.8979E+02  3.5525E+02
  5.3086E+03  5.0593E+03  4.6389E+03  4.0896E+03  3.4618E+03  2.8057E+03  2.1667E+03  1.5850E+03  1.0943E+03  7.1266E+02  4.3517E+02  2.4570E+02  7.8869E+02  1.0770E+03  3.4070E+02  6.2470E+02
  3.9536E+03  3.7689E+03  3.4590E+03  3.0571E+03  2.6019E+03  2.1313E+03  1.6787E+03  1.2702E+03  9.2073E+02  6.3263E+02  4.0389E+02  2.3484E+02  5.5206E+02  1.3501E+03  5.8393E+02  4.9189E+02
  2.9319E+03  2.7866E+03  2.5366E+03  2.2031E+03  1.8194E+03  1.4281E+03  1.0690E+03  7.6409E+02  5.1751E+02  3.2974E+02  1.9759E+02  1.1071E+02  3.6027E+02  1.2108E+03  9.5625E+02  5.2793E+02
  2.1711E+03  2.1176E+03  2.0211E+03  1.8809E+03  1.6975E+03  1.4745E+03  1.2209E+03  9.5279E+02  6.9209E+02  4.6340E+02  2.8589E+02  1.6292E+02  2.1912E+02  7.2976E+02  7.3101E+02  5.0447E+02
