# CREATED BY GENE DIAGNOSTICS TOOL on Sat May 17 18:13:34 2025 /home/unix/ottink/gene/diagnostics
# diag: vsp1, run(s): vip010vem005, time window: 104.8-104.82456(1 steps), species: i
# original data path: /Differ/Data/IMT/lottink/Tokamak_nTEM/vres_scan/v2/
# normalization: L_ref=1.65m
#
# vpar
 -3.0000E+00
 -2.9528E+00
 -2.9055E+00
 -2.8583E+00
 -2.8110E+00
 -2.7638E+00
 -2.7165E+00
 -2.6693E+00
 -2.6220E+00
 -2.5748E+00
 -2.5276E+00
 -2.4803E+00
 -2.4331E+00
 -2.3858E+00
 -2.3386E+00
 -2.2913E+00
 -2.2441E+00
 -2.1969E+00
 -2.1496E+00
 -2.1024E+00
 -2.0551E+00
 -2.0079E+00
 -1.9606E+00
 -1.9134E+00
 -1.8661E+00
 -1.8189E+00
 -1.7717E+00
 -1.7244E+00
 -1.6772E+00
 -1.6299E+00
 -1.5827E+00
 -1.5354E+00
 -1.4882E+00
 -1.4409E+00
 -1.3937E+00
 -1.3465E+00
 -1.2992E+00
 -1.2520E+00
 -1.2047E+00
 -1.1575E+00
 -1.1102E+00
 -1.0630E+00
 -1.0157E+00
 -9.6850E-01
 -9.2126E-01
 -8.7402E-01
 -8.2677E-01
 -7.7953E-01
 -7.3228E-01
 -6.8504E-01
 -6.3780E-01
 -5.9055E-01
 -5.4331E-01
 -4.9606E-01
 -4.4882E-01
 -4.0157E-01
 -3.5433E-01
 -3.0709E-01
 -2.5984E-01
 -2.1260E-01
 -1.6535E-01
 -1.1811E-01
 -7.0866E-02
 -2.3622E-02
  2.3622E-02
  7.0866E-02
  1.1811E-01
  1.6535E-01
  2.1260E-01
  2.5984E-01
  3.0709E-01
  3.5433E-01
  4.0157E-01
  4.4882E-01
  4.9606E-01
  5.4331E-01
  5.9055E-01
  6.3780E-01
  6.8504E-01
  7.3228E-01
  7.7953E-01
  8.2677E-01
  8.7402E-01
  9.2126E-01
  9.6850E-01
  1.0157E+00
  1.0630E+00
  1.1102E+00
  1.1575E+00
  1.2047E+00
  1.2520E+00
  1.2992E+00
  1.3465E+00
  1.3937E+00
  1.4409E+00
  1.4882E+00
  1.5354E+00
  1.5827E+00
  1.6299E+00
  1.6772E+00
  1.7244E+00
  1.7717E+00
  1.8189E+00
  1.8661E+00
  1.9134E+00
  1.9606E+00
  2.0079E+00
  2.0551E+00
  2.1024E+00
  2.1496E+00
  2.1969E+00
  2.2441E+00
  2.2913E+00
  2.3386E+00
  2.3858E+00
  2.4331E+00
  2.4803E+00
  2.5276E+00
  2.5748E+00
  2.6220E+00
  2.6693E+00
  2.7165E+00
  2.7638E+00
  2.8110E+00
  2.8583E+00
  2.9055E+00
  2.9528E+00
  3.0000E+00


# mu
  5.5286E-02
  2.9341E-01
  7.3088E-01
  1.3853E+00
  2.2877E+00
  3.4931E+00
  5.1107E+00
  7.4232E+00


# trapped boundary
#  mu         vpar      
  5.5286E-02 -1.3503E-01
  5.5286E-02  1.4677E-01
  2.9341E-01 -3.2290E-01
  2.9341E-01  3.3464E-01
  7.3088E-01 -5.1076E-01
  7.3088E-01  5.2251E-01
  1.3853E+00 -7.1037E-01
  1.3853E+00  7.2211E-01
  2.2877E+00 -9.2172E-01
  2.2877E+00  9.3346E-01
  3.4931E+00 -1.1331E+00
  3.4931E+00  1.1448E+00
  5.1107E+00 -1.3679E+00
  5.1107E+00  1.3796E+00
  7.4232E+00 -1.6614E+00
  7.4232E+00  1.6732E+00


# , time = 104.82456, var = <|f|^2>^(1/2) , z = 0
  2.7439E-05  2.2120E-05  1.6893E-05  1.1201E-05  6.0122E-06  2.5487E-06  7.5915E-07  8.5528E-08
  3.4768E-05  2.7973E-05  2.1892E-05  1.5607E-05  9.1056E-06  3.8562E-06  1.0785E-06  1.6184E-07
  4.4729E-05  3.5448E-05  2.6924E-05  1.8704E-05  1.0939E-05  4.6462E-06  1.3144E-06  1.5528E-07
  5.8730E-05  4.6166E-05  3.5028E-05  2.4660E-05  1.4783E-05  6.4430E-06  1.8759E-06  2.7890E-07
  7.8791E-05  6.1398E-05  4.5742E-05  3.1703E-05  1.9032E-05  8.3593E-06  2.4052E-06  3.2382E-07
  1.0767E-04  8.3386E-05  6.0973E-05  4.1654E-05  2.5100E-05  1.1137E-05  3.2524E-06  4.6186E-07
  1.4892E-04  1.1502E-04  8.2440E-05  5.4946E-05  3.2760E-05  1.4626E-05  4.2666E-06  6.0492E-07
  2.0684E-04  1.5999E-04  1.1276E-04  7.3229E-05  4.3032E-05  1.9270E-05  5.6521E-06  7.7812E-07
  2.8658E-04  2.2283E-04  1.5522E-04  9.8233E-05  5.6511E-05  2.5246E-05  7.4260E-06  1.0514E-06
  3.9423E-04  3.0913E-04  2.1407E-04  1.3244E-04  7.4393E-05  3.3046E-05  9.7129E-06  1.3365E-06
  5.3732E-04  4.2587E-04  2.9471E-04  1.7898E-04  9.8033E-05  4.3124E-05  1.2700E-05  1.8028E-06
  7.2566E-04  5.8194E-04  4.0402E-04  2.4194E-04  1.2927E-04  5.6158E-05  1.6474E-05  2.2707E-06
  9.7214E-04  7.8870E-04  5.5065E-04  3.2648E-04  1.7040E-04  7.2954E-05  2.1379E-05  3.0686E-06
  1.2940E-03  1.0607E-03  7.4540E-04  4.3910E-04  2.2435E-04  9.4539E-05  2.7636E-05  3.9650E-06
  1.7149E-03  1.4166E-03  1.0017E-03  5.8792E-04  2.9478E-04  1.2219E-04  3.5508E-05  5.0026E-06
  2.2674E-03  1.8814E-03  1.3365E-03  7.8297E-04  3.8627E-04  1.5745E-04  4.5568E-05  6.6754E-06
  2.9949E-03  2.4873E-03  1.7707E-03  1.0366E-03  5.0439E-04  2.0226E-04  5.7953E-05  8.3657E-06
  3.9523E-03  3.2752E-03  2.3303E-03  1.3636E-03  6.5596E-04  2.5890E-04  7.3795E-05  1.0366E-05
  5.2056E-03  4.2955E-03  3.0468E-03  1.7818E-03  8.4921E-04  3.3020E-04  9.3221E-05  1.3347E-05
  6.8320E-03  5.6082E-03  3.9582E-03  2.3124E-03  1.0940E-03  4.1949E-04  1.1753E-04  1.6681E-05
  8.9186E-03  7.2835E-03  5.1098E-03  2.9806E-03  1.4020E-03  5.3075E-04  1.4748E-04  2.0157E-05
  1.1563E-02  9.4024E-03  6.5553E-03  3.8159E-03  1.7868E-03  6.6864E-04  1.8426E-04  2.5780E-05
  1.4876E-02  1.2057E-02  8.3572E-03  4.8525E-03  2.2643E-03  8.3861E-04  2.2973E-04  3.2122E-05
  1.8981E-02  1.5353E-02  1.0587E-02  6.1300E-03  2.8528E-03  1.0468E-03  2.8465E-04  3.8704E-05
  2.4023E-02  1.9406E-02  1.3328E-02  7.6937E-03  3.5731E-03  1.3008E-03  3.5165E-04  4.9253E-05
  3.0162E-02  2.4349E-02  1.6673E-02  9.5957E-03  4.4491E-03  1.6086E-03  4.3084E-04  6.0431E-05
  3.7576E-02  3.0329E-02  2.0726E-02  1.1895E-02  5.5074E-03  1.9795E-03  5.2551E-04  7.3001E-05
  4.6454E-02  3.7506E-02  2.5601E-02  1.4657E-02  6.7778E-03  2.4241E-03  6.3950E-04  9.0802E-05
  5.7000E-02  4.6058E-02  3.1427E-02  1.7957E-02  8.2933E-03  2.9528E-03  7.7340E-04  1.0962E-04
  6.9423E-02  5.6172E-02  3.8342E-02  2.1875E-02  1.0090E-02  3.5808E-03  9.3509E-04  1.3092E-04
  8.3947E-02  6.8049E-02  4.6495E-02  2.6501E-02  1.2209E-02  4.3215E-03  1.1296E-03  1.5870E-04
  1.0080E-01  8.1897E-02  5.6046E-02  3.1929E-02  1.4692E-02  5.1901E-03  1.3576E-03  1.8760E-04
  1.2025E-01  9.7936E-02  6.7164E-02  3.8261E-02  1.7586E-02  6.2018E-03  1.6256E-03  2.2030E-04
  1.4254E-01  1.1639E-01  8.0025E-02  4.5602E-02  2.0938E-02  7.3697E-03  1.9405E-03  2.6200E-04
  1.6796E-01  1.3751E-01  9.4808E-02  5.4064E-02  2.4800E-02  8.7145E-03  2.2985E-03  3.0430E-04
  1.9682E-01  1.6154E-01  1.1170E-01  6.3762E-02  2.9223E-02  1.0262E-02  2.7000E-03  3.5542E-04
  2.2940E-01  1.8873E-01  1.3089E-01  7.4811E-02  3.4260E-02  1.2047E-02  3.1635E-03  4.1704E-04
  2.6602E-01  2.1936E-01  1.5257E-01  8.7322E-02  3.9966E-02  1.4109E-02  3.6805E-03  4.7979E-04
  3.0699E-01  2.5367E-01  1.7693E-01  1.0141E-01  4.6392E-02  1.6471E-02  4.2537E-03  5.5735E-04
  3.5262E-01  2.9193E-01  2.0413E-01  1.1716E-01  5.3579E-02  1.9155E-02  4.9108E-03  6.4319E-04
  4.0324E-01  3.3436E-01  2.3433E-01  1.3469E-01  6.1574E-02  2.2175E-02  5.6376E-03  7.3216E-04
  4.5912E-01  3.8118E-01  2.6767E-01  1.5406E-01  7.0442E-02  2.5530E-02  6.4344E-03  8.4049E-04
  5.2050E-01  4.3257E-01  3.0427E-01  1.7535E-01  8.0277E-02  2.9237E-02  7.3299E-03  9.5229E-04
  5.8753E-01  4.8865E-01  3.4421E-01  1.9858E-01  9.1181E-02  3.3308E-02  8.3061E-03  1.0727E-03
  6.6027E-01  5.4949E-01  3.8753E-01  2.2377E-01  1.0323E-01  3.7734E-02  9.3563E-03  1.2133E-03
  7.3865E-01  6.1506E-01  4.3420E-01  2.5092E-01  1.1648E-01  4.2518E-02  1.0513E-02  1.3500E-03
  8.2253E-01  6.8526E-01  4.8412E-01  2.8003E-01  1.3089E-01  4.7655E-02  1.1745E-02  1.5034E-03
  9.1160E-01  7.5987E-01  5.3718E-01  3.1114E-01  1.4633E-01  5.3110E-02  1.3025E-02  1.6683E-03
  1.0055E+00  8.3857E-01  5.9316E-01  3.4430E-01  1.6261E-01  5.8811E-02  1.4390E-02  1.8241E-03
  1.1037E+00  9.2097E-01  6.5184E-01  3.7948E-01  1.7954E-01  6.4700E-02  1.5775E-02  2.0036E-03
  1.2056E+00  1.0066E+00  7.1288E-01  4.1649E-01  1.9697E-01  7.0703E-02  1.7149E-02  2.1722E-03
  1.3104E+00  1.0947E+00  7.7589E-01  4.5489E-01  2.1472E-01  7.6690E-02  1.8562E-02  2.3342E-03
  1.4173E+00  1.1847E+00  8.4040E-01  4.9410E-01  2.3254E-01  8.2616E-02  1.9914E-02  2.5103E-03
  1.5253E+00  1.2756E+00  9.0584E-01  5.3354E-01  2.5024E-01  8.8472E-02  2.1206E-02  2.6527E-03
  1.6330E+00  1.3663E+00  9.7149E-01  5.7268E-01  2.6769E-01  9.4148E-02  2.2501E-02  2.8022E-03
  1.7390E+00  1.4558E+00  1.0365E+00  6.1105E-01  2.8474E-01  9.9600E-02  2.3663E-02  2.9431E-03
  1.8419E+00  1.5428E+00  1.0999E+00  6.4812E-01  3.0116E-01  1.0485E-01  2.4735E-02  3.0438E-03
  1.9401E+00  1.6259E+00  1.1604E+00  6.8327E-01  3.1667E-01  1.0970E-01  2.5754E-02  3.1534E-03
  2.0319E+00  1.7035E+00  1.2166E+00  7.1571E-01  3.3087E-01  1.1397E-01  2.6548E-02  3.2283E-03
  2.1152E+00  1.7738E+00  1.2670E+00  7.4434E-01  3.4317E-01  1.1754E-01  2.7150E-02  3.2675E-03
  2.1882E+00  1.8347E+00  1.3095E+00  7.6748E-01  3.5246E-01  1.1991E-01  2.7471E-02  3.2801E-03
  2.2487E+00  1.8830E+00  1.3405E+00  7.8220E-01  3.5729E-01  1.2059E-01  2.7327E-02  3.2138E-03
  2.2932E+00  1.9099E+00  1.3467E+00  7.7622E-01  3.4989E-01  1.1637E-01  2.5929E-02  2.9931E-03
  2.3158E+00  1.8967E+00  1.3022E+00  7.2594E-01  3.1471E-01  9.9927E-02  2.1047E-02  2.2731E-03
  2.3671E+00  2.0568E+00  1.5483E+00  9.6425E-01  4.7171E-01  1.7030E-01  4.1071E-02  5.1221E-03
  2.3570E+00  2.0153E+00  1.4828E+00  9.0124E-01  4.3062E-01  1.5183E-01  3.5723E-02  4.3468E-03
  2.3372E+00  1.9866E+00  1.4477E+00  8.7027E-01  4.1190E-01  1.4408E-01  3.3638E-02  4.0617E-03
  2.3036E+00  1.9539E+00  1.4184E+00  8.4860E-01  4.0021E-01  1.3957E-01  3.2464E-02  3.8940E-03
  2.2556E+00  1.9106E+00  1.3837E+00  8.2519E-01  3.8833E-01  1.3521E-01  3.1424E-02  3.7664E-03
  2.1941E+00  1.8565E+00  1.3422E+00  7.9854E-01  3.7546E-01  1.3075E-01  3.0391E-02  3.6356E-03
  2.1207E+00  1.7928E+00  1.2943E+00  7.6852E-01  3.6122E-01  1.2588E-01  2.9301E-02  3.5116E-03
  2.0373E+00  1.7210E+00  1.2409E+00  7.3553E-01  3.4567E-01  1.2067E-01  2.8207E-02  3.3919E-03
  1.9457E+00  1.6426E+00  1.1829E+00  7.0017E-01  3.2905E-01  1.1512E-01  2.6969E-02  3.2379E-03
  1.8478E+00  1.5592E+00  1.1215E+00  6.6305E-01  3.1159E-01  1.0919E-01  2.5662E-02  3.1025E-03
  1.7455E+00  1.4723E+00  1.0578E+00  6.2479E-01  2.9354E-01  1.0305E-01  2.4347E-02  2.9539E-03
  1.6404E+00  1.3831E+00  9.9286E-01  5.8591E-01  2.7518E-01  9.6782E-02  2.2922E-02  2.7849E-03
  1.5338E+00  1.2928E+00  9.2752E-01  5.4684E-01  2.5678E-01  9.0418E-02  2.1493E-02  2.6387E-03
  1.4271E+00  1.2025E+00  8.6240E-01  5.0791E-01  2.3855E-01  8.4096E-02  2.0089E-02  2.4723E-03
  1.3215E+00  1.1131E+00  7.9807E-01  4.6950E-01  2.2061E-01  7.7920E-02  1.8656E-02  2.3138E-03
  1.2180E+00  1.0254E+00  7.3505E-01  4.3204E-01  2.0310E-01  7.1903E-02  1.7285E-02  2.1697E-03
  1.1175E+00  9.4040E-01  6.7385E-01  3.9584E-01  1.8611E-01  6.6106E-02  1.5975E-02  2.0111E-03
  1.0207E+00  8.5852E-01  6.1490E-01  3.6110E-01  1.6964E-01  6.0568E-02  1.4693E-02  1.8729E-03
  9.2820E-01  7.8031E-01  5.5854E-01  3.2793E-01  1.5375E-01  5.5275E-02  1.3492E-02  1.7361E-03
  8.4036E-01  7.0610E-01  5.0505E-01  2.9644E-01  1.3859E-01  5.0205E-02  1.2352E-02  1.5966E-03
  7.5756E-01  6.3615E-01  4.5461E-01  2.6672E-01  1.2437E-01  4.5352E-02  1.1246E-02  1.4744E-03
  6.8003E-01  5.7062E-01  4.0734E-01  2.3886E-01  1.1121E-01  4.0708E-02  1.0203E-02  1.3457E-03
  6.0789E-01  5.0962E-01  3.6329E-01  2.1290E-01  9.9095E-02  3.6278E-02  9.2113E-03  1.2218E-03
  5.4116E-01  4.5314E-01  3.2249E-01  1.8886E-01  8.7957E-02  3.2104E-02  8.2502E-03  1.1077E-03
  4.7976E-01  4.0114E-01  2.8494E-01  1.6672E-01  7.7726E-02  2.8240E-02  7.3481E-03  9.8859E-04
  4.2354E-01  3.5351E-01  2.5057E-01  1.4647E-01  6.8358E-02  2.4714E-02  6.5046E-03  8.8112E-04
  3.7229E-01  3.1011E-01  2.1929E-01  1.2806E-01  5.9832E-02  2.1544E-02  5.7074E-03  7.8046E-04
  3.2575E-01  2.7076E-01  1.9097E-01  1.1142E-01  5.2116E-02  1.8727E-02  4.9832E-03  6.8149E-04
  2.8367E-01  2.3524E-01  1.6547E-01  9.6459E-02  4.5177E-02  1.6230E-02  4.3291E-03  5.9738E-04
  2.4581E-01  2.0334E-01  1.4265E-01  8.3095E-02  3.8968E-02  1.4020E-02  3.7315E-03  5.1826E-04
  2.1188E-01  1.7484E-01  1.2233E-01  7.1223E-02  3.3447E-02  1.2060E-02  3.2042E-03  4.4573E-04
  1.8164E-01  1.4950E-01  1.0435E-01  6.0740E-02  2.8564E-02  1.0322E-02  2.7396E-03  3.8597E-04
  1.5480E-01  1.2709E-01  8.8531E-02  5.1537E-02  2.4270E-02  8.7910E-03  2.3290E-03  3.2924E-04
  1.3110E-01  1.0739E-01  7.4692E-02  4.3503E-02  2.0516E-02  7.4492E-03  1.9734E-03  2.8011E-04
  1.1031E-01  9.0177E-02  6.2660E-02  3.6530E-02  1.7253E-02  6.2825E-03  1.6691E-03  2.3929E-04
  9.2175E-02  7.5243E-02  5.2267E-02  3.0512E-02  1.4432E-02  5.2743E-03  1.4067E-03  2.0077E-04
  7.6476E-02  6.2375E-02  4.3346E-02  2.5348E-02  1.2008E-02  4.4061E-03  1.1811E-03  1.6835E-04
  6.2992E-02  5.1369E-02  3.5738E-02  2.0943E-02  9.9363E-03  3.6633E-03  9.8965E-04  1.4186E-04
  5.1508E-02  4.2023E-02  2.9290E-02  1.7207E-02  8.1768E-03  3.0305E-03  8.2464E-04  1.1689E-04
  4.1812E-02  3.4147E-02  2.3862E-02  1.4056E-02  6.6911E-03  2.4949E-03  6.8343E-04  9.6827E-05
  3.3695E-02  2.7559E-02  1.9321E-02  1.1414E-02  5.4443E-03  2.0443E-03  5.6436E-04  8.0956E-05
  2.6956E-02  2.2090E-02  1.5550E-02  9.2123E-03  4.4044E-03  1.6670E-03  4.6315E-04  6.5663E-05
  2.1407E-02  1.7588E-02  1.2439E-02  7.3885E-03  3.5426E-03  1.3530E-03  3.7883E-04  5.4203E-05
  1.6878E-02  1.3912E-02  9.8908E-03  5.8875E-03  2.8331E-03  1.0930E-03  3.0843E-04  4.4941E-05
  1.3216E-02  1.0937E-02  7.8172E-03  4.6604E-03  2.2527E-03  8.7899E-04  2.5018E-04  3.6110E-05
  1.0288E-02  8.5518E-03  6.1410E-03  3.6641E-03  1.7813E-03  7.0373E-04  2.0223E-04  2.9541E-05
  7.9722E-03  6.6546E-03  4.7944E-03  2.8609E-03  1.4010E-03  5.6099E-04  1.6255E-04  2.4129E-05
  6.1608E-03  5.1568E-03  3.7192E-03  2.2183E-03  1.0961E-03  4.4535E-04  1.3027E-04  1.9217E-05
  4.7549E-03  3.9811E-03  2.8662E-03  1.7079E-03  8.5336E-04  3.5215E-04  1.0370E-04  1.5329E-05
  3.6689E-03  3.0622E-03  2.1938E-03  1.3059E-03  6.6134E-04  2.7738E-04  8.2333E-05  1.2361E-05
  2.8301E-03  2.3455E-03  1.6670E-03  9.9175E-04  5.1037E-04  2.1770E-04  6.5085E-05  9.6536E-06
  2.1798E-03  1.7871E-03  1.2568E-03  7.4831E-04  3.9240E-04  1.7026E-04  5.1265E-05  7.5776E-06
  1.6726E-03  1.3523E-03  9.3973E-04  5.6121E-04  3.0075E-04  1.3274E-04  4.0259E-05  6.0293E-06
  1.2752E-03  1.0146E-03  6.9647E-04  4.1861E-04  2.2993E-04  1.0314E-04  3.1413E-05  4.6229E-06
  9.6365E-04  7.5363E-04  5.1165E-04  3.1088E-04  1.7550E-04  7.9963E-05  2.4467E-05  3.6630E-06
  7.2038E-04  5.5366E-04  3.7275E-04  2.3018E-04  1.3376E-04  6.1733E-05  1.8936E-05  2.8085E-06
  5.3199E-04  4.0203E-04  2.6958E-04  1.7029E-04  1.0206E-04  4.7694E-05  1.4661E-05  2.2049E-06
  3.8796E-04  2.8865E-04  1.9394E-04  1.2602E-04  7.7610E-05  3.6462E-05  1.1235E-05  1.6771E-06
  2.7978E-04  2.0534E-04  1.3937E-04  9.3964E-05  5.9705E-05  2.8266E-05  8.7067E-06  1.3018E-06
  2.0034E-04  1.4547E-04  1.0043E-04  6.9743E-05  4.4764E-05  2.1100E-05  6.4886E-06  9.7965E-07
  1.4346E-04  1.0354E-04  7.3810E-05  5.4195E-05  3.5863E-05  1.6918E-05  5.1873E-06  7.4103E-07
  1.0375E-04  7.4729E-05  5.3637E-05  3.8521E-05  2.4947E-05  1.1699E-05  3.6350E-06  5.4545E-07
  7.6606E-05  5.6176E-05  4.5066E-05  3.6332E-05  2.3441E-05  1.0478E-05  3.0611E-06  4.0982E-07
  5.8450E-05  4.3647E-05  3.1792E-05  2.1258E-05  1.3052E-05  6.4521E-06  2.1988E-06  3.5191E-07
