# CREATED BY GENE DIAGNOSTICS TOOL on Sat May 17 18:10:54 2025 /home/unix/ottink/gene/diagnostics
# diag: vsp1, run(s): vip010vem005, time window: 227.6-227.6094(1 steps), species: e
# original data path: /Differ/Data/IMT/lottink/Tokamak_ITG/vres_scan/v2/
# normalization: L_ref=1.65m
#
# vpar
 -3.0000E+00
 -2.9528E+00
 -2.9055E+00
 -2.8583E+00
 -2.8110E+00
 -2.7638E+00
 -2.7165E+00
 -2.6693E+00
 -2.6220E+00
 -2.5748E+00
 -2.5276E+00
 -2.4803E+00
 -2.4331E+00
 -2.3858E+00
 -2.3386E+00
 -2.2913E+00
 -2.2441E+00
 -2.1969E+00
 -2.1496E+00
 -2.1024E+00
 -2.0551E+00
 -2.0079E+00
 -1.9606E+00
 -1.9134E+00
 -1.8661E+00
 -1.8189E+00
 -1.7717E+00
 -1.7244E+00
 -1.6772E+00
 -1.6299E+00
 -1.5827E+00
 -1.5354E+00
 -1.4882E+00
 -1.4409E+00
 -1.3937E+00
 -1.3465E+00
 -1.2992E+00
 -1.2520E+00
 -1.2047E+00
 -1.1575E+00
 -1.1102E+00
 -1.0630E+00
 -1.0157E+00
 -9.6850E-01
 -9.2126E-01
 -8.7402E-01
 -8.2677E-01
 -7.7953E-01
 -7.3228E-01
 -6.8504E-01
 -6.3780E-01
 -5.9055E-01
 -5.4331E-01
 -4.9606E-01
 -4.4882E-01
 -4.0157E-01
 -3.5433E-01
 -3.0709E-01
 -2.5984E-01
 -2.1260E-01
 -1.6535E-01
 -1.1811E-01
 -7.0866E-02
 -2.3622E-02
  2.3622E-02
  7.0866E-02
  1.1811E-01
  1.6535E-01
  2.1260E-01
  2.5984E-01
  3.0709E-01
  3.5433E-01
  4.0157E-01
  4.4882E-01
  4.9606E-01
  5.4331E-01
  5.9055E-01
  6.3780E-01
  6.8504E-01
  7.3228E-01
  7.7953E-01
  8.2677E-01
  8.7402E-01
  9.2126E-01
  9.6850E-01
  1.0157E+00
  1.0630E+00
  1.1102E+00
  1.1575E+00
  1.2047E+00
  1.2520E+00
  1.2992E+00
  1.3465E+00
  1.3937E+00
  1.4409E+00
  1.4882E+00
  1.5354E+00
  1.5827E+00
  1.6299E+00
  1.6772E+00
  1.7244E+00
  1.7717E+00
  1.8189E+00
  1.8661E+00
  1.9134E+00
  1.9606E+00
  2.0079E+00
  2.0551E+00
  2.1024E+00
  2.1496E+00
  2.1969E+00
  2.2441E+00
  2.2913E+00
  2.3386E+00
  2.3858E+00
  2.4331E+00
  2.4803E+00
  2.5276E+00
  2.5748E+00
  2.6220E+00
  2.6693E+00
  2.7165E+00
  2.7638E+00
  2.8110E+00
  2.8583E+00
  2.9055E+00
  2.9528E+00
  3.0000E+00


# mu
  1.3581E-02
  7.1692E-02
  1.7680E-01
  3.2992E-01
  5.3256E-01
  7.8681E-01
  1.0955E+00
  1.4624E+00
  1.8925E+00
  2.3926E+00
  2.9718E+00
  3.6436E+00
  4.4281E+00
  5.3585E+00
  6.4984E+00
  8.0108E+00


# trapped boundary
#  mu         vpar      
  1.3581E-02 -6.4579E-02
  1.3581E-02  7.6321E-02
  7.1692E-02 -1.5851E-01
  7.1692E-02  1.7025E-01
  1.7680E-01 -2.5245E-01
  1.7680E-01  2.6419E-01
  3.2992E-01 -3.4638E-01
  3.2992E-01  3.5812E-01
  5.3256E-01 -4.4031E-01
  5.3256E-01  4.5205E-01
  7.8681E-01 -5.3425E-01
  7.8681E-01  5.4599E-01
  1.0955E+00 -6.2818E-01
  1.0955E+00  6.3992E-01
  1.4624E+00 -7.3386E-01
  1.4624E+00  7.4560E-01
  1.8925E+00 -8.2779E-01
  1.8925E+00  8.3953E-01
  2.3926E+00 -9.3346E-01
  2.3926E+00  9.4521E-01
  2.9718E+00 -1.0509E+00
  2.9718E+00  1.0626E+00
  3.6436E+00 -1.1566E+00
  3.6436E+00  1.1683E+00
  4.4281E+00 -1.2740E+00
  4.4281E+00  1.2857E+00
  5.3585E+00 -1.4031E+00
  5.3585E+00  1.4149E+00
  6.4984E+00 -1.5440E+00
  6.4984E+00  1.5558E+00
  8.0108E+00 -1.7202E+00
  8.0108E+00  1.7319E+00


# , time = 227.6094, var = <|f|^2>^(1/2) , z = 0
  2.9997E+00  2.9045E+00  2.7378E+00  2.5060E+00  2.2176E+00  1.8829E+00  1.5185E+00  1.1505E+00  8.1254E-01  5.3358E-01  3.2568E-01  1.8348E-01  9.1771E-02  7.7282E-02  7.0214E-02  3.9583E-02
  3.9487E+00  3.7401E+00  3.3843E+00  2.9149E+00  2.3799E+00  1.8361E+00  1.3377E+00  9.2188E-01  6.0205E-01  3.7304E-01  2.1941E-01  1.2162E-01  7.2401E-02  1.3021E-01  9.3822E-02  5.0622E-02
  5.1813E+00  4.9221E+00  4.4879E+00  3.9276E+00  3.2996E+00  2.6619E+00  2.0634E+00  1.5370E+00  1.0943E+00  7.3234E-01  4.5160E-01  2.5486E-01  1.5879E-01  1.6370E-01  6.3925E-02  3.4473E-02
  6.7665E+00  6.4280E+00  5.8582E+00  5.1169E+00  4.2764E+00  3.4108E+00  2.5865E+00  1.8572E+00  1.2584E+00  8.0194E-01  4.7588E-01  2.6009E-01  1.6048E-01  1.3179E-01  4.9032E-02  4.8575E-02
  8.7949E+00  8.3562E+00  7.6177E+00  6.6577E+00  5.5718E+00  4.4585E+00  3.4052E+00  2.4772E+00  1.7133E+00  1.1244E+00  6.9456E-01  3.9451E-01  2.2251E-01  1.2030E-01  7.1173E-02  4.4419E-02
  1.1377E+01  1.0811E+01  9.8582E+00  8.6184E+00  7.2143E+00  5.7719E+00  4.4026E+00  3.1905E+00  2.1863E+00  1.4090E+00  8.4927E-01  4.7294E-01  2.9048E-01  1.2268E-01  1.1871E-01  4.2957E-02
  1.4649E+01  1.3922E+01  1.2698E+01  1.1105E+01  9.2994E+00  7.4441E+00  5.6827E+00  4.1248E+00  2.8361E+00  1.8385E+00  1.1179E+00  6.3259E-01  3.9181E-01  1.9335E-01  9.7753E-02  5.2678E-02
  1.8773E+01  1.7844E+01  1.6279E+01  1.4241E+01  1.1931E+01  9.5543E+00  7.2962E+00  5.2964E+00  3.6393E+00  2.3535E+00  1.4217E+00  7.9449E-01  4.5107E-01  2.5069E-01  8.9627E-02  5.2394E-02
  2.3946E+01  2.2764E+01  2.0772E+01  1.8178E+01  1.5235E+01  1.2206E+01  9.3254E+00  6.7726E+00  4.6565E+00  3.0147E+00  1.8247E+00  1.0216E+00  5.4138E-01  2.8253E-01  2.0276E-01  5.0401E-02
  3.0402E+01  2.8906E+01  2.6383E+01  2.3096E+01  1.9365E+01  1.5521E+01  1.1864E+01  8.6193E+00  5.9276E+00  3.8374E+00  2.3208E+00  1.2997E+00  7.2008E-01  3.6681E-01  1.6899E-01  6.1460E-02
  3.8422E+01  3.6536E+01  3.3356E+01  2.9209E+01  2.4500E+01  1.9646E+01  1.5023E+01  1.0919E+01  7.5121E+00  4.8647E+00  2.9434E+00  1.6472E+00  9.1876E-01  3.8228E-01  2.5849E-01  8.4876E-02
  4.8333E+01  4.5967E+01  4.1976E+01  3.6770E+01  3.0854E+01  2.4752E+01  1.8936E+01  1.3769E+01  9.4762E+00  6.1379E+00  3.7136E+00  2.0687E+00  1.0672E+00  5.1913E-01  2.1745E-01  6.7099E-02
  6.0522E+01  5.7567E+01  5.2582E+01  4.6076E+01  3.8678E+01  3.1043E+01  2.3759E+01  1.7284E+01  1.1899E+01  7.7093E+00  4.6650E+00  2.6154E+00  1.3393E+00  6.3527E-01  3.2525E-01  9.9281E-02
  7.5438E+01  7.1765E+01  6.5566E+01  5.7473E+01  4.8265E+01  3.8754E+01  2.9675E+01  2.1597E+01  1.4874E+01  9.6388E+00  5.8330E+00  3.2768E+00  1.6722E+00  7.4684E-01  2.9736E-01  8.6573E-02
  9.3601E+01  8.9057E+01  8.1384E+01  7.1362E+01  5.9953E+01  4.8160E+01  3.6895E+01  2.6862E+01  1.8507E+01  1.1996E+01  7.2607E+00  4.0404E+00  2.1253E+00  1.1127E+00  4.2596E-01  1.1281E-01
  1.1561E+02  1.1001E+02  1.0056E+02  8.8205E+01  7.4133E+01  5.9578E+01  4.5662E+01  3.3260E+01  2.2923E+01  1.4863E+01  8.9976E+00  5.0236E+00  2.6683E+00  1.1486E+00  4.9673E-01  1.0906E-01
  1.4214E+02  1.3528E+02  1.2369E+02  1.0853E+02  9.1251E+01  7.3368E+01  5.6257E+01  4.0996E+01  2.8265E+01  1.8331E+01  1.1097E+01  6.2619E+00  3.0996E+00  1.5907E+00  6.4352E-01  1.5953E-01
  1.7398E+02  1.6560E+02  1.5145E+02  1.3293E+02  1.1181E+02  8.9942E+01  6.8998E+01  5.0301E+01  3.4694E+01  2.2507E+01  1.3627E+01  7.6445E+00  3.8867E+00  1.7166E+00  7.4012E-01  1.9134E-01
  2.1199E+02  2.0181E+02  1.8460E+02  1.6209E+02  1.3639E+02  1.0976E+02  8.4242E+01  6.1441E+01  4.2393E+01  2.7509E+01  1.6663E+01  9.2621E+00  4.7718E+00  2.2008E+00  9.2081E-01  2.3360E-01
  2.5714E+02  2.4483E+02  2.2401E+02  1.9675E+02  1.6563E+02  1.3335E+02  1.0239E+02  7.4711E+01  5.1567E+01  3.3471E+01  2.0272E+01  1.1353E+01  5.8597E+00  2.6216E+00  1.0286E+00  2.8984E-01
  3.1051E+02  2.9569E+02  2.7061E+02  2.3776E+02  2.0023E+02  1.6128E+02  1.2389E+02  9.0438E+01  6.2445E+01  4.0543E+01  2.4547E+01  1.3891E+01  7.2390E+00  3.2523E+00  1.2345E+00  3.1608E-01
  3.7330E+02  3.5553E+02  3.2545E+02  2.8604E+02  2.4098E+02  1.9419E+02  1.4924E+02  1.0899E+02  7.5279E+01  4.8888E+01  2.9632E+01  1.6688E+01  8.4281E+00  4.0028E+00  1.4471E+00  3.9683E-01
  4.4681E+02  4.2558E+02  3.8967E+02  3.4258E+02  2.8873E+02  2.3277E+02  1.7897E+02  1.3075E+02  9.0344E+01  5.8686E+01  3.5580E+01  1.9582E+01  1.0074E+01  4.8102E+00  1.7637E+00  4.9427E-01
  5.3244E+02  5.0721E+02  4.6450E+02  4.0850E+02  3.4441E+02  2.7777E+02  2.1366E+02  1.5616E+02  1.0794E+02  7.0133E+01  4.2473E+01  2.4015E+01  1.2153E+01  5.7515E+00  2.1422E+00  5.9476E-01
  6.3171E+02  6.0185E+02  5.5128E+02  4.8495E+02  4.0902E+02  3.3001E+02  2.5395E+02  1.8568E+02  1.2839E+02  8.3438E+01  5.0498E+01  2.8389E+01  1.4281E+01  6.5843E+00  2.4092E+00  7.4273E-01
  7.4625E+02  7.1104E+02  6.5142E+02  5.7319E+02  4.8360E+02  3.9033E+02  3.0049E+02  2.1980E+02  1.5203E+02  9.8825E+01  6.0138E+01  3.4094E+01  1.7697E+01  7.6349E+00  2.9637E+00  8.0056E-01
  8.7778E+02  8.3644E+02  7.6643E+02  6.7455E+02  5.6929E+02  4.5966E+02  3.5400E+02  2.5903E+02  1.7922E+02  1.1652E+02  7.0458E+01  3.8874E+01  2.0529E+01  9.0135E+00  3.6039E+00  9.0035E-01
  1.0281E+03  9.7975E+02  8.9786E+02  7.9039E+02  6.6724E+02  5.3893E+02  4.1519E+02  3.0392E+02  2.1033E+02  1.3681E+02  8.3234E+01  4.6754E+01  2.4420E+01  1.0910E+01  4.3917E+00  9.4121E-01
  1.1991E+03  1.1428E+03  1.0474E+03  9.2215E+02  7.7866E+02  6.2910E+02  4.8482E+02  3.5500E+02  2.4576E+02  1.5981E+02  9.6085E+01  5.3639E+01  2.7230E+01  1.2520E+01  5.2297E+00  9.6425E-01
  1.3927E+03  1.3273E+03  1.2166E+03  1.0713E+03  9.0476E+02  7.3117E+02  5.6365E+02  4.1284E+02  2.8587E+02  1.8609E+02  1.1495E+02  6.5051E+01  3.1673E+01  1.5286E+01  5.5815E+00  1.0631E+00
  1.6108E+03  1.5352E+03  1.4072E+03  1.2393E+03  1.0468E+03  8.4612E+02  6.5242E+02  4.7799E+02  3.3108E+02  2.1527E+02  1.2925E+02  7.3839E+01  3.7280E+01  1.8491E+01  5.8593E+00  1.1064E+00
  1.8555E+03  1.7684E+03  1.6210E+03  1.4276E+03  1.2059E+03  9.7491E+02  7.5189E+02  5.5098E+02  3.8167E+02  2.4900E+02  1.5113E+02  8.4987E+01  4.4887E+01  2.1613E+01  5.8071E+00  1.2732E+00
  2.1288E+03  2.0288E+03  1.8595E+03  1.6376E+03  1.3834E+03  1.1185E+03  8.6274E+02  6.3234E+02  4.3823E+02  2.8398E+02  1.7197E+02  9.5567E+01  5.2094E+01  2.3893E+01  5.6786E+00  1.4315E+00
  2.4324E+03  2.3180E+03  2.1245E+03  1.8708E+03  1.5803E+03  1.2777E+03  9.8565E+02  7.2249E+02  5.0056E+02  3.2842E+02  2.0120E+02  1.1252E+02  6.2480E+01  2.3826E+01  5.9687E+00  1.6169E+00
  2.7684E+03  2.6379E+03  2.4173E+03  2.1284E+03  1.7977E+03  1.4534E+03  1.1212E+03  8.2202E+02  5.6994E+02  3.6915E+02  2.2584E+02  1.3191E+02  7.2193E+01  2.2852E+01  6.2079E+00  1.8616E+00
  3.1383E+03  2.9901E+03  2.7396E+03  2.4115E+03  2.0365E+03  1.6462E+03  1.2699E+03  9.3076E+02  6.4516E+02  4.2020E+02  2.5711E+02  1.5481E+02  7.6839E+01  2.1630E+01  6.9575E+00  2.0458E+00
  3.5438E+03  3.3759E+03  3.0923E+03  2.7213E+03  2.2975E+03  1.8568E+03  1.4321E+03  1.0503E+03  7.2784E+02  4.7186E+02  2.9521E+02  1.7749E+02  7.5252E+01  2.0724E+01  7.7997E+00  2.2735E+00
  3.9861E+03  3.7966E+03  3.4766E+03  3.0584E+03  2.5812E+03  2.0854E+03  1.6081E+03  1.1777E+03  8.1792E+02  5.3680E+02  3.4287E+02  1.9890E+02  6.7280E+01  2.1938E+01  8.5859E+00  2.5046E+00
  4.4663E+03  4.2531E+03  3.8933E+03  3.4236E+03  2.8881E+03  2.3324E+03  1.7981E+03  1.3194E+03  9.1051E+02  6.0687E+02  3.9067E+02  2.0472E+02  5.9534E+01  2.3637E+01  9.5589E+00  2.6877E+00
  4.9849E+03  4.7458E+03  4.3428E+03  3.8169E+03  3.2182E+03  2.5978E+03  2.0013E+03  1.4641E+03  1.0132E+03  6.8502E+02  4.3700E+02  1.8427E+02  5.7493E+01  2.5957E+01  1.0354E+01  2.9845E+00
  5.5421E+03  5.2750E+03  4.8250E+03  4.2385E+03  3.5715E+03  2.8812E+03  2.2198E+03  1.6273E+03  1.1303E+03  7.7700E+02  4.6433E+02  1.5247E+02  5.8839E+01  2.8666E+01  1.1085E+01  3.2065E+00
  6.1376E+03  5.8403E+03  5.3398E+03  4.6879E+03  3.9474E+03  3.1822E+03  2.4469E+03  1.7876E+03  1.2652E+03  8.6477E+02  4.4096E+02  1.3121E+02  6.4062E+01  3.0648E+01  1.2104E+01  3.4898E+00
  6.7704E+03  6.4408E+03  5.8860E+03  5.1641E+03  4.3451E+03  3.4997E+03  2.6950E+03  1.9646E+03  1.4163E+03  9.2362E+02  3.5818E+02  1.2627E+02  7.0007E+01  3.2521E+01  1.2789E+01  3.8311E+00
  7.4387E+03  7.0747E+03  6.4622E+03  5.6658E+03  4.7633E+03  3.8333E+03  2.9373E+03  2.1552E+03  1.5568E+03  9.0662E+02  2.6584E+02  1.3537E+02  7.3958E+01  3.4847E+01  1.3799E+01  4.0211E+00
  8.1401E+03  7.7397E+03  7.0663E+03  6.1911E+03  5.2001E+03  4.1794E+03  3.2094E+03  2.3826E+03  1.6753E+03  7.5238E+02  2.3634E+02  1.4643E+02  7.7249E+01  3.6287E+01  1.4833E+01  4.4406E+00
  8.8710E+03  8.4325E+03  7.6952E+03  6.7373E+03  5.6532E+03  4.5375E+03  3.4645E+03  2.6100E+03  1.6609E+03  5.1830E+02  2.5369E+02  1.5223E+02  8.1019E+01  3.8571E+01  1.5399E+01  4.5948E+00
  9.6267E+03  9.1489E+03  8.3451E+03  7.3009E+03  6.1189E+03  4.9022E+03  3.7624E+03  2.8001E+03  1.3916E+03  3.8523E+02  2.6807E+02  1.5504E+02  8.2842E+01  4.0817E+01  1.6730E+01  4.9529E+00
  1.0402E+04  9.8836E+03  9.0113E+03  7.8774E+03  6.5942E+03  5.2665E+03  4.0823E+03  2.7877E+03  9.3717E+02  4.1997E+02  2.7207E+02  1.5847E+02  8.6281E+01  4.1604E+01  1.7079E+01  5.2151E+00
  1.1190E+04  1.0630E+04  9.6873E+03  8.4611E+03  7.0688E+03  5.6404E+03  4.3749E+03  2.3327E+03  5.9322E+02  4.5056E+02  2.6697E+02  1.5852E+02  8.9851E+01  4.4404E+01  1.8149E+01  5.4257E+00
  1.1982E+04  1.1380E+04  1.0366E+04  9.0442E+03  7.5425E+03  6.0309E+03  4.3514E+03  1.5315E+03  5.9837E+02  4.1808E+02  2.6281E+02  1.6113E+02  8.9323E+01  4.4605E+01  1.8939E+01  5.8250E+00
  1.2768E+04  1.2124E+04  1.1037E+04  9.6176E+03  7.9945E+03  6.4049E+03  3.5984E+03  8.8477E+02  6.9784E+02  3.9637E+02  2.5970E+02  1.6471E+02  9.3312E+01  4.6258E+01  1.9382E+01  5.9550E+00
  1.3538E+04  1.2852E+04  1.1691E+04  1.0168E+04  8.4501E+03  6.3446E+03  2.2948E+03  7.5803E+02  5.8594E+02  3.7326E+02  2.5409E+02  1.5863E+02  9.2367E+01  4.7886E+01  2.0587E+01  6.3384E+00
  1.4279E+04  1.3549E+04  1.2311E+04  1.0676E+04  8.8238E+03  5.1059E+03  1.3081E+03  1.0057E+03  4.8480E+02  3.6338E+02  2.5422E+02  1.6067E+02  9.2771E+01  4.7821E+01  2.0742E+01  6.5252E+00
  1.4978E+04  1.4203E+04  1.2881E+04  1.1150E+04  8.6761E+03  2.8698E+03  1.0250E+03  8.1516E+02  4.8612E+02  3.5544E+02  2.3557E+02  1.5689E+02  9.5277E+01  4.9936E+01  2.1578E+01  6.7589E+00
  1.5623E+04  1.4797E+04  1.3382E+04  1.1485E+04  6.7588E+03  2.0845E+03  1.3512E+03  5.2849E+02  4.3075E+02  3.1179E+02  2.2370E+02  1.5160E+02  9.2819E+01  4.9746E+01  2.1977E+01  7.0083E+00
  1.6203E+04  1.5317E+04  1.3801E+04  1.1083E+04  4.1121E+03  1.4352E+03  1.2395E+03  6.4681E+02  4.4895E+02  2.9558E+02  2.1761E+02  1.5190E+02  9.3844E+01  5.0260E+01  2.2281E+01  7.2028E+00
  1.6711E+04  1.5749E+04  1.4063E+04  8.2865E+03  3.1356E+03  1.7766E+03  8.2694E+02  5.8122E+02  4.0244E+02  2.6927E+02  2.0017E+02  1.4572E+02  9.2882E+01  5.0758E+01  2.2657E+01  7.3094E+00
  1.7144E+04  1.6084E+04  1.3245E+04  4.7317E+03  2.2753E+03  2.1987E+03  1.0667E+03  6.0793E+02  3.1772E+02  2.3606E+02  1.9042E+02  1.4042E+02  9.1756E+01  5.1462E+01  2.3543E+01  7.7514E+00
  1.7486E+04  1.6202E+04  9.2669E+03  5.1925E+03  3.0700E+03  1.5659E+03  1.2248E+03  7.5509E+02  3.7404E+02  2.3230E+02  1.7892E+02  1.3656E+02  8.9992E+01  5.0365E+01  2.2895E+01  7.4688E+00
  1.7661E+04  1.4824E+04  7.7333E+03  3.1751E+03  3.5369E+03  1.9621E+03  1.0798E+03  7.2501E+02  3.3997E+02  2.0134E+02  1.7322E+02  1.4005E+02  9.6285E+01  5.5136E+01  2.5321E+01  8.2511E+00
  1.7401E+04  1.0040E+04  6.9100E+03  4.6196E+03  2.9050E+03  2.6017E+03  1.6166E+03  7.0306E+02  3.2845E+02  1.9755E+02  1.5927E+02  1.2661E+02  8.7080E+01  5.0089E+01  2.3125E+01  7.5526E+00
  1.4727E+04  1.1761E+04  4.6415E+03  6.3838E+03  4.2360E+03  1.7613E+03  1.3681E+03  7.8193E+02  3.4269E+02  1.8279E+02  1.8284E+02  1.4830E+02  1.0087E+02  5.6922E+01  2.5771E+01  8.2329E+00
  5.5019E+03  8.5088E+03  1.0512E+04  3.9930E+03  4.2219E+03  3.0086E+03  1.6682E+03  7.6485E+02  3.8448E+02  2.2339E+02  1.5807E+02  1.2110E+02  8.3548E+01  4.8065E+01  2.2153E+01  7.1632E+00
  1.0257E+04  1.1255E+04  5.5492E+03  8.0358E+03  5.0150E+03  1.9829E+03  1.6485E+03  1.0030E+03  5.1423E+02  2.4943E+02  1.4948E+02  9.9376E+01  6.4401E+01  3.6216E+01  1.6569E+01  5.3176E+00
  2.0582E+04  1.4534E+04  7.2023E+03  8.4953E+03  5.3804E+03  2.2512E+03  1.5066E+03  7.9154E+02  3.3326E+02  2.3753E+02  2.3803E+02  1.9159E+02  1.2965E+02  7.3226E+01  3.3374E+01  1.0729E+01
  2.7454E+04  9.0808E+03  1.0026E+04  5.6311E+03  4.0898E+03  3.0390E+03  1.7586E+03  8.1342E+02  3.9546E+02  2.5337E+02  1.9774E+02  1.5395E+02  1.0406E+02  5.9002E+01  2.7016E+01  8.7016E+00
  2.9585E+04  1.0883E+04  7.1479E+03  6.1620E+03  4.5624E+03  1.9805E+03  1.2432E+03  8.1967E+02  4.5518E+02  2.4801E+02  1.8407E+02  1.3482E+02  8.9324E+01  5.0689E+01  2.3412E+01  7.6230E+00
  2.7005E+04  2.0217E+04  5.7438E+03  5.3105E+03  2.7733E+03  2.4567E+03  1.7019E+03  7.4596E+02  3.8564E+02  2.5207E+02  2.0032E+02  1.5353E+02  1.0149E+02  5.6612E+01  2.5603E+01  8.1886E+00
  2.4452E+04  2.3435E+04  7.9150E+03  4.1244E+03  3.1973E+03  2.0562E+03  1.0470E+03  7.1777E+02  3.8249E+02  2.5959E+02  2.0436E+02  1.4790E+02  9.4559E+01  5.1875E+01  2.3277E+01  7.4355E+00
  2.2513E+04  2.1909E+04  1.5776E+04  4.0872E+03  3.7080E+03  1.4785E+03  1.1919E+03  7.6903E+02  4.3586E+02  2.9652E+02  2.2010E+02  1.5945E+02  1.0199E+02  5.6101E+01  2.5156E+01  8.0306E+00
  2.0947E+04  2.0165E+04  1.8578E+04  6.5830E+03  2.7942E+03  2.0265E+03  1.2729E+03  7.9849E+02  4.0378E+02  3.0568E+02  2.3582E+02  1.6532E+02  1.0242E+02  5.4838E+01  2.4068E+01  7.5673E+00
  1.9604E+04  1.8788E+04  1.7621E+04  1.2591E+04  2.8077E+03  2.6271E+03  9.7835E+02  7.3302E+02  4.9785E+02  3.3732E+02  2.4343E+02  1.6851E+02  1.0310E+02  5.5118E+01  2.4325E+01  7.7309E+00
  1.8400E+04  1.7599E+04  1.6302E+04  1.4417E+04  5.4547E+03  1.9845E+03  1.3558E+03  8.8380E+02  6.5967E+02  3.8865E+02  2.5402E+02  1.6931E+02  1.0323E+02  5.4861E+01  2.3948E+01  7.5021E+00
  1.7281E+04  1.6511E+04  1.5220E+04  1.3705E+04  9.4231E+03  2.0595E+03  1.8186E+03  7.9654E+02  5.9080E+02  4.1349E+02  2.7606E+02  1.7702E+02  1.0433E+02  5.4168E+01  2.3332E+01  7.2861E+00
  1.6218E+04  1.5486E+04  1.4252E+04  1.2686E+04  1.0712E+04  3.9393E+03  1.4677E+03  9.1235E+02  6.3275E+02  4.7016E+02  2.9874E+02  1.7961E+02  1.0209E+02  5.2561E+01  2.2687E+01  7.0712E+00
  1.5194E+04  1.4503E+04  1.3337E+04  1.1810E+04  1.0221E+04  6.6429E+03  1.4998E+03  1.2690E+03  6.5801E+02  4.5518E+02  3.0430E+02  1.8554E+02  1.0472E+02  5.2871E+01  2.2292E+01  6.7868E+00
  1.4201E+04  1.3552E+04  1.2454E+04  1.1020E+04  9.4175E+03  7.6375E+03  2.8458E+03  1.0853E+03  6.6076E+02  4.4287E+02  3.0464E+02  1.9062E+02  1.0441E+02  5.0935E+01  2.1188E+01  6.4483E+00
  1.3235E+04  1.2627E+04  1.1598E+04  1.0247E+04  8.7133E+03  7.2669E+03  4.5189E+03  1.0444E+03  8.2905E+02  4.7810E+02  3.0169E+02  1.8294E+02  1.0206E+02  5.0499E+01  2.0993E+01  6.2783E+00
  1.2295E+04  1.1727E+04  1.0766E+04  9.5067E+03  8.0564E+03  6.6183E+03  5.1177E+03  1.8102E+03  7.8170E+02  4.7205E+02  2.9495E+02  1.8056E+02  1.0175E+02  4.9453E+01  1.9965E+01  5.8740E+00
  1.1383E+04  1.0854E+04  9.9592E+03  8.7849E+03  7.4471E+03  6.0554E+03  4.8703E+03  2.8328E+03  6.9772E+02  5.0142E+02  2.9986E+02  1.7550E+02  9.5545E+01  4.6624E+01  1.9204E+01  5.7271E+00
  1.0500E+04  1.0009E+04  9.1785E+03  8.0893E+03  6.8414E+03  5.5447E+03  4.3850E+03  3.2021E+03  1.0537E+03  5.0300E+02  2.9968E+02  1.7027E+02  9.2486E+01  4.5572E+01  1.8525E+01  5.3861E+00
  9.6480E+03  9.1940E+03  8.4258E+03  7.4191E+03  6.2702E+03  5.0799E+03  3.9585E+03  3.0405E+03  1.6247E+03  4.4741E+02  2.8799E+02  1.6788E+02  8.9077E+01  4.2207E+01  1.7066E+01  5.0894E+00
  8.8293E+03  8.4111E+03  7.7036E+03  6.7771E+03  5.7193E+03  4.6206E+03  3.5674E+03  2.7327E+03  1.8684E+03  5.5673E+02  2.8185E+02  1.6187E+02  8.4407E+01  4.0176E+01  1.6437E+01  4.8519E+00
  8.0464E+03  7.6627E+03  7.0139E+03  6.1650E+03  5.1973E+03  4.1983E+03  3.2393E+03  2.4317E+03  1.7714E+03  8.3544E+02  2.6811E+02  1.5321E+02  8.1348E+01  3.8143E+01  1.5027E+01  4.4057E+00
  7.3013E+03  6.9508E+03  6.3586E+03  5.5844E+03  4.7027E+03  3.7904E+03  2.9224E+03  2.1471E+03  1.5750E+03  1.0003E+03  2.7836E+02  1.4408E+02  7.6762E+01  3.5417E+01  1.4117E+01  4.1997E+00
  6.5961E+03  6.2774E+03  5.7393E+03  5.0366E+03  4.2373E+03  3.4132E+03  2.6250E+03  1.9319E+03  1.4003E+03  9.6491E+02  3.7364E+02  1.3689E+02  7.1111E+01  3.3576E+01  1.3212E+01  3.7736E+00
  5.9323E+03  5.6440E+03  5.1574E+03  4.5227E+03  3.8017E+03  3.0583E+03  2.3527E+03  1.7197E+03  1.2268E+03  8.4708E+02  4.7505E+02  1.3515E+02  6.6223E+01  3.1093E+01  1.2073E+01  3.5188E+00
  5.3110E+03  5.0514E+03  4.6136E+03  4.0432E+03  3.3959E+03  2.7299E+03  2.0956E+03  1.5346E+03  1.0740E+03  7.4309E+02  4.8494E+02  1.5364E+02  6.1335E+01  2.8429E+01  1.1315E+01  3.2311E+00
  4.7330E+03  4.5003E+03  4.1085E+03  3.5983E+03  3.0202E+03  2.4259E+03  1.8620E+03  1.3639E+03  9.4165E+02  6.5080E+02  4.2688E+02  1.9020E+02  5.7629E+01  2.6216E+01  1.0277E+01  2.9238E+00
  4.1983E+03  3.9909E+03  3.6419E+03  3.1880E+03  2.6742E+03  2.1467E+03  1.6461E+03  1.2018E+03  8.3703E+02  5.6315E+02  3.6391E+02  2.1087E+02  5.9892E+01  2.3700E+01  9.3074E+00  2.7201E+00
  3.7066E+03  3.5228E+03  3.2135E+03  2.8117E+03  2.3573E+03  1.8914E+03  1.4498E+03  1.0603E+03  7.3584E+02  4.8639E+02  3.1541E+02  1.9980E+02  6.6400E+01  2.1517E+01  8.4860E+00  2.4261E+00
  3.2573E+03  3.0951E+03  2.8225E+03  2.4685E+03  2.0687E+03  1.6592E+03  1.2713E+03  9.2784E+02  6.4356E+02  4.2066E+02  2.7025E+02  1.6684E+02  7.4372E+01  2.0752E+01  7.5072E+00  2.1999E+00
  2.8491E+03  2.7067E+03  2.4676E+03  2.1574E+03  1.8074E+03  1.4491E+03  1.1100E+03  8.1076E+02  5.6339E+02  3.6939E+02  2.3249E+02  1.3800E+02  7.8037E+01  2.0525E+01  6.7254E+00  1.9723E+00
  2.4803E+03  2.3561E+03  2.1474E+03  1.8770E+03  1.5720E+03  1.2601E+03  9.6512E+02  7.0447E+02  4.8784E+02  3.1914E+02  1.9899E+02  1.1817E+02  7.0005E+01  2.1926E+01  6.1272E+00  1.7200E+00
  2.1493E+03  2.0414E+03  1.8602E+03  1.6256E+03  1.3612E+03  1.0910E+03  8.3552E+02  6.0998E+02  4.2350E+02  2.7934E+02  1.7285E+02  1.0100E+02  5.7253E+01  2.3518E+01  5.5131E+00  1.5429E+00
  1.8538E+03  1.7605E+03  1.6041E+03  1.4015E+03  1.1734E+03  9.4041E+02  7.2021E+02  5.2578E+02  3.6440E+02  2.3792E+02  1.4505E+02  8.4675E+01  4.5539E+01  2.3022E+01  5.4556E+00  1.3455E+00
  1.5914E+03  1.5113E+03  1.3769E+03  1.2029E+03  1.0071E+03  8.0708E+02  6.1815E+02  4.5135E+02  3.1313E+02  2.0584E+02  1.2732E+02  7.4246E+01  3.8847E+01  2.1028E+01  5.4066E+00  1.1768E+00
  1.3600E+03  1.2914E+03  1.1765E+03  1.0278E+03  8.6044E+02  6.8963E+02  5.2827E+02  3.8579E+02  2.6757E+02  1.7501E+02  1.0679E+02  6.2271E+01  3.3123E+01  1.6696E+01  5.4606E+00  1.0799E+00
  1.1568E+03  1.0985E+03  1.0007E+03  8.7420E+02  7.3193E+02  5.8671E+02  4.4952E+02  3.2835E+02  2.2782E+02  1.4953E+02  9.3082E+01  5.3457E+01  2.8495E+01  1.3002E+01  5.4748E+00  9.3435E-01
  9.7951E+02  9.3012E+02  8.4733E+02  7.4028E+02  6.1987E+02  4.9697E+02  3.8086E+02  2.7828E+02  1.9311E+02  1.2653E+02  7.7148E+01  4.3386E+01  2.3696E+01  1.0784E+01  4.8137E+00  9.0542E-01
  8.2562E+02  7.8401E+02  7.1427E+02  6.2409E+02  5.2267E+02  4.1914E+02  3.2130E+02  2.3483E+02  1.6301E+02  1.0689E+02  6.6139E+01  3.7883E+01  2.0608E+01  9.5155E+00  4.1121E+00  8.4643E-01
  6.9277E+02  6.5789E+02  5.9941E+02  5.2381E+02  4.3878E+02  3.5196E+02  2.6989E+02  1.9732E+02  1.3702E+02  8.9839E+01  5.4907E+01  3.1074E+01  1.6791E+01  8.1371E+00  3.1144E+00  8.0018E-01
  5.7869E+02  5.4959E+02  5.0080E+02  4.3771E+02  3.6675E+02  2.9427E+02  2.2573E+02  1.6510E+02  1.1468E+02  7.5221E+01  4.6317E+01  2.6867E+01  1.4064E+01  6.9456E+00  2.4137E+00  7.8133E-01
  4.8125E+02  4.5708E+02  4.1656E+02  3.6416E+02  3.0521E+02  2.4498E+02  1.8799E+02  1.3755E+02  9.5569E+01  6.2697E+01  3.8552E+01  2.1897E+01  1.1153E+01  5.5302E+00  2.1086E+00  6.5192E-01
  3.9843E+02  3.7846E+02  3.4497E+02  3.0165E+02  2.5290E+02  2.0306E+02  1.5589E+02  1.1410E+02  7.9306E+01  5.2040E+01  3.1983E+01  1.8410E+01  9.5016E+00  4.7295E+00  1.8658E+00  5.7597E-01
  3.2842E+02  3.1199E+02  2.8443E+02  2.4878E+02  2.0864E+02  1.6759E+02  1.2871E+02  9.4248E+01  6.5529E+01  4.3010E+01  2.6409E+01  1.4791E+01  7.8080E+00  3.9390E+00  1.6289E+00  4.2486E-01
  2.6952E+02  2.5607E+02  2.3350E+02  2.0429E+02  1.7139E+02  1.3773E+02  1.0582E+02  7.7515E+01  5.3913E+01  3.5394E+01  2.1757E+01  1.2538E+01  6.5402E+00  3.1382E+00  1.3261E+00  3.2697E-01
  2.2022E+02  2.0925E+02  1.9085E+02  1.6703E+02  1.4018E+02  1.1270E+02  8.6624E+01  6.3480E+01  4.4166E+01  2.9001E+01  1.7832E+01  1.0133E+01  5.4998E+00  2.5347E+00  9.9922E-01  2.7384E-01
  1.7916E+02  1.7026E+02  1.5532E+02  1.3598E+02  1.1417E+02  9.1821E+01  7.0608E+01  5.1763E+01  3.6025E+01  2.3661E+01  1.4543E+01  8.2374E+00  4.2439E+00  1.9601E+00  8.5579E-01  2.4202E-01
  1.4512E+02  1.3793E+02  1.2586E+02  1.1022E+02  9.2580E+01  7.4490E+01  5.7305E+01  4.2027E+01  2.9258E+01  1.9220E+01  1.1814E+01  6.7610E+00  3.5465E+00  1.6794E+00  7.8344E-01  2.3618E-01
  1.1704E+02  1.1126E+02  1.0155E+02  8.8963E+01  7.4752E+01  6.0172E+01  4.6310E+01  3.3976E+01  2.3660E+01  1.5546E+01  9.5578E+00  5.4429E+00  2.7992E+00  1.3020E+00  6.2965E-01  1.9702E-01
  9.3993E+01  8.9362E+01  8.1583E+01  7.1495E+01  6.0098E+01  4.8397E+01  3.7263E+01  2.7349E+01  1.9051E+01  1.2519E+01  7.6969E+00  4.3427E+00  2.2418E+00  1.2891E+00  5.4373E-01  1.3189E-01
  7.5158E+01  7.1465E+01  6.5261E+01  5.7211E+01  4.8110E+01  3.8760E+01  2.9855E+01  2.1919E+01  1.5272E+01  1.0038E+01  6.1713E+00  3.5171E+00  1.8720E+00  8.0327E-01  3.8049E-01  9.5174E-02
  5.9840E+01  5.6908E+01  5.1981E+01  4.5585E+01  3.8349E+01  3.0908E+01  2.3816E+01  1.7492E+01  1.2191E+01  8.0133E+00  4.9268E+00  2.8185E+00  1.4326E+00  8.4638E-01  3.6372E-01  9.5360E-02
  4.7440E+01  4.5123E+01  4.1227E+01  3.6165E+01  3.0436E+01  2.4541E+01  1.8917E+01  1.3898E+01  9.6882E+00  6.3691E+00  3.9158E+00  2.2163E+00  1.1687E+00  5.2665E-01  2.3943E-01  9.7097E-02
  3.7449E+01  3.5625E+01  3.2557E+01  2.8570E+01  2.4053E+01  1.9402E+01  1.4961E+01  1.0995E+01  7.6660E+00  5.0402E+00  3.0988E+00  1.7569E+00  9.3024E-01  4.7176E-01  2.4967E-01  1.0094E-01
  2.9436E+01  2.8006E+01  2.5601E+01  2.2473E+01  1.8927E+01  1.5273E+01  1.1781E+01  8.6604E+00  6.0394E+00  3.9709E+00  2.4412E+00  1.3919E+00  6.9194E-01  3.3787E-01  1.7471E-01  6.3550E-02
  2.3039E+01  2.1923E+01  2.0045E+01  1.7601E+01  1.4829E+01  1.1970E+01  9.2370E+00  6.7919E+00  4.7371E+00  3.1149E+00  1.9151E+00  1.0878E+00  5.7564E-01  2.7115E-01  2.1723E-01  7.2879E-02
  1.7955E+01  1.7087E+01  1.5627E+01  1.3726E+01  1.1569E+01  9.3417E+00  7.2108E+00  5.3032E+00  3.6992E+00  2.4323E+00  1.4947E+00  8.4711E-01  4.5463E-01  2.2636E-01  1.2272E-01  6.7904E-02
  1.3933E+01  1.3262E+01  1.2131E+01  1.0659E+01  8.9862E+00  7.2587E+00  5.6046E+00  4.1228E+00  2.8765E+00  1.8920E+00  1.1634E+00  6.6165E-01  3.3657E-01  1.6369E-01  1.5921E-01  5.8791E-02
  1.0766E+01  1.0248E+01  9.3767E+00  8.2409E+00  6.9500E+00  5.6157E+00  4.3370E+00  3.1908E+00  2.2257E+00  1.4624E+00  8.9659E-01  5.0677E-01  2.7774E-01  1.6475E-01  9.1949E-02  4.1283E-02
  8.2829E+00  7.8859E+00  7.2167E+00  6.3442E+00  5.3521E+00  4.3258E+00  3.3420E+00  2.4601E+00  1.7179E+00  1.1309E+00  6.9605E-01  3.9669E-01  2.2468E-01  1.2360E-01  6.9888E-02  3.9859E-02
  6.3454E+00  6.0420E+00  5.5304E+00  4.8630E+00  4.1035E+00  3.3173E+00  2.5625E+00  1.8841E+00  1.3107E+00  8.5576E-01  5.2041E-01  2.9287E-01  1.4895E-01  7.1448E-02  6.1813E-02  3.7317E-02
  4.8403E+00  4.6094E+00  4.2199E+00  3.7117E+00  3.1335E+00  2.5354E+00  1.9623E+00  1.4482E+00  1.0144E+00  6.7108E-01  4.1729E-01  2.4080E-01  1.3595E-01  7.2372E-02  6.6532E-02  2.8321E-02
  3.6764E+00  3.5013E+00  3.2059E+00  2.8198E+00  2.3788E+00  1.9193E+00  1.4739E+00  1.0707E+00  7.3240E-01  4.7130E-01  2.8443E-01  1.5930E-01  9.6707E-02  6.2270E-02  2.9986E-02  4.0284E-02
  2.7804E+00  2.6486E+00  2.4272E+00  2.1399E+00  1.8148E+00  1.4794E+00  1.1577E+00  8.6825E-01  6.2250E-01  4.2326E-01  2.6812E-01  1.5469E-01  8.1387E-02  8.5265E-02  4.0874E-02  3.5429E-02
  2.0932E+00  1.9882E+00  1.8079E+00  1.5680E+00  1.2918E+00  1.0089E+00  7.4808E-01  5.2789E-01  3.5369E-01  2.2417E-01  1.3385E-01  7.4371E-02  3.9748E-02  7.0239E-02  5.9611E-02  3.3499E-02
  1.5757E+00  1.5339E+00  1.4584E+00  1.3495E+00  1.2088E+00  1.0407E+00  8.5405E-01  6.6142E-01  4.7777E-01  3.1849E-01  1.9538E-01  1.1046E-01  5.9745E-02  4.6127E-02  4.7883E-02  3.4477E-02
