# CREATED BY GENE DIAGNOSTICS TOOL on Sat May 17 17:59:53 2025 /home/unix/ottink/gene/diagnostics
# diag: vsp1, run(s): vim010vep001, time window: 108-108.06936(1 steps), species: e
# original data path: /Differ/Data/IMT/lottink/Tokamak_nTEM/vres_scan/v1/
# normalization: L_ref=1.65m
#
# vpar
 -3.0000E+00
 -2.9528E+00
 -2.9055E+00
 -2.8583E+00
 -2.8110E+00
 -2.7638E+00
 -2.7165E+00
 -2.6693E+00
 -2.6220E+00
 -2.5748E+00
 -2.5276E+00
 -2.4803E+00
 -2.4331E+00
 -2.3858E+00
 -2.3386E+00
 -2.2913E+00
 -2.2441E+00
 -2.1969E+00
 -2.1496E+00
 -2.1024E+00
 -2.0551E+00
 -2.0079E+00
 -1.9606E+00
 -1.9134E+00
 -1.8661E+00
 -1.8189E+00
 -1.7717E+00
 -1.7244E+00
 -1.6772E+00
 -1.6299E+00
 -1.5827E+00
 -1.5354E+00
 -1.4882E+00
 -1.4409E+00
 -1.3937E+00
 -1.3465E+00
 -1.2992E+00
 -1.2520E+00
 -1.2047E+00
 -1.1575E+00
 -1.1102E+00
 -1.0630E+00
 -1.0157E+00
 -9.6850E-01
 -9.2126E-01
 -8.7402E-01
 -8.2677E-01
 -7.7953E-01
 -7.3228E-01
 -6.8504E-01
 -6.3780E-01
 -5.9055E-01
 -5.4331E-01
 -4.9606E-01
 -4.4882E-01
 -4.0157E-01
 -3.5433E-01
 -3.0709E-01
 -2.5984E-01
 -2.1260E-01
 -1.6535E-01
 -1.1811E-01
 -7.0866E-02
 -2.3622E-02
  2.3622E-02
  7.0866E-02
  1.1811E-01
  1.6535E-01
  2.1260E-01
  2.5984E-01
  3.0709E-01
  3.5433E-01
  4.0157E-01
  4.4882E-01
  4.9606E-01
  5.4331E-01
  5.9055E-01
  6.3780E-01
  6.8504E-01
  7.3228E-01
  7.7953E-01
  8.2677E-01
  8.7402E-01
  9.2126E-01
  9.6850E-01
  1.0157E+00
  1.0630E+00
  1.1102E+00
  1.1575E+00
  1.2047E+00
  1.2520E+00
  1.2992E+00
  1.3465E+00
  1.3937E+00
  1.4409E+00
  1.4882E+00
  1.5354E+00
  1.5827E+00
  1.6299E+00
  1.6772E+00
  1.7244E+00
  1.7717E+00
  1.8189E+00
  1.8661E+00
  1.9134E+00
  1.9606E+00
  2.0079E+00
  2.0551E+00
  2.1024E+00
  2.1496E+00
  2.1969E+00
  2.2441E+00
  2.2913E+00
  2.3386E+00
  2.3858E+00
  2.4331E+00
  2.4803E+00
  2.5276E+00
  2.5748E+00
  2.6220E+00
  2.6693E+00
  2.7165E+00
  2.7638E+00
  2.8110E+00
  2.8583E+00
  2.9055E+00
  2.9528E+00
  3.0000E+00


# mu
  5.5286E-02
  2.9341E-01
  7.3088E-01
  1.3853E+00
  2.2877E+00
  3.4931E+00
  5.1107E+00
  7.4232E+00


# trapped boundary
#  mu         vpar      
  5.5286E-02 -1.3503E-01
  5.5286E-02  1.4677E-01
  2.9341E-01 -3.2290E-01
  2.9341E-01  3.3464E-01
  7.3088E-01 -5.1076E-01
  7.3088E-01  5.2251E-01
  1.3853E+00 -7.1037E-01
  1.3853E+00  7.2211E-01
  2.2877E+00 -9.2172E-01
  2.2877E+00  9.3346E-01
  3.4931E+00 -1.1331E+00
  3.4931E+00  1.1448E+00
  5.1107E+00 -1.3679E+00
  5.1107E+00  1.3796E+00
  7.4232E+00 -1.6614E+00
  7.4232E+00  1.6732E+00


# , time = 108.06936, var = <|f|^2>^(1/2) , z = 0
  5.6327E-03  5.0479E-03  3.9955E-03  2.6167E-03  1.3307E-03  5.1545E-04  1.6397E-04  1.4570E-04
  7.2575E-03  5.9164E-03  4.0141E-03  2.2216E-03  9.9140E-04  3.5557E-04  1.0315E-04  1.5864E-04
  9.5309E-03  7.8964E-03  5.6391E-03  3.4712E-03  1.7888E-03  7.1438E-04  2.0686E-04  7.9537E-05
  1.2436E-02  1.0283E-02  7.2461E-03  4.2647E-03  2.0278E-03  7.4912E-04  2.2400E-04  1.1647E-04
  1.6155E-02  1.3359E-02  9.4368E-03  5.6307E-03  2.7845E-03  1.0976E-03  3.7364E-04  1.2124E-04
  2.0897E-02  1.7275E-02  1.2194E-02  7.2447E-03  3.5182E-03  1.3328E-03  3.6293E-04  2.5850E-04
  2.6910E-02  2.2242E-02  1.5695E-02  9.3329E-03  4.5621E-03  1.7653E-03  4.7479E-04  2.8526E-04
  3.4501E-02  2.8510E-02  2.0112E-02  1.1952E-02  5.8292E-03  2.2290E-03  7.5028E-04  1.1963E-04
  4.4036E-02  3.6382E-02  2.5656E-02  1.5244E-02  7.4396E-03  2.8584E-03  9.5433E-04  1.0879E-04
  5.5958E-02  4.6224E-02  3.2586E-02  1.9353E-02  9.4424E-03  3.6192E-03  9.0399E-04  1.9195E-04
  7.0786E-02  5.8463E-02  4.1202E-02  2.4462E-02  1.1934E-02  4.5773E-03  1.3041E-03  4.2641E-04
  8.9143E-02  7.3615E-02  5.1864E-02  3.0782E-02  1.5014E-02  5.7562E-03  1.9808E-03  5.3916E-04
  1.1176E-01  9.2277E-02  6.4995E-02  3.8562E-02  1.8806E-02  7.2090E-03  2.1994E-03  5.9947E-04
  1.3948E-01  1.1515E-01  8.1089E-02  4.8095E-02  2.3451E-02  8.9876E-03  2.2510E-03  6.4997E-04
  1.7329E-01  1.4306E-01  1.0072E-01  5.9719E-02  2.9113E-02  1.1156E-02  3.1575E-03  6.1220E-04
  2.1433E-01  1.7692E-01  1.2454E-01  7.3826E-02  3.5982E-02  1.3785E-02  4.2431E-03  6.0436E-04
  2.6390E-01  2.1784E-01  1.5332E-01  9.0863E-02  4.4277E-02  1.6960E-02  4.9169E-03  5.5808E-04
  3.2349E-01  2.6701E-01  1.8791E-01  1.1134E-01  5.4245E-02  2.0778E-02  5.6487E-03  7.7187E-04
  3.9475E-01  3.2583E-01  2.2928E-01  1.3583E-01  6.6165E-02  2.5350E-02  6.7140E-03  1.2041E-03
  4.7956E-01  3.9583E-01  2.7852E-01  1.6498E-01  8.0355E-02  3.0759E-02  8.6617E-03  1.7561E-03
  5.8000E-01  4.7875E-01  3.3685E-01  1.9950E-01  9.7162E-02  3.7189E-02  1.0516E-02  2.1191E-03
  6.9835E-01  5.7645E-01  4.0560E-01  2.4021E-01  1.1697E-01  4.4839E-02  1.3015E-02  2.3056E-03
  8.3714E-01  6.9103E-01  4.8623E-01  2.8795E-01  1.4022E-01  5.3727E-02  1.4818E-02  2.6207E-03
  9.9907E-01  8.2475E-01  5.8033E-01  3.4367E-01  1.6735E-01  6.3917E-02  1.6869E-02  3.2805E-03
  1.1871E+00  9.8000E-01  6.8963E-01  4.0841E-01  1.9887E-01  7.6211E-02  1.9564E-02  4.2530E-03
  1.4043E+00  1.1594E+00  8.1593E-01  4.8322E-01  2.3532E-01  9.0491E-02  2.4021E-02  5.2058E-03
  1.6539E+00  1.3656E+00  9.6115E-01  5.6927E-01  2.7726E-01  1.0591E-01  3.2246E-02  5.7956E-03
  1.9394E+00  1.6015E+00  1.1273E+00  6.6775E-01  3.2526E-01  1.2403E-01  4.1183E-02  5.6928E-03
  2.2642E+00  1.8699E+00  1.3164E+00  7.7991E-01  3.7998E-01  1.4664E-01  4.6320E-02  4.8975E-03
  2.6319E+00  2.1738E+00  1.5306E+00  9.0697E-01  4.4195E-01  1.7103E-01  4.8139E-02  3.8514E-03
  3.0460E+00  2.5161E+00  1.7720E+00  1.0502E+00  5.1200E-01  1.9419E-01  5.4654E-02  3.2985E-03
  3.5100E+00  2.8998E+00  2.0426E+00  1.2109E+00  5.9034E-01  2.2195E-01  6.9278E-02  3.6880E-03
  4.0271E+00  3.3275E+00  2.3444E+00  1.3902E+00  6.7839E-01  2.6261E-01  8.5022E-02  4.5025E-03
  4.6006E+00  3.8019E+00  2.6792E+00  1.5893E+00  7.7532E-01  3.1529E-01  9.0409E-02  5.4834E-03
  5.2329E+00  4.3251E+00  3.0488E+00  1.8092E+00  8.8387E-01  3.6061E-01  7.9334E-02  6.4116E-03
  5.9265E+00  4.8992E+00  3.4545E+00  2.0508E+00  1.0019E+00  3.8458E-01  6.2596E-02  7.2816E-03
  6.6832E+00  5.5258E+00  3.8975E+00  2.3150E+00  1.1325E+00  4.1920E-01  6.0040E-02  8.2742E-03
  7.5041E+00  6.2058E+00  4.3787E+00  2.6019E+00  1.2710E+00  5.0941E-01  7.2284E-02  9.4083E-03
  8.3898E+00  6.9396E+00  4.8983E+00  2.9130E+00  1.4258E+00  6.0458E-01  8.5851E-02  1.0921E-02
  9.3397E+00  7.7272E+00  5.4564E+00  3.2460E+00  1.5981E+00  5.8101E-01  9.8054E-02  1.2900E-02
  1.0353E+01  8.5673E+00  6.0525E+00  3.6048E+00  1.7645E+00  4.6832E-01  1.1014E-01  1.5208E-02
  1.1426E+01  9.4583E+00  6.6852E+00  3.9835E+00  1.9183E+00  4.9584E-01  1.2358E-01  1.7888E-02
  1.2557E+01  1.0397E+01  7.3531E+00  4.3886E+00  2.1580E+00  6.0102E-01  1.4113E-01  2.0715E-02
  1.3741E+01  1.1381E+01  8.0534E+00  4.8057E+00  2.4260E+00  6.8866E-01  1.6313E-01  2.3662E-02
  1.4971E+01  1.2404E+01  8.7840E+00  5.2326E+00  2.3284E+00  7.6160E-01  1.8871E-01  2.7047E-02
  1.6242E+01  1.3462E+01  9.5387E+00  5.6659E+00  2.1702E+00  8.4399E-01  2.1740E-01  3.0668E-02
  1.7544E+01  1.4547E+01  1.0319E+01  6.1582E+00  2.7866E+00  9.5409E-01  2.4693E-01  3.5092E-02
  1.8869E+01  1.5653E+01  1.1111E+01  6.6884E+00  3.1353E+00  1.0859E+00  2.7768E-01  3.9941E-02
  2.0206E+01  1.6770E+01  1.1917E+01  6.8475E+00  3.3165E+00  1.2325E+00  3.1293E-01  4.5236E-02
  2.1543E+01  1.7890E+01  1.2720E+01  6.6556E+00  3.7407E+00  1.3815E+00  3.5162E-01  5.0860E-02
  2.2869E+01  1.9002E+01  1.3553E+01  8.2958E+00  4.1323E+00  1.5325E+00  3.9624E-01  5.6260E-02
  2.4169E+01  2.0097E+01  1.4365E+01  9.9032E+00  4.6015E+00  1.6962E+00  4.4358E-01  6.1895E-02
  2.5429E+01  2.1160E+01  1.4671E+01  9.8265E+00  5.0898E+00  1.8866E+00  4.8975E-01  6.7309E-02
  2.6635E+01  2.2187E+01  1.4630E+01  1.0726E+01  5.4773E+00  2.0932E+00  5.3619E-01  7.2948E-02
  2.7772E+01  2.3190E+01  1.7858E+01  1.2155E+01  6.0188E+00  2.2926E+00  5.7926E-01  7.8720E-02
  2.8822E+01  2.4108E+01  2.0877E+01  1.2678E+01  6.5520E+00  2.4822E+00  6.2282E-01  8.4441E-02
  2.9770E+01  2.4311E+01  2.0239E+01  1.3724E+01  7.0771E+00  2.6498E+00  6.6604E-01  8.9915E-02
  3.0592E+01  2.4245E+01  2.1774E+01  1.4496E+01  7.5507E+00  2.8123E+00  7.0722E-01  9.5079E-02
  3.1272E+01  2.9352E+01  2.4256E+01  1.5238E+01  7.8989E+00  2.9680E+00  7.4301E-01  9.8942E-02
  3.1728E+01  3.2801E+01  2.3827E+01  1.6202E+01  8.2612E+00  3.1053E+00  7.7549E-01  1.0300E-01
  3.1463E+01  3.0819E+01  2.5353E+01  1.6455E+01  8.5256E+00  3.2004E+00  7.9450E-01  1.0510E-01
  3.3010E+01  3.3522E+01  2.5858E+01  1.7093E+01  8.7664E+00  3.2845E+00  8.1675E-01  1.0809E-01
  4.0959E+01  3.4256E+01  2.5692E+01  1.6974E+01  8.7936E+00  3.3120E+00  8.2416E-01  1.0906E-01
  3.7817E+01  3.2598E+01  2.6737E+01  1.7166E+01  8.8317E+00  3.3184E+00  8.2488E-01  1.0876E-01
  3.6644E+01  3.2426E+01  2.6777E+01  1.7368E+01  9.0158E+00  3.4192E+00  8.6005E-01  1.1499E-01
  3.8498E+01  3.3792E+01  2.5581E+01  1.7093E+01  8.9233E+00  3.3803E+00  8.4760E-01  1.1299E-01
  2.9292E+01  3.2919E+01  2.5721E+01  1.7057E+01  8.7727E+00  3.3034E+00  8.2851E-01  1.1060E-01
  2.7626E+01  2.9979E+01  2.5128E+01  1.6450E+01  8.5432E+00  3.2308E+00  8.1114E-01  1.0862E-01
  2.8926E+01  3.1911E+01  2.3560E+01  1.6209E+01  8.2871E+00  3.1094E+00  7.7823E-01  1.0426E-01
  2.9084E+01  2.8309E+01  2.4001E+01  1.5209E+01  7.9376E+00  2.9853E+00  7.4777E-01  1.0053E-01
  2.8784E+01  2.2452E+01  2.1535E+01  1.4491E+01  7.5578E+00  2.8420E+00  7.1121E-01  9.5440E-02
  2.8242E+01  2.2505E+01  1.9966E+01  1.3711E+01  7.0726E+00  2.6768E+00  6.7262E-01  9.0687E-02
  2.7516E+01  2.2713E+01  2.0663E+01  1.2631E+01  6.5559E+00  2.4881E+00  6.3058E-01  8.5483E-02
  2.6646E+01  2.2082E+01  1.7598E+01  1.2142E+01  6.0486E+00  2.2946E+00  5.8487E-01  7.9989E-02
  2.5666E+01  2.1268E+01  1.4003E+01  1.0721E+01  5.5132E+00  2.0944E+00  5.3604E-01  7.4207E-02
  2.4599E+01  2.0394E+01  1.3979E+01  9.8156E+00  5.1023E+00  1.9003E+00  4.8914E-01  6.8146E-02
  2.3464E+01  1.9461E+01  1.3819E+01  9.9212E+00  4.6135E+00  1.7194E+00  4.4221E-01  6.1882E-02
  2.2280E+01  1.8481E+01  1.3143E+01  8.2954E+00  4.1696E+00  1.5431E+00  3.9886E-01  5.6026E-02
  2.1061E+01  1.7471E+01  1.2407E+01  6.5354E+00  3.7751E+00  1.3852E+00  3.5776E-01  5.0252E-02
  1.9821E+01  1.6442E+01  1.1683E+01  6.6861E+00  3.3345E+00  1.2401E+00  3.1749E-01  4.5170E-02
  1.8573E+01  1.5406E+01  1.0945E+01  6.5786E+00  3.1628E+00  1.0999E+00  2.8121E-01  4.0347E-02
  1.7329E+01  1.4373E+01  1.0208E+01  6.1003E+00  2.8222E+00  9.7156E-01  2.4727E-01  3.5795E-02
  1.6100E+01  1.3352E+01  9.4799E+00  5.6445E+00  2.1844E+00  8.5643E-01  2.1761E-01  3.1601E-02
  1.4894E+01  1.2351E+01  8.7656E+00  5.2387E+00  2.3174E+00  7.6581E-01  1.9175E-01  2.7430E-02
  1.3720E+01  1.1376E+01  8.0713E+00  4.8351E+00  2.4272E+00  6.9631E-01  1.6755E-01  2.3820E-02
  1.2586E+01  1.0434E+01  7.4005E+00  4.4346E+00  2.1807E+00  6.1720E-01  1.4563E-01  2.0543E-02
  1.1497E+01  9.5303E+00  6.7570E+00  4.0418E+00  1.9513E+00  5.1156E-01  1.2622E-01  1.7811E-02
  1.0458E+01  8.6680E+00  6.1436E+00  3.6756E+00  1.7984E+00  4.7844E-01  1.1015E-01  1.5565E-02
  9.4728E+00  7.8507E+00  5.5625E+00  3.3227E+00  1.6351E+00  5.8600E-01  9.8412E-02  1.3512E-02
  8.5448E+00  7.0808E+00  5.0155E+00  2.9958E+00  1.4682E+00  6.1105E-01  8.8141E-02  1.1700E-02
  7.6755E+00  6.3597E+00  4.5033E+00  2.6872E+00  1.3151E+00  5.1762E-01  7.5903E-02  9.9636E-03
  6.8658E+00  5.6882E+00  4.0267E+00  2.4018E+00  1.1766E+00  4.3310E-01  6.4164E-02  8.3857E-03
  6.1161E+00  5.0665E+00  3.5854E+00  2.1371E+00  1.0460E+00  4.0083E-01  6.5134E-02  7.1698E-03
  5.4256E+00  4.4939E+00  3.1792E+00  1.8940E+00  9.2598E-01  3.7340E-01  8.0797E-02  6.2151E-03
  4.7931E+00  3.9694E+00  2.8073E+00  1.6714E+00  8.1599E-01  3.2545E-01  9.0863E-02  5.5368E-03
  4.2167E+00  3.4916E+00  2.4686E+00  1.4689E+00  7.1688E-01  2.7396E-01  8.5160E-02  4.9170E-03
  3.6943E+00  3.0586E+00  2.1617E+00  1.2855E+00  6.2661E-01  2.3476E-01  6.9416E-02  4.2026E-03
  3.2232E+00  2.6681E+00  1.8851E+00  1.1203E+00  5.4567E-01  2.0574E-01  5.6176E-02  3.7494E-03
  2.8005E+00  2.3178E+00  1.6370E+00  9.7228E-01  4.7307E-01  1.8058E-01  5.1055E-02  4.0383E-03
  2.4233E+00  2.0052E+00  1.4157E+00  8.4025E-01  4.0846E-01  1.5613E-01  4.8720E-02  4.9459E-03
  2.0881E+00  1.7275E+00  1.2191E+00  7.2310E-01  3.5115E-01  1.3318E-01  4.2469E-02  5.6402E-03
  1.7920E+00  1.4822E+00  1.0455E+00  6.1966E-01  3.0060E-01  1.1332E-01  3.2866E-02  5.6537E-03
  1.5314E+00  1.2664E+00  8.9282E-01  5.2876E-01  2.5623E-01  9.6951E-02  2.5041E-02  4.9424E-03
  1.3034E+00  1.0775E+00  7.5926E-01  4.4928E-01  2.1747E-01  8.2346E-02  2.0983E-02  4.0340E-03
  1.1047E+00  9.1299E-01  6.4297E-01  3.8013E-01  1.8377E-01  6.9361E-02  1.8083E-02  3.2901E-03
  9.3247E-01  7.7038E-01  5.4219E-01  3.2024E-01  1.5462E-01  5.8203E-02  1.5495E-02  2.8396E-03
  7.8380E-01  6.4732E-01  4.5528E-01  2.6863E-01  1.2953E-01  4.8738E-02  1.3525E-02  2.5720E-03
  6.5612E-01  5.4166E-01  3.8068E-01  2.2436E-01  1.0803E-01  4.0618E-02  1.1305E-02  2.2175E-03
  5.4694E-01  4.5132E-01  3.1693E-01  1.8658E-01  8.9703E-02  3.3661E-02  9.1099E-03  1.6844E-03
  4.5402E-01  3.7447E-01  2.6273E-01  1.5447E-01  7.4152E-02  2.7778E-02  7.2373E-03  1.1121E-03
  3.7531E-01  3.0938E-01  2.1686E-01  1.2733E-01  6.1022E-02  2.2830E-02  6.0352E-03  7.3434E-04
  3.0893E-01  2.5451E-01  1.7822E-01  1.0449E-01  4.9989E-02  1.8678E-02  5.0543E-03  7.1927E-04
  2.5321E-01  2.0848E-01  1.4582E-01  8.5360E-02  4.0765E-02  1.5207E-02  4.2701E-03  7.4217E-04
  2.0663E-01  1.7002E-01  1.1878E-01  6.9420E-02  3.3089E-02  1.2326E-02  3.3862E-03  6.9600E-04
  1.6790E-01  1.3804E-01  9.6318E-02  5.6196E-02  2.6735E-02  9.9454E-03  2.6274E-03  6.6046E-04
  1.3583E-01  1.1159E-01  7.7752E-02  4.5281E-02  2.1500E-02  7.9871E-03  2.1478E-03  5.4060E-04
  1.0939E-01  8.9793E-02  6.2475E-02  3.6315E-02  1.7209E-02  6.3845E-03  1.7851E-03  4.2566E-04
  8.7703E-02  7.1926E-02  4.9967E-02  2.8987E-02  1.3708E-02  5.0815E-03  1.4301E-03  3.4592E-04
  6.9995E-02  5.7349E-02  3.9776E-02  2.3028E-02  1.0867E-02  4.0208E-03  1.1053E-03  2.0995E-04
  5.5600E-02  4.5508E-02  3.1511E-02  1.8205E-02  8.5756E-03  3.1771E-03  8.8303E-04  1.6685E-04
  4.3958E-02  3.5942E-02  2.4844E-02  1.4322E-02  6.7288E-03  2.4778E-03  6.8658E-04  1.7679E-04
  3.4587E-02  2.8248E-02  1.9491E-02  1.1215E-02  5.2705E-03  1.9608E-03  5.6948E-04  1.9279E-04
  2.7080E-02  2.2092E-02  1.5215E-02  8.7286E-03  4.0673E-03  1.4775E-03  4.1521E-04  1.6796E-04
  2.1098E-02  1.7192E-02  1.1824E-02  6.7944E-03  3.2113E-03  1.2143E-03  3.5764E-04  1.1281E-04
  1.6355E-02  1.3309E-02  9.1170E-03  5.1565E-03  2.3288E-03  8.2433E-04  2.2950E-04  5.6839E-05
  1.2615E-02  1.0273E-02  7.1020E-03  4.1558E-03  2.0261E-03  7.8576E-04  2.4043E-04  8.1718E-05
  9.6702E-03  7.7466E-03  5.0546E-03  2.6217E-03  1.1021E-03  3.8682E-04  1.0969E-04  3.6996E-05
  7.4514E-03  6.3612E-03  4.7189E-03  2.9442E-03  1.4719E-03  5.6875E-04  1.7526E-04  6.2507E-05
