# CREATED BY GENE DIAGNOSTICS TOOL on Sat May 17 18:21:31 2025 /home/unix/ottink/gene/diagnostics
# diag: vsp1, run(s): vim010vep001, time window: 264.18-264.18482(1 steps), species: i
# original data path: /Differ/Data/IMT/lottink/RFP_nTEM/vres_scan/v1/
# normalization: L_ref=1.5m
#
# vpar
 -3.0000E+00
 -2.9048E+00
 -2.8095E+00
 -2.7143E+00
 -2.6190E+00
 -2.5238E+00
 -2.4286E+00
 -2.3333E+00
 -2.2381E+00
 -2.1429E+00
 -2.0476E+00
 -1.9524E+00
 -1.8571E+00
 -1.7619E+00
 -1.6667E+00
 -1.5714E+00
 -1.4762E+00
 -1.3810E+00
 -1.2857E+00
 -1.1905E+00
 -1.0952E+00
 -1.0000E+00
 -9.0476E-01
 -8.0952E-01
 -7.1429E-01
 -6.1905E-01
 -5.2381E-01
 -4.2857E-01
 -3.3333E-01
 -2.3810E-01
 -1.4286E-01
 -4.7619E-02
  4.7619E-02
  1.4286E-01
  2.3810E-01
  3.3333E-01
  4.2857E-01
  5.2381E-01
  6.1905E-01
  7.1429E-01
  8.0952E-01
  9.0476E-01
  1.0000E+00
  1.0952E+00
  1.1905E+00
  1.2857E+00
  1.3810E+00
  1.4762E+00
  1.5714E+00
  1.6667E+00
  1.7619E+00
  1.8571E+00
  1.9524E+00
  2.0476E+00
  2.1429E+00
  2.2381E+00
  2.3333E+00
  2.4286E+00
  2.5238E+00
  2.6190E+00
  2.7143E+00
  2.8095E+00
  2.9048E+00
  3.0000E+00


# mu
  1.8108E-02
  9.5589E-02
  2.3573E-01
  4.3989E-01
  7.1007E-01
  1.0491E+00
  1.4607E+00
  1.9499E+00
  2.5234E+00
  3.1901E+00
  3.9625E+00
  4.8582E+00
  5.9041E+00
  7.1447E+00
  8.6646E+00
  1.0681E+01


# trapped boundary
#  mu         vpar      
  1.8108E-02 -7.6321E-02
  1.8108E-02  8.8062E-02
  9.5589E-02 -1.8200E-01
  9.5589E-02  1.9374E-01
  2.3573E-01 -2.8767E-01
  2.3573E-01  2.9941E-01
  4.3989E-01 -4.0509E-01
  4.3989E-01  4.1683E-01
  7.1007E-01 -5.1076E-01
  7.1007E-01  5.2250E-01
  1.0491E+00 -6.1644E-01
  1.0491E+00  6.2818E-01
  1.4607E+00 -7.3386E-01
  1.4607E+00  7.4560E-01
  1.9499E+00 -8.5127E-01
  1.9499E+00  8.6301E-01
  2.5234E+00 -9.6869E-01
  2.5234E+00  9.8043E-01
  3.1901E+00 -1.0861E+00
  3.1901E+00  1.0978E+00
  3.9625E+00 -1.2153E+00
  3.9625E+00  1.2270E+00
  4.8582E+00 -1.3444E+00
  4.8582E+00  1.3562E+00
  5.9041E+00 -1.4736E+00
  5.9041E+00  1.4853E+00
  7.1447E+00 -1.6262E+00
  7.1447E+00  1.6380E+00
  8.6646E+00 -1.7906E+00
  8.6646E+00  1.8023E+00
  1.0681E+01 -1.9902E+00
  1.0681E+01  2.0020E+00


# , time = 264.18482, var = <|f|^2>^(1/2) , z = 0
  1.2080E-02  1.1594E-02  1.0637E-02  9.3742E-03  7.9535E-03  6.4895E-03  5.0765E-03  3.8110E-03  2.7337E-03  1.8453E-03  1.1663E-03  6.7933E-04  3.5691E-04  1.6480E-04  6.2566E-05  2.5931E-05
  2.0538E-02  1.9699E-02  1.8032E-02  1.5815E-02  1.3306E-02  1.0723E-02  8.2576E-03  6.1004E-03  4.3111E-03  2.8813E-03  1.8146E-03  1.0601E-03  5.6162E-04  2.6454E-04  1.0418E-04  3.6314E-05
  3.4138E-02  3.2762E-02  3.0038E-02  2.6420E-02  2.2326E-02  1.8096E-02  1.4025E-02  1.0414E-02  7.3825E-03  4.9315E-03  3.0964E-03  1.8016E-03  9.5067E-04  4.4220E-04  1.6962E-04  6.6334E-05
  5.5778E-02  5.3543E-02  4.9122E-02  4.3241E-02  3.6574E-02  2.9677E-02  2.3034E-02  1.7131E-02  1.2164E-02  8.1367E-03  5.1124E-03  2.9769E-03  1.5741E-03  7.4044E-04  2.8862E-04  1.0596E-04
  8.9521E-02  8.5955E-02  7.8916E-02  6.9533E-02  5.8875E-02  4.7825E-02  3.7169E-02  2.7679E-02  1.9682E-02  1.3185E-02  8.2916E-03  4.8269E-03  2.5512E-03  1.1908E-03  4.6311E-04  1.5921E-04
  1.4113E-01  1.3554E-01  1.2453E-01  1.0983E-01  9.3092E-02  7.5704E-02  5.8908E-02  4.3909E-02  3.1252E-02  2.0958E-02  1.3197E-02  7.6925E-03  4.0656E-03  1.9126E-03  7.4306E-04  2.3120E-04
  2.1856E-01  2.0995E-01  1.9303E-01  1.7040E-01  1.4458E-01  1.1770E-01  9.1702E-02  6.8418E-02  4.8738E-02  3.2713E-02  2.0616E-02  1.2027E-02  6.3680E-03  2.9804E-03  1.1643E-03  3.3942E-04
  3.3247E-01  3.1943E-01  2.9389E-01  2.5967E-01  2.2056E-01  1.7975E-01  1.4021E-01  1.0471E-01  7.4651E-02  5.0148E-02  3.1628E-02  1.8469E-02  9.7781E-03  4.5998E-03  1.7864E-03  5.0822E-04
  4.9677E-01  4.7738E-01  4.3949E-01  3.8868E-01  3.3047E-01  2.6961E-01  2.1055E-01  1.5738E-01  1.1230E-01  7.5501E-02  4.7652E-02  2.7846E-02  1.4762E-02  6.9429E-03  2.7000E-03  7.7109E-04
  7.2911E-01  7.0075E-01  6.4556E-01  5.7143E-01  4.8633E-01  3.9718E-01  3.1054E-01  2.3233E-01  1.6591E-01  1.1164E-01  7.0512E-02  4.1226E-02  2.1886E-02  1.0270E-02  4.0002E-03  1.1303E-03
  1.0511E+00  1.0104E+00  9.3137E-01  8.2514E-01  7.0294E-01  5.7466E-01  4.4982E-01  3.3683E-01  2.4074E-01  1.6211E-01  1.0245E-01  5.9967E-02  3.1845E-02  1.4934E-02  5.7930E-03  1.6442E-03
  1.4884E+00  1.4309E+00  1.3198E+00  1.1702E+00  9.9786E-01  8.1657E-01  6.3989E-01  4.7956E-01  3.4299E-01  2.3114E-01  1.4622E-01  8.5629E-02  4.5475E-02  2.1298E-02  8.3122E-03  2.5948E-03
  2.0702E+00  1.9903E+00  1.8368E+00  1.6300E+00  1.3912E+00  1.1395E+00  8.9391E-01  6.7051E-01  4.8000E-01  3.2371E-01  2.0485E-01  1.2013E-01  6.3643E-02  2.9874E-02  1.1662E-02  4.3093E-03
  2.8282E+00  2.7192E+00  2.5108E+00  2.2297E+00  1.9047E+00  1.5616E+00  1.2263E+00  9.2056E-01  6.5933E-01  4.4500E-01  2.8206E-01  1.6515E-01  8.7681E-02  4.1350E-02  1.5297E-02  6.7788E-03
  3.7948E+00  3.6486E+00  3.3706E+00  2.9954E+00  2.5608E+00  2.1013E+00  1.6518E+00  1.2410E+00  8.8991E-01  6.0124E-01  3.8082E-01  2.2311E-01  1.1944E-01  5.3515E-02  1.8844E-02  9.9621E-03
  5.0007E+00  4.8079E+00  4.4435E+00  3.9516E+00  3.3808E+00  2.7765E+00  2.1847E+00  1.6426E+00  1.1783E+00  7.9645E-01  5.0482E-01  2.9838E-01  1.5572E-01  5.9467E-02  2.3041E-02  1.4177E-02
  6.4719E+00  6.2220E+00  5.7525E+00  5.1187E+00  4.3824E+00  3.6019E+00  2.8368E+00  2.1347E+00  1.5332E+00  1.0367E+00  6.6075E-01  3.8835E-01  1.7531E-01  6.0458E-02  2.8949E-02  1.9619E-02
  8.2251E+00  7.9066E+00  7.3123E+00  6.5101E+00  5.5772E+00  4.5872E+00  3.6159E+00  2.7230E+00  1.9561E+00  1.3274E+00  8.5047E-01  4.5137E-01  1.6919E-01  6.4792E-02  3.6534E-02  2.6032E-02
  1.0264E+01  9.8649E+00  9.1257E+00  8.1283E+00  6.9673E+00  5.7343E+00  4.5240E+00  3.4090E+00  2.4532E+00  1.6783E+00  1.0122E+00  4.2905E-01  2.1400E-01  6.7210E-02  4.3186E-02  3.2801E-02
  1.2574E+01  1.2083E+01  1.1179E+01  9.9610E+00  8.5421E+00  7.0345E+00  5.5528E+00  4.1888E+00  3.0392E+00  2.0163E+00  9.8148E-01  5.4648E-01  2.8650E-01  7.6475E-02  4.5272E-02  3.8450E-02
  1.5119E+01  1.4524E+01  1.3439E+01  1.1978E+01  1.0275E+01  8.4646E+00  6.6877E+00  5.0728E+00  3.6315E+00  2.0177E+00  1.1246E+00  8.8127E-01  3.6956E-01  1.1118E-01  3.8040E-02  4.0509E-02
  1.7836E+01  1.7128E+01  1.5849E+01  1.4127E+01  1.2120E+01  9.9885E+00  7.9224E+00  5.9922E+00  3.7720E+00  2.0424E+00  2.0164E+00  1.1968E+00  5.6679E-01  1.9389E-01  3.2040E-02  3.5602E-02
  2.0633E+01  1.9805E+01  1.8323E+01  1.6332E+01  1.4013E+01  1.1574E+01  9.1892E+00  6.3656E+00  3.4727E+00  3.7727E+00  2.9067E+00  1.7299E+00  9.0327E-01  3.5862E-01  8.3114E-02  1.9823E-02
  2.3386E+01  2.2435E+01  2.0751E+01  1.8493E+01  1.5885E+01  1.3136E+01  9.8199E+00  5.6028E+00  5.9370E+00  5.7509E+00  4.0368E+00  2.6299E+00  1.4086E+00  6.2645E-01  1.9171E-01  1.3281E-02
  2.5941E+01  2.4868E+01  2.2992E+01  2.0494E+01  1.7611E+01  1.3933E+01  8.5461E+00  8.3285E+00  9.7030E+00  7.8245E+00  5.9377E+00  3.8117E+00  2.1520E+00  1.0078E+00  3.5574E-01  6.1866E-02
  2.8104E+01  2.6916E+01  2.4870E+01  2.2145E+01  1.8374E+01  1.2047E+01  1.0694E+01  1.4421E+01  1.3184E+01  1.1209E+01  8.2662E+00  5.4083E+00  3.1119E+00  1.5148E+00  5.7550E-01  1.3021E-01
  2.9623E+01  2.8325E+01  2.6091E+01  2.2520E+01  1.5672E+01  1.2787E+01  1.9205E+01  1.9671E+01  1.8379E+01  1.5174E+01  1.1099E+01  7.3605E+00  4.2760E+00  2.1283E+00  8.4363E-01  2.1517E-01
  3.0101E+01  2.8622E+01  2.5521E+01  1.8588E+01  1.4422E+01  2.3471E+01  2.6538E+01  2.6774E+01  2.4283E+01  1.9470E+01  1.4414E+01  9.5007E+00  5.5760E+00  2.8090E+00  1.1409E+00  3.1046E-01
  2.8586E+01  2.6107E+01  1.9479E+01  1.5360E+01  2.6972E+01  3.2954E+01  3.5420E+01  3.4557E+01  2.9866E+01  2.4210E+01  1.7650E+01  1.1701E+01  6.8730E+00  3.4906E+00  1.4386E+00  4.0635E-01
  2.1474E+01  1.6111E+01  1.6068E+01  3.0157E+01  3.8358E+01  4.3042E+01  4.4238E+01  4.0715E+01  3.5507E+01  2.8177E+01  2.0626E+01  1.3614E+01  8.0311E+00  4.0904E+00  1.7006E+00  4.9107E-01
  1.3245E+01  2.1282E+01  3.4325E+01  4.2282E+01  4.7902E+01  5.0790E+01  4.9381E+01  4.5894E+01  3.9131E+01  3.1222E+01  2.2700E+01  1.5046E+01  8.8632E+00  4.5312E+00  1.8921E+00  5.5301E-01
  2.4648E+01  3.0708E+01  3.8603E+01  4.5120E+01  4.9977E+01  5.2003E+01  5.1686E+01  4.7261E+01  4.0848E+01  3.2399E+01  2.3700E+01  1.5691E+01  9.2682E+00  4.7400E+00  1.9843E+00  5.8304E-01
  5.1423E+01  4.1653E+01  3.3260E+01  3.6903E+01  4.3959E+01  4.8072E+01  4.9176E+01  4.5655E+01  3.9843E+01  3.1786E+01  2.3337E+01  1.5488E+01  9.1624E+00  4.6902E+00  1.9640E+00  5.7672E-01
  6.3709E+01  5.4907E+01  3.8785E+01  3.1958E+01  3.6448E+01  4.1923E+01  4.3200E+01  4.1780E+01  3.6480E+01  2.9559E+01  2.1703E+01  1.4484E+01  8.5674E+00  4.3909E+00  1.8348E+00  5.3511E-01
  5.5014E+01  5.0890E+01  3.9229E+01  2.9433E+01  2.9522E+01  3.4023E+01  3.7042E+01  3.5549E+01  3.2007E+01  2.5925E+01  1.9247E+01  1.2821E+01  7.6097E+00  3.8883E+00  1.6173E+00  4.6483E-01
  4.7038E+01  4.5025E+01  3.9117E+01  2.7865E+01  2.4336E+01  2.6517E+01  2.9313E+01  2.9703E+01  2.6384E+01  2.1866E+01  1.6176E+01  1.0835E+01  6.4040E+00  3.2623E+00  1.3432E+00  3.7601E-01
  4.0752E+01  3.9242E+01  3.6308E+01  2.9548E+01  2.0025E+01  2.0820E+01  2.2349E+01  2.3047E+01  2.1384E+01  1.7439E+01  1.3087E+01  8.7001E+00  5.1335E+00  2.5901E+00  1.0482E+00  2.8061E-01
  3.5276E+01  3.3956E+01  3.1700E+01  2.8199E+01  2.1276E+01  1.4604E+01  1.7296E+01  1.7253E+01  1.6341E+01  1.3651E+01  1.0071E+01  6.7199E+00  3.9136E+00  1.9458E+00  7.6506E-01  1.8953E-01
  3.0304E+01  2.9149E+01  2.7154E+01  2.4487E+01  2.0820E+01  1.4424E+01  1.0948E+01  1.3329E+01  1.2001E+01  1.0252E+01  7.5810E+00  4.9698E+00  2.8576E+00  1.3835E+00  5.1792E-01  1.1111E-01
  2.5743E+01  2.4752E+01  2.3015E+01  2.0689E+01  1.7985E+01  1.4506E+01  9.1830E+00  8.2466E+00  9.2339E+00  7.3641E+00  5.5795E+00  3.5696E+00  2.0065E+00  9.3038E-01  3.2097E-01  5.0248E-02
  2.1576E+01  2.0741E+01  1.9265E+01  1.7278E+01  1.4963E+01  1.2509E+01  9.4784E+00  5.5197E+00  5.9189E+00  5.6545E+00  3.9395E+00  2.5507E+00  1.3555E+00  5.9687E-01  1.7805E-01  9.9871E-03
  1.7814E+01  1.7124E+01  1.5895E+01  1.4240E+01  1.2299E+01  1.0242E+01  8.2157E+00  5.7220E+00  3.2905E+00  3.8664E+00  2.9744E+00  1.7670E+00  9.1893E-01  3.6491E-01  8.5271E-02  1.9769E-02
  1.4478E+01  1.3918E+01  1.2913E+01  1.1560E+01  9.9747E+00  8.2785E+00  6.6206E+00  5.0535E+00  3.1757E+00  1.9714E+00  2.1433E+00  1.2950E+00  6.2286E-01  2.2029E-01  3.7406E-02  3.1497E-02
  1.1576E+01  1.1129E+01  1.0322E+01  9.2354E+00  7.9639E+00  6.6043E+00  5.2565E+00  4.0176E+00  2.9001E+00  1.5938E+00  1.1430E+00  9.8465E-01  4.3915E-01  1.4127E-01  2.7022E-02  3.4161E-02
  9.1026E+00  8.7525E+00  8.1150E+00  7.2578E+00  6.2553E+00  5.1848E+00  4.1227E+00  3.1316E+00  2.2928E+00  1.5306E+00  7.3971E-01  5.8799E-01  3.4494E-01  9.7206E-02  2.7419E-02  3.1269E-02
  7.0375E+00  6.7677E+00  6.2733E+00  5.6088E+00  4.8320E+00  4.0029E+00  3.1815E+00  2.4140E+00  1.7488E+00  1.2108E+00  7.2754E-01  3.2131E-01  2.3956E-01  7.7018E-02  2.4761E-02  2.5755E-02
  5.3487E+00  5.1444E+00  4.7676E+00  4.2614E+00  3.6699E+00  3.0388E+00  2.4137E+00  1.8311E+00  1.3234E+00  9.0392E-01  5.8886E-01  3.0342E-01  1.3164E-01  6.4168E-02  1.9996E-02  1.9758E-02
  3.9957E+00  3.8436E+00  3.5615E+00  3.1826E+00  2.7400E+00  2.2680E+00  1.8003E+00  1.3653E+00  9.8726E-01  6.7012E-01  4.3163E-01  2.5658E-01  1.0862E-01  4.4374E-02  1.5446E-02  1.4367E-02
  2.9337E+00  2.8224E+00  2.6148E+00  2.3361E+00  2.0107E+00  1.6638E+00  1.3201E+00  1.0004E+00  7.2277E-01  4.9105E-01  3.1191E-01  1.8808E-01  9.6361E-02  3.3693E-02  1.2331E-02  9.9794E-03
  2.1169E+00  2.0368E+00  1.8867E+00  1.6853E+00  1.4502E+00  1.1996E+00  9.5132E-01  7.2071E-01  5.2051E-01  3.5364E-01  2.2448E-01  1.3235E-01  7.1930E-02  3.0262E-02  9.7949E-03  6.7573E-03
  1.5011E+00  1.4444E+00  1.3378E+00  1.1947E+00  1.0278E+00  8.5000E-01  6.7378E-01  5.1023E-01  3.6823E-01  2.4979E-01  1.5879E-01  9.2853E-02  5.0227E-02  2.3145E-02  7.8560E-03  4.3947E-03
  1.0460E+00  1.0066E+00  9.3210E-01  8.3226E-01  7.1587E-01  5.9184E-01  4.6894E-01  3.5500E-01  2.5612E-01  1.7379E-01  1.1022E-01  6.4563E-02  3.4240E-02  1.6209E-02  5.9697E-03  2.5529E-03
  7.1628E-01  6.8928E-01  6.3817E-01  5.6970E-01  4.8992E-01  4.0493E-01  3.2071E-01  2.4270E-01  1.7502E-01  1.1861E-01  7.5292E-02  4.4064E-02  2.3260E-02  1.1061E-02  4.1142E-03  1.3329E-03
  4.8197E-01  4.6381E-01  4.2934E-01  3.8319E-01  3.2946E-01  2.7222E-01  2.1551E-01  1.6303E-01  1.1752E-01  7.9655E-02  5.0463E-02  2.9521E-02  1.5628E-02  7.2987E-03  2.7590E-03  7.4345E-04
  3.1868E-01  3.0667E-01  2.8382E-01  2.5326E-01  2.1769E-01  1.7982E-01  1.4230E-01  1.0761E-01  7.7535E-02  5.2511E-02  3.3295E-02  1.9446E-02  1.0277E-02  4.7790E-03  1.8524E-03  4.9584E-04
  2.0705E-01  1.9924E-01  1.8436E-01  1.6446E-01  1.4133E-01  1.1671E-01  9.2313E-02  6.9784E-02  5.0260E-02  3.4028E-02  2.1547E-02  1.2593E-02  6.6368E-03  3.0939E-03  1.1984E-03  3.4379E-04
  1.3219E-01  1.2719E-01  1.1766E-01  1.0494E-01  9.0150E-02  7.4420E-02  5.8839E-02  4.4463E-02  3.2009E-02  2.1659E-02  1.3716E-02  8.0049E-03  4.2278E-03  1.9589E-03  7.5467E-04  2.2178E-04
  8.2923E-02  7.9781E-02  7.3786E-02  6.5786E-02  5.6499E-02  4.6625E-02  3.6846E-02  2.7833E-02  2.0028E-02  1.3545E-02  8.5706E-03  5.0035E-03  2.6318E-03  1.2249E-03  4.7131E-04  1.2150E-04
  5.1114E-02  4.9171E-02  4.5464E-02  4.0522E-02  3.4790E-02  2.8700E-02  2.2670E-02  1.7118E-02  1.2312E-02  8.3223E-03  5.2644E-03  3.0706E-03  1.6210E-03  7.4727E-04  2.8765E-04  9.2526E-05
  3.0959E-02  2.9778E-02  2.7525E-02  2.4524E-02  2.1048E-02  1.7357E-02  1.3703E-02  1.0343E-02  7.4359E-03  5.0243E-03  3.1767E-03  1.8524E-03  9.7315E-04  4.5237E-04  1.7224E-04  7.9301E-05
  1.8425E-02  1.7719E-02  1.6374E-02  1.4583E-02  1.2511E-02  1.0312E-02  8.1367E-03  6.1391E-03  4.4125E-03  2.9814E-03  1.8853E-03  1.0987E-03  5.7847E-04  2.6696E-04  1.0159E-04  4.5868E-05
  1.0775E-02  1.0360E-02  9.5703E-03  8.5208E-03  7.3085E-03  6.0234E-03  4.7532E-03  3.5884E-03  2.5813E-03  1.7443E-03  1.1011E-03  6.3945E-04  3.3458E-04  1.5444E-04  5.9438E-05  2.1961E-05
  6.1932E-03  5.9514E-03  5.4913E-03  4.8810E-03  4.1784E-03  3.4371E-03  2.7076E-03  2.0421E-03  1.4666E-03  9.8845E-04  6.2234E-04  3.6139E-04  1.9024E-04  8.8373E-05  3.3606E-05  1.0672E-05
  3.4914E-03  3.3700E-03  3.1369E-03  2.8237E-03  2.4549E-03  2.0523E-03  1.6394E-03  1.2464E-03  8.9920E-04  6.0591E-04  3.8105E-04  2.2080E-04  1.1530E-04  5.2583E-05  2.0162E-05  7.3241E-06
