# CREATED BY GENE DIAGNOSTICS TOOL on Sat May 17 18:09:03 2025 /home/unix/ottink/gene/diagnostics
# diag: vsp1, run(s): vim010vep001, time window: 236-236.0826(1 steps), species: i
# original data path: /Differ/Data/IMT/lottink/Tokamak_ITG/vres_scan/v1/
# normalization: L_ref=1.65m
#
# vpar
 -3.0000E+00
 -2.9528E+00
 -2.9055E+00
 -2.8583E+00
 -2.8110E+00
 -2.7638E+00
 -2.7165E+00
 -2.6693E+00
 -2.6220E+00
 -2.5748E+00
 -2.5276E+00
 -2.4803E+00
 -2.4331E+00
 -2.3858E+00
 -2.3386E+00
 -2.2913E+00
 -2.2441E+00
 -2.1969E+00
 -2.1496E+00
 -2.1024E+00
 -2.0551E+00
 -2.0079E+00
 -1.9606E+00
 -1.9134E+00
 -1.8661E+00
 -1.8189E+00
 -1.7717E+00
 -1.7244E+00
 -1.6772E+00
 -1.6299E+00
 -1.5827E+00
 -1.5354E+00
 -1.4882E+00
 -1.4409E+00
 -1.3937E+00
 -1.3465E+00
 -1.2992E+00
 -1.2520E+00
 -1.2047E+00
 -1.1575E+00
 -1.1102E+00
 -1.0630E+00
 -1.0157E+00
 -9.6850E-01
 -9.2126E-01
 -8.7402E-01
 -8.2677E-01
 -7.7953E-01
 -7.3228E-01
 -6.8504E-01
 -6.3780E-01
 -5.9055E-01
 -5.4331E-01
 -4.9606E-01
 -4.4882E-01
 -4.0157E-01
 -3.5433E-01
 -3.0709E-01
 -2.5984E-01
 -2.1260E-01
 -1.6535E-01
 -1.1811E-01
 -7.0866E-02
 -2.3622E-02
  2.3622E-02
  7.0866E-02
  1.1811E-01
  1.6535E-01
  2.1260E-01
  2.5984E-01
  3.0709E-01
  3.5433E-01
  4.0157E-01
  4.4882E-01
  4.9606E-01
  5.4331E-01
  5.9055E-01
  6.3780E-01
  6.8504E-01
  7.3228E-01
  7.7953E-01
  8.2677E-01
  8.7402E-01
  9.2126E-01
  9.6850E-01
  1.0157E+00
  1.0630E+00
  1.1102E+00
  1.1575E+00
  1.2047E+00
  1.2520E+00
  1.2992E+00
  1.3465E+00
  1.3937E+00
  1.4409E+00
  1.4882E+00
  1.5354E+00
  1.5827E+00
  1.6299E+00
  1.6772E+00
  1.7244E+00
  1.7717E+00
  1.8189E+00
  1.8661E+00
  1.9134E+00
  1.9606E+00
  2.0079E+00
  2.0551E+00
  2.1024E+00
  2.1496E+00
  2.1969E+00
  2.2441E+00
  2.2913E+00
  2.3386E+00
  2.3858E+00
  2.4331E+00
  2.4803E+00
  2.5276E+00
  2.5748E+00
  2.6220E+00
  2.6693E+00
  2.7165E+00
  2.7638E+00
  2.8110E+00
  2.8583E+00
  2.9055E+00
  2.9528E+00
  3.0000E+00


# mu
  1.3581E-02
  7.1692E-02
  1.7680E-01
  3.2992E-01
  5.3256E-01
  7.8681E-01
  1.0955E+00
  1.4624E+00
  1.8925E+00
  2.3926E+00
  2.9718E+00
  3.6436E+00
  4.4281E+00
  5.3585E+00
  6.4984E+00
  8.0108E+00


# trapped boundary
#  mu         vpar      
  1.3581E-02 -6.4579E-02
  1.3581E-02  7.6321E-02
  7.1692E-02 -1.5851E-01
  7.1692E-02  1.7025E-01
  1.7680E-01 -2.5245E-01
  1.7680E-01  2.6419E-01
  3.2992E-01 -3.4638E-01
  3.2992E-01  3.5812E-01
  5.3256E-01 -4.4031E-01
  5.3256E-01  4.5205E-01
  7.8681E-01 -5.3425E-01
  7.8681E-01  5.4599E-01
  1.0955E+00 -6.2818E-01
  1.0955E+00  6.3992E-01
  1.4624E+00 -7.3386E-01
  1.4624E+00  7.4560E-01
  1.8925E+00 -8.2779E-01
  1.8925E+00  8.3953E-01
  2.3926E+00 -9.3346E-01
  2.3926E+00  9.4521E-01
  2.9718E+00 -1.0509E+00
  2.9718E+00  1.0626E+00
  3.6436E+00 -1.1566E+00
  3.6436E+00  1.1683E+00
  4.4281E+00 -1.2740E+00
  4.4281E+00  1.2857E+00
  5.3585E+00 -1.4031E+00
  5.3585E+00  1.4149E+00
  6.4984E+00 -1.5440E+00
  6.4984E+00  1.5558E+00
  8.0108E+00 -1.7202E+00
  8.0108E+00  1.7319E+00


# , time = 236.0826, var = <|f|^2>^(1/2) , z = 0
  1.7272E+02  1.6340E+02  1.4843E+02  1.2935E+02  1.0808E+02  8.6476E+01  6.6120E+01  4.8187E+01  3.3408E+01  2.1983E+01  1.3713E+01  8.0709E+00  4.3960E+00  2.1391E+00  8.3079E-01  2.1174E-01
  2.3577E+02  2.2333E+02  2.0324E+02  1.7763E+02  1.4918E+02  1.2050E+02  9.3589E+01  6.9674E+01  4.9386E+01  3.2945E+01  2.0455E+01  1.1739E+01  6.1383E+00  2.8477E+00  1.1052E+00  3.9130E-01
  3.1698E+02  3.0049E+02  2.7355E+02  2.3859E+02  1.9893E+02  1.5814E+02  1.1958E+02  8.5870E+01  5.8532E+01  3.7814E+01  2.3043E+01  1.3120E+01  6.9271E+00  3.3175E+00  1.3698E+00  3.6924E-01
  4.2447E+02  4.0262E+02  3.6687E+02  3.2055E+02  2.6814E+02  2.1443E+02  1.6373E+02  1.1926E+02  8.2824E+01  5.4689E+01  3.4061E+01  1.9651E+01  1.0318E+01  4.8062E+00  1.8409E+00  6.7508E-01
  5.6575E+02  5.3682E+02  4.8940E+02  4.2789E+02  3.5810E+02  2.8621E+02  2.1786E+02  1.5749E+02  1.0786E+02  6.9782E+01  4.2543E+01  2.4236E+01  1.2640E+01  5.9503E+00  2.4364E+00  6.8041E-01
  7.5083E+02  7.1254E+02  6.4967E+02  5.6823E+02  4.7591E+02  3.8083E+02  2.9040E+02  2.1044E+02  1.4459E+02  9.3912E+01  5.7490E+01  3.2899E+01  1.7221E+01  8.0113E+00  3.0277E+00  9.8961E-01
  9.9220E+02  9.4156E+02  8.5837E+02  7.5074E+02  6.2894E+02  5.0355E+02  3.8417E+02  2.7833E+02  1.9084E+02  1.2330E+02  7.4770E+01  4.2286E+01  2.1996E+01  1.0186E+01  4.1718E+00  1.0655E+00
  1.3049E+03  1.2382E+03  1.1285E+03  9.8678E+02  8.2668E+02  6.6213E+02  5.0554E+02  3.6658E+02  2.5147E+02  1.6245E+02  9.8414E+01  5.5510E+01  2.8825E+01  1.3430E+01  5.2305E+00  1.4638E+00
  1.7061E+03  1.6190E+03  1.4755E+03  1.2900E+03  1.0806E+03  8.6568E+02  6.6130E+02  4.7989E+02  3.2933E+02  2.1254E+02  1.2831E+02  7.1854E+01  3.7045E+01  1.7093E+01  6.7582E+00  1.8340E+00
  2.2151E+03  2.1026E+03  1.9168E+03  1.6762E+03  1.4043E+03  1.1253E+03  8.6002E+02  6.2459E+02  4.2897E+02  2.7687E+02  1.6689E+02  9.3033E+01  4.7797E+01  2.2259E+01  8.7296E+00  2.4169E+00
  2.8514E+03  2.7086E+03  2.4714E+03  2.1630E+03  1.8135E+03  1.4539E+03  1.1118E+03  8.0809E+02  5.5557E+02  3.5881E+02  2.1602E+02  1.1970E+02  6.1218E+01  2.8175E+01  1.0757E+01  3.0733E+00
  3.6341E+03  3.4560E+03  3.1586E+03  2.7693E+03  2.3254E+03  1.8664E+03  1.4285E+03  1.0392E+03  7.1525E+02  4.6240E+02  2.7827E+02  1.5337E+02  7.8125E+01  3.5649E+01  1.4162E+01  4.3300E+00
  4.5794E+03  4.3619E+03  3.9964E+03  3.5138E+03  2.9582E+03  2.3792E+03  1.8237E+03  1.3282E+03  9.1532E+02  5.9260E+02  3.5671E+02  1.9553E+02  9.9249E+01  4.5451E+01  1.7465E+01  5.0089E+00
  5.6991E+03  5.4397E+03  5.0001E+03  4.4135E+03  3.7300E+03  3.0097E+03  2.3124E+03  1.6869E+03  1.1642E+03  7.5494E+02  4.5469E+02  2.4801E+02  1.2531E+02  5.6756E+01  2.2493E+01  6.6833E+00
  6.9997E+03  6.6972E+03  6.1806E+03  5.4825E+03  4.6573E+03  3.7750E+03  2.9104E+03  2.1283E+03  1.4714E+03  9.5604E+02  5.7630E+02  3.1292E+02  1.5762E+02  7.2593E+01  2.7906E+01  8.2114E+00
  8.4833E+03  8.1383E+03  7.5441E+03  6.7308E+03  5.7538E+03  4.6914E+03  3.6341E+03  2.6663E+03  1.8477E+03  1.2032E+03  7.2590E+02  3.9266E+02  1.9768E+02  9.0103E+01  3.5064E+01  9.9367E+00
  1.0153E+04  9.7656E+03  9.0943E+03  8.1647E+03  7.0299E+03  5.7729E+03  4.4992E+03  3.3158E+03  2.3048E+03  1.5049E+03  9.0856E+02  4.8995E+02  2.4608E+02  1.1245E+02  4.3000E+01  1.1986E+01
  1.2023E+04  1.1589E+04  1.0837E+04  9.7891E+03  8.4929E+03  7.0309E+03  5.5199E+03  4.0913E+03  2.8550E+03  1.8701E+03  1.1296E+03  6.0788E+02  3.0538E+02  1.3827E+02  5.3095E+01  1.5213E+01
  1.4128E+04  1.3636E+04  1.2790E+04  1.1613E+04  1.0149E+04  8.4741E+03  6.7088E+03  5.0069E+03  3.5111E+03  2.3085E+03  1.3948E+03  7.4986E+02  3.7637E+02  1.6924E+02  6.5337E+01  1.8011E+01
  1.6524E+04  1.5956E+04  1.4987E+04  1.3656E+04  1.2009E+04  1.0110E+04  8.0760E+03  6.0753E+03  4.2859E+03  2.8305E+03  1.7102E+03  9.1969E+02  4.6154E+02  2.0873E+02  7.9963E+01  2.2349E+01
  1.9268E+04  1.8603E+04  1.7478E+04  1.5951E+04  1.4088E+04  1.1948E+04  9.6304E+03  7.3080E+03  5.1916E+03  3.4464E+03  2.0821E+03  1.1217E+03  5.6659E+02  2.5618E+02  9.7232E+01  2.8015E+01
  2.2367E+04  2.1604E+04  2.0303E+04  1.8540E+04  1.6414E+04  1.4001E+04  1.1381E+04  8.7149E+03  6.2395E+03  4.1661E+03  2.5170E+03  1.3612E+03  6.8907E+02  3.1381E+02  1.2037E+02  3.3418E+01
  2.5739E+04  2.4908E+04  2.3458E+04  2.1450E+04  1.9019E+04  1.6287E+04  1.3337E+04  1.0305E+04  7.4400E+03  4.9989E+03  3.0217E+03  1.6422E+03  8.3648E+02  3.8182E+02  1.4386E+02  4.1422E+01
  2.9217E+04  2.8377E+04  2.6859E+04  2.4663E+04  2.1921E+04  1.8827E+04  1.5510E+04  1.2089E+04  8.8032E+03  5.9527E+03  3.6032E+03  1.9720E+03  1.0048E+03  4.5690E+02  1.7370E+02  4.9910E+01
  3.2595E+04  3.1814E+04  3.0346E+04  2.8090E+04  2.5104E+04  2.1634E+04  1.7912E+04  1.4072E+04  1.0338E+04  7.0345E+03  4.2690E+03  2.3543E+03  1.2023E+03  5.4393E+02  2.0839E+02  5.8915E+01
  3.5674E+04  3.5014E+04  3.3718E+04  3.1573E+04  2.8496E+04  2.4701E+04  2.0548E+04  1.6261E+04  1.2053E+04  8.2500E+03  5.0272E+03  2.7992E+03  1.4378E+03  6.4584E+02  2.4610E+02  7.0703E+01
  3.8273E+04  3.7790E+04  3.6777E+04  3.4921E+04  3.1964E+04  2.7979E+04  2.3415E+04  1.8657E+04  1.3952E+04  9.6039E+03  5.8870E+03  3.3175E+03  1.7179E+03  7.6798E+02  2.9139E+02  8.2554E+01
  4.0205E+04  3.9962E+04  3.9340E+04  3.7936E+04  3.5335E+04  3.1379E+04  2.6487E+04  2.1256E+04  1.6036E+04  1.1100E+04  6.8594E+03  3.9101E+03  2.0442E+03  9.1721E+02  3.4403E+02  9.6096E+01
  4.1266E+04  4.1334E+04  4.1227E+04  4.0442E+04  3.8422E+04  3.4766E+04  2.9714E+04  2.4043E+04  1.8301E+04  1.2741E+04  7.9538E+03  4.5857E+03  2.4128E+03  1.0933E+03  4.0349E+02  1.1196E+02
  4.1265E+04  4.1707E+04  4.2249E+04  4.2266E+04  4.1050E+04  3.7983E+04  3.3016E+04  2.6992E+04  2.0734E+04  1.4532E+04  9.1846E+03  5.3469E+03  2.8129E+03  1.2974E+03  4.7206E+02  1.2856E+02
  4.0116E+04  4.0940E+04  4.2224E+04  4.3233E+04  4.3058E+04  4.0866E+04  3.6285E+04  3.0063E+04  2.3318E+04  1.6478E+04  1.0562E+04  6.2193E+03  3.2664E+03  1.5144E+03  5.5436E+02  1.4749E+02
  3.8062E+04  3.9100E+04  4.1054E+04  4.3179E+04  4.4289E+04  4.3260E+04  3.9398E+04  3.3201E+04  2.6028E+04  1.8586E+04  1.2105E+04  7.2335E+03  3.7930E+03  1.7482E+03  6.4334E+02  1.6977E+02
  3.6115E+04  3.6786E+04  3.8893E+04  4.2008E+04  4.4600E+04  4.5027E+04  4.2226E+04  3.6336E+04  2.8838E+04  2.0865E+04  1.3824E+04  8.3849E+03  4.4242E+03  1.9971E+03  7.4643E+02  1.9352E+02
  3.6635E+04  3.5679E+04  3.6480E+04  3.9822E+04  4.3875E+04  4.6039E+04  4.4643E+04  3.9386E+04  3.1720E+04  2.3327E+04  1.5716E+04  9.6322E+03  5.1854E+03  2.2530E+03  8.6565E+02  2.2150E+02
  4.2850E+04  3.8763E+04  3.5655E+04  3.7165E+04  4.2093E+04  4.6180E+04  4.6530E+04  4.2262E+04  3.4656E+04  2.5980E+04  1.7795E+04  1.0966E+04  6.0323E+03  2.5510E+03  9.9553E+02  2.5391E+02
  5.6487E+04  4.8662E+04  3.9352E+04  3.5443E+04  3.9454E+04  4.5360E+04  4.7785E+04  4.4880E+04  3.7634E+04  2.8836E+04  2.0112E+04  1.2431E+04  6.9276E+03  2.8937E+03  1.1561E+03  2.8887E+02
  7.7199E+04  6.5758E+04  4.9750E+04  3.7153E+04  3.6610E+04  4.3559E+04  4.8320E+04  4.7166E+04  4.0646E+04  3.1898E+04  2.2709E+04  1.4168E+04  7.8201E+03  3.2934E+03  1.3446E+03  3.3298E+02
  1.0419E+05  8.9248E+04  6.6865E+04  4.4681E+04  3.5014E+04  4.0895E+04  4.8064E+04  4.9056E+04  4.3683E+04  3.5161E+04  2.5528E+04  1.6303E+04  8.6616E+03  3.7684E+03  1.5649E+03  3.8395E+02
  1.3694E+05  1.1843E+05  8.9813E+04  5.8512E+04  3.6917E+04  3.7741E+04  4.6971E+04  5.0502E+04  4.6726E+04  3.8620E+04  2.8434E+04  1.8777E+04  9.4712E+03  4.2858E+03  1.8253E+03  4.4628E+02
  1.7511E+05  1.5284E+05  1.1787E+05  7.7821E+04  4.4133E+04  3.4924E+04  4.5033E+04  5.1470E+04  4.9744E+04  4.2293E+04  3.1427E+04  2.1424E+04  1.0279E+04  4.8304E+03  2.1024E+03  5.2334E+02
  2.1841E+05  1.9216E+05  1.5054E+05  1.0174E+05  5.6761E+04  3.3919E+04  4.2307E+04  5.1925E+04  5.2684E+04  4.6203E+04  3.4899E+04  2.4015E+04  1.1152E+04  5.3771E+03  2.3912E+03  6.1044E+02
  2.6650E+05  2.3600E+05  1.8741E+05  1.2965E+05  7.3910E+04  3.6512E+04  3.8937E+04  5.1816E+04  5.5490E+04  5.0257E+04  3.9398E+04  2.6413E+04  1.2145E+04  5.8978E+03  2.6724E+03  7.0949E+02
  3.1887E+05  2.8387E+05  2.2800E+05  1.6103E+05  9.4712E+04  4.3639E+04  3.5229E+04  5.1084E+04  5.8108E+04  5.4253E+04  4.5080E+04  2.8695E+04  1.3292E+04  6.4042E+03  2.9229E+03  8.1400E+02
  3.7472E+05  3.3507E+05  2.7172E+05  1.9539E+05  1.1853E+05  5.4923E+04  3.1805E+04  4.9673E+04  6.0503E+04  5.8176E+04  5.1596E+04  3.1036E+04  1.4651E+04  6.9194E+03  3.1422E+03  9.1624E+02
  4.3290E+05  3.8861E+05  3.1781E+05  2.3215E+05  1.4483E+05  6.9509E+04  2.9813E+04  4.7545E+04  6.2639E+04  6.2563E+04  5.8344E+04  3.3757E+04  1.6225E+04  7.4914E+03  3.3241E+03  1.0151E+03
  4.9198E+05  4.4333E+05  3.6538E+05  2.7067E+05  1.7313E+05  8.6668E+04  3.0768E+04  4.4691E+04  6.4418E+04  6.8101E+04  6.4853E+04  3.7199E+04  1.8086E+04  8.1683E+03  3.4827E+03  1.0998E+03
  5.5050E+05  4.9798E+05  4.1342E+05  3.1017E+05  2.0284E+05  1.0578E+05  3.5521E+04  4.1120E+04  6.5673E+04  7.4674E+04  7.1059E+04  4.1503E+04  2.0322E+04  9.0089E+03  3.6497E+03  1.1706E+03
  6.0722E+05  5.5131E+05  4.6087E+05  3.4974E+05  2.3321E+05  1.2616E+05  4.3546E+04  3.6951E+04  6.6315E+04  8.1209E+04  7.7057E+04  4.6771E+04  2.2965E+04  1.0037E+04  3.8582E+03  1.2290E+03
  6.6084E+05  6.0189E+05  5.0635E+05  3.8812E+05  2.6315E+05  1.4689E+05  5.3659E+04  3.2647E+04  6.6512E+04  8.6538E+04  8.2846E+04  5.2897E+04  2.6138E+04  1.1258E+04  4.1389E+03  1.2734E+03
  7.0919E+05  6.4754E+05  5.4776E+05  4.2343E+05  2.9112E+05  1.6687E+05  6.4878E+04  2.8983E+04  6.6474E+04  9.0094E+04  8.8351E+04  5.9556E+04  2.9861E+04  1.2706E+04  4.5210E+03  1.3190E+03
  7.4866E+05  6.8488E+05  5.8197E+05  4.5311E+05  3.1528E+05  1.8497E+05  7.6701E+04  2.6221E+04  6.6032E+04  9.2018E+04  9.3277E+04  6.6463E+04  3.4063E+04  1.4342E+04  5.0020E+03  1.3703E+03
  7.7495E+05  7.0991E+05  6.0554E+05  4.7466E+05  3.3414E+05  2.0031E+05  8.8661E+04  2.3784E+04  6.4798E+04  9.2792E+04  9.7256E+04  7.3243E+04  3.8740E+04  1.6175E+04  5.5613E+03  1.4359E+03
  7.8572E+05  7.2048E+05  6.1686E+05  4.8724E+05  3.4725E+05  2.1269E+05  9.9546E+04  2.1555E+04  6.2727E+04  9.2770E+04  1.0016E+05  7.9450E+04  4.3682E+04  1.8216E+04  6.2020E+03  1.5299E+03
  7.8319E+05  7.1872E+05  6.1796E+05  4.9234E+05  3.5521E+05  2.2276E+05  1.0781E+05  2.0363E+04  6.0144E+04  9.2134E+04  1.0202E+05  8.4905E+04  4.8699E+04  2.0376E+04  6.8738E+03  1.6433E+03
  7.7356E+05  7.1037E+05  6.1357E+05  4.9287E+05  3.5910E+05  2.3117E+05  1.1327E+05  2.0508E+04  5.7375E+04  9.1092E+04  1.0286E+05  8.9395E+04  5.3679E+04  2.2672E+04  7.5726E+03  1.7787E+03
  7.6420E+05  7.0233E+05  6.0893E+05  4.9184E+05  3.6009E+05  2.3751E+05  1.1723E+05  2.1448E+04  5.4625E+04  8.9853E+04  1.0297E+05  9.2778E+04  5.8351E+04  2.5036E+04  8.2960E+03  1.9323E+03
  7.6038E+05  6.9957E+05  6.0738E+05  4.9114E+05  3.5930E+05  2.4088E+05  1.2046E+05  2.2685E+04  5.2082E+04  8.8550E+04  1.0267E+05  9.5210E+04  6.2573E+04  2.7338E+04  8.9809E+03  2.0798E+03
  7.6120E+05  7.0124E+05  6.0808E+05  4.9076E+05  3.5818E+05  2.4166E+05  1.2265E+05  2.3870E+04  4.9905E+04  8.7370E+04  1.0213E+05  9.6850E+04  6.6375E+04  2.9634E+04  9.6748E+03  2.2322E+03
  7.6254E+05  7.0331E+05  6.0905E+05  4.9061E+05  3.5781E+05  2.4110E+05  1.2364E+05  2.4759E+04  4.8188E+04  8.6493E+04  1.0156E+05  9.7742E+04  6.9532E+04  3.1754E+04  1.0325E+04  2.3682E+03
  7.6404E+05  7.0492E+05  6.0999E+05  4.9036E+05  3.5803E+05  2.3962E+05  1.2332E+05  2.5060E+04  4.7059E+04  8.6002E+04  1.0126E+05  9.8316E+04  7.2132E+04  3.3628E+04  1.0891E+04  2.4792E+03
  7.6522E+05  7.0569E+05  6.0999E+05  4.8932E+05  3.5810E+05  2.3707E+05  1.2125E+05  2.4188E+04  4.6769E+04  8.6043E+04  1.0147E+05  9.9054E+04  7.4498E+04  3.5413E+04  1.1459E+04  2.5850E+03
  7.6424E+05  7.0442E+05  6.0825E+05  4.8727E+05  3.5701E+05  2.3290E+05  1.1669E+05  2.1181E+04  4.7443E+04  8.6248E+04  1.0161E+05  9.9458E+04  7.6159E+04  3.6743E+04  1.1868E+04  2.6481E+03
  7.6049E+05  7.0040E+05  6.0379E+05  4.8249E+05  3.5159E+05  2.2385E+05  1.0687E+05  1.3159E+04  5.2080E+04  8.8991E+04  1.0334E+05  1.0071E+05  7.7790E+04  3.7872E+04  1.2207E+04  2.6912E+03
  7.5363E+05  6.9219E+05  5.9339E+05  4.6949E+05  3.3547E+05  2.0508E+05  8.9593E+04  5.7626E+03  6.3244E+04  9.7868E+04  1.1059E+05  1.0621E+05  8.1719E+04  3.9969E+04  1.2933E+04  2.8404E+03
  7.4569E+05  6.9022E+05  6.0096E+05  4.8851E+05  3.6568E+05  2.4624E+05  1.4117E+05  5.4924E+04  1.3521E+04  5.6569E+04  8.1025E+04  8.6620E+04  7.0024E+04  3.4662E+04  1.1042E+04  2.3213E+03
  7.3333E+05  6.7695E+05  5.8621E+05  4.7209E+05  3.4700E+05  2.2586E+05  1.2337E+05  4.1020E+04  2.2593E+04  6.5147E+04  8.8325E+04  9.2149E+04  7.3076E+04  3.5901E+04  1.1460E+04  2.4054E+03
  7.1895E+05  6.6317E+05  5.7340E+05  4.6085E+05  3.3682E+05  2.1337E+05  1.1161E+05  3.3114E+04  2.8795E+04  6.8943E+04  9.0856E+04  9.3657E+04  7.2975E+04  3.5408E+04  1.1242E+04  2.3331E+03
  7.0276E+05  6.4809E+05  5.6010E+05  4.4999E+05  3.2943E+05  2.0452E+05  1.0416E+05  2.9487E+04  3.2089E+04  7.1034E+04  9.2314E+04  9.4315E+04  7.1945E+04  3.4371E+04  1.0847E+04  2.2278E+03
  6.8573E+05  6.3224E+05  5.4628E+05  4.3831E+05  3.2207E+05  1.9636E+05  9.8581E+04  2.6808E+04  3.5071E+04  7.3542E+04  9.4197E+04  9.5019E+04  7.0532E+04  3.3092E+04  1.0384E+04  2.1156E+03
  6.6945E+05  6.1674E+05  5.3273E+05  4.2672E+05  3.1449E+05  1.8899E+05  9.4229E+04  2.4117E+04  3.7932E+04  7.6033E+04  9.5822E+04  9.4981E+04  6.8191E+04  3.1297E+04  9.7290E+03  1.9635E+03
  6.5377E+05  6.0123E+05  5.1999E+05  4.1675E+05  3.0705E+05  1.8243E+05  9.0197E+04  2.0734E+04  4.0982E+04  7.8562E+04  9.7252E+04  9.4298E+04  6.5195E+04  2.9248E+04  9.0091E+03  1.8037E+03
  6.4124E+05  5.8805E+05  5.0851E+05  4.0815E+05  2.9951E+05  1.7633E+05  8.5943E+04  1.6344E+04  4.4376E+04  8.1081E+04  9.8513E+04  9.2981E+04  6.1648E+04  2.6989E+04  8.2168E+03  1.6367E+03
  6.3598E+05  5.8194E+05  5.0125E+05  4.0084E+05  2.9121E+05  1.7111E+05  8.1156E+04  1.1000E+04  4.8090E+04  8.3556E+04  9.9415E+04  9.0704E+04  5.7438E+04  2.4490E+04  7.3440E+03  1.4595E+03
  6.3519E+05  5.8072E+05  4.9771E+05  3.9484E+05  2.8232E+05  1.6619E+05  7.4204E+04  5.4441E+03  5.2091E+04  8.5896E+04  9.9659E+04  8.7362E+04  5.2784E+04  2.1938E+04  6.4820E+03  1.3032E+03
  6.3144E+05  5.7706E+05  4.9228E+05  3.8701E+05  2.7232E+05  1.5930E+05  6.3957E+04  5.4217E+03  5.6240E+04  8.7890E+04  9.9069E+04  8.3009E+04  4.7811E+04  1.9335E+04  5.6060E+03  1.1621E+03
  6.1817E+05  5.6456E+05  4.7951E+05  3.7344E+05  2.5890E+05  1.4868E+05  5.2282E+04  1.1662E+04  6.0151E+04  8.9368E+04  9.7497E+04  7.7630E+04  4.2588E+04  1.6737E+04  4.7703E+03  1.0534E+03
  5.9158E+05  5.3959E+05  4.5627E+05  3.5200E+05  2.4022E+05  1.3402E+05  4.1607E+04  1.9483E+04  6.3205E+04  9.0147E+04  9.4731E+04  7.1367E+04  3.7353E+04  1.4272E+04  4.0237E+03  9.8733E+02
  5.5193E+05  5.0236E+05  4.2250E+05  3.2271E+05  2.1629E+05  1.1610E+05  3.1996E+04  2.8704E+04  6.4864E+04  8.9909E+04  9.0828E+04  6.4581E+04  3.2265E+04  1.1942E+04  3.3775E+03  9.5164E+02
  5.0288E+05  4.5630E+05  3.8108E+05  2.8757E+05  1.8856E+05  9.6328E+04  2.3500E+04  3.7993E+04  6.5403E+04  8.8184E+04  8.6036E+04  5.7527E+04  2.7421E+04  9.8466E+03  2.9007E+03  9.4218E+02
  4.4885E+05  4.0561E+05  3.3573E+05  2.4952E+05  1.5910E+05  7.6308E+04  1.9535E+04  4.5750E+04  6.6005E+04  8.4415E+04  8.0610E+04  5.0584E+04  2.3034E+04  8.0700E+03  2.6041E+03  9.4318E+02
  3.9316E+05  3.5345E+05  2.8939E+05  2.1106E+05  1.2992E+05  5.7722E+04  2.3031E+04  5.1533E+04  6.7217E+04  7.8350E+04  7.4797E+04  4.4182E+04  1.9169E+04  6.6375E+03  2.4689E+03  9.3551E+02
  3.3782E+05  3.0178E+05  2.4398E+05  1.7393E+05  1.0252E+05  4.2400E+04  3.0288E+04  5.5690E+04  6.8008E+04  7.0760E+04  6.8673E+04  3.8579E+04  1.5882E+04  5.6231E+03  2.4448E+03  9.1797E+02
  2.8414E+05  2.5198E+05  2.0074E+05  1.3927E+05  7.8037E+04  3.2592E+04  3.7772E+04  5.8515E+04  6.7252E+04  6.3448E+04  6.2032E+04  3.3974E+04  1.3262E+04  4.9954E+03  2.4589E+03  8.8079E+02
  2.3330E+05  2.0519E+05  1.6069E+05  1.0795E+05  5.7550E+04  3.0114E+04  4.4220E+04  6.0098E+04  6.4984E+04  5.7867E+04  5.4784E+04  3.0421E+04  1.1240E+04  4.6481E+03  2.4518E+03  8.2477E+02
  1.8646E+05  1.6244E+05  1.2467E+05  8.0802E+04  4.2483E+04  3.3437E+04  4.9261E+04  6.0527E+04  6.1894E+04  5.3818E+04  4.7226E+04  2.7645E+04  9.7663E+03  4.4519E+03  2.3975E+03  7.5581E+02
  1.4462E+05  1.2457E+05  9.3433E+04  5.8774E+04  3.4639E+04  3.8946E+04  5.2845E+04  5.9952E+04  5.8446E+04  5.0065E+04  3.9990E+04  2.5312E+04  8.7608E+03  4.2736E+03  2.2851E+03  6.7260E+02
  1.0850E+05  9.2280E+04  6.7792E+04  4.3261E+04  3.4219E+04  4.4337E+04  5.5050E+04  5.8546E+04  5.4764E+04  4.5890E+04  3.3918E+04  2.3058E+04  8.0731E+03  4.0369E+03  2.1129E+03  5.8569E+02
  7.8740E+04  6.6315E+04  4.8879E+04  3.5847E+04  3.8125E+04  4.8668E+04  5.6001E+04  5.6472E+04  5.0908E+04  4.1482E+04  2.9475E+04  2.0587E+04  7.6213E+03  3.7123E+03  1.9048E+03  4.9791E+02
  5.6132E+04  4.7769E+04  3.8235E+04  3.5928E+04  4.3015E+04  5.1638E+04  5.5838E+04  5.3877E+04  4.6969E+04  3.7273E+04  2.6266E+04  1.7892E+04  7.2859E+03  3.3230E+03  1.6720E+03  4.1306E+02
  4.1964E+04  3.8052E+04  3.6046E+04  3.9812E+04  4.7201E+04  5.3222E+04  5.4715E+04  5.0882E+04  4.3042E+04  3.3402E+04  2.3509E+04  1.5157E+04  6.9381E+03  2.8948E+03  1.4329E+03  3.3844E+02
  3.6951E+04  3.6719E+04  3.9001E+04  4.4236E+04  5.0073E+04  5.3520E+04  5.2790E+04  4.7587E+04  3.9197E+04  2.9807E+04  2.0761E+04  1.2677E+04  6.4919E+03  2.4789E+03  1.2123E+03  2.7224E+02
  3.8518E+04  3.9918E+04  4.3221E+04  4.7701E+04  5.1500E+04  5.2688E+04  5.0219E+04  4.4080E+04  3.5485E+04  2.6460E+04  1.8065E+04  1.0712E+04  5.8901E+03  2.1225E+03  1.0082E+03  2.1779E+02
  4.2343E+04  4.3916E+04  4.6703E+04  4.9736E+04  5.1571E+04  5.0911E+04  4.7150E+04  4.0442E+04  3.1939E+04  2.3373E+04  1.5643E+04  9.2407E+03  5.1613E+03  1.8289E+03  8.3615E+02  1.7607E+02
  4.5785E+04  4.6960E+04  4.8769E+04  5.0306E+04  5.0469E+04  4.8388E+04  4.3724E+04  3.6752E+04  2.8574E+04  2.0554E+04  1.3556E+04  8.0607E+03  4.3669E+03  1.6084E+03  6.9441E+02  1.4207E+02
  4.7869E+04  4.8510E+04  4.9325E+04  4.9561E+04  4.8411E+04  4.5310E+04  4.0073E+04  3.3089E+04  2.5400E+04  1.7991E+04  1.1723E+04  6.9787E+03  3.6032E+03  1.4361E+03  5.7120E+02  1.1899E+02
  4.8406E+04  4.8548E+04  4.8514E+04  4.7726E+04  4.5622E+04  4.1844E+04  3.6313E+04  2.9525E+04  2.2424E+04  1.5672E+04  1.0078E+04  5.9287E+03  2.9633E+03  1.2739E+03  4.7468E+02  1.0141E+02
  4.7531E+04  4.7269E+04  4.6582E+04  4.5054E+04  4.2314E+04  3.8138E+04  3.2546E+04  2.6119E+04  1.9655E+04  1.3582E+04  8.6147E+03  4.9773E+03  2.4629E+03  1.1233E+03  3.9163E+02  8.7667E+01
  4.5508E+04  4.4952E+04  4.3807E+04  4.1794E+04  3.8676E+04  3.4321E+04  2.8864E+04  2.2915E+04  1.7101E+04  1.1708E+04  7.3317E+03  4.1754E+03  2.0896E+03  9.6481E+02  3.2087E+02  7.8319E+01
  4.2638E+04  4.1889E+04  4.0459E+04  3.8167E+04  3.4869E+04  3.0511E+04  2.5346E+04  1.9945E+04  1.4767E+04  1.0036E+04  6.2146E+03  3.5135E+03  1.7888E+03  8.0235E+02  2.6734E+02  6.9288E+01
  3.9206E+04  3.8350E+04  3.6769E+04  3.4354E+04  3.1021E+04  2.6810E+04  2.2054E+04  1.7227E+04  1.2657E+04  8.5497E+03  5.2447E+03  2.9511E+03  1.5079E+03  6.5551E+02  2.2124E+02  6.1327E+01
  3.5461E+04  3.4560E+04  3.2928E+04  3.0498E+04  2.7246E+04  2.3305E+04  1.9029E+04  1.4770E+04  1.0769E+04  7.2373E+03  4.4022E+03  2.4602E+03  1.2479E+03  5.2551E+02  1.8500E+02  5.4517E+01
  3.1602E+04  3.0700E+04  2.9082E+04  2.6716E+04  2.3644E+04  2.0065E+04  1.6293E+04  1.2570E+04  9.0965E+03  6.0853E+03  3.6767E+03  2.0313E+03  1.0143E+03  4.2364E+02  1.5690E+02  4.7053E+01
  2.7775E+04  2.6899E+04  2.5341E+04  2.3108E+04  2.0299E+04  1.7133E+04  1.3850E+04  1.0621E+04  7.6297E+03  5.0814E+03  3.0542E+03  1.6717E+03  8.2221E+02  3.4846E+02  1.3238E+02  3.9918E+01
  2.4085E+04  2.3257E+04  2.1800E+04  1.9760E+04  1.7269E+04  1.4523E+04  1.1691E+04  8.9091E+03  6.3545E+03  4.2128E+03  2.5228E+03  1.3715E+03  6.7252E+02  2.9166E+02  1.1024E+02  3.4056E+01
  2.0616E+04  1.9856E+04  1.8539E+04  1.6735E+04  1.4582E+04  1.2229E+04  9.7991E+03  7.4185E+03  5.2551E+03  3.4675E+03  2.0714E+03  1.1197E+03  5.5275E+02  2.4459E+02  9.2035E+01  2.7264E+01
  1.7440E+04  1.6767E+04  1.5616E+04  1.4067E+04  1.2234E+04  1.0229E+04  8.1537E+03  6.1312E+03  4.3148E+03  2.8332E+03  1.6900E+03  9.0960E+02  4.5003E+02  2.0023E+02  7.5166E+01  2.1804E+01
  1.4614E+04  1.4037E+04  1.3059E+04  1.1751E+04  1.0202E+04  8.4973E+03  6.7330E+03  5.0286E+03  3.5170E+03  2.2983E+03  1.3700E+03  7.3349E+02  3.6334E+02  1.6111E+02  5.8502E+01  1.7516E+01
  1.2160E+04  1.1676E+04  1.0858E+04  9.7593E+03  8.4501E+03  7.0050E+03  5.5153E+03  4.0920E+03  2.8456E+03  1.8514E+03  1.1032E+03  5.8891E+02  2.8765E+02  1.2622E+02  4.7347E+01  1.2742E+01
  1.0064E+04  9.6606E+03  8.9765E+03  8.0531E+03  6.9469E+03  5.7274E+03  4.4804E+03  3.3036E+03  2.2857E+03  1.4812E+03  8.8245E+02  4.7023E+02  2.2920E+02  9.8205E+01  3.6660E+01  1.0151E+01
  8.2833E+03  7.9466E+03  7.3727E+03  6.5951E+03  5.6636E+03  4.6423E+03  3.6091E+03  2.6464E+03  1.8231E+03  1.1774E+03  7.0112E+02  3.7334E+02  1.8192E+02  7.8231E+01  2.8944E+01  8.0291E+00
  6.7726E+03  6.4902E+03  6.0079E+03  5.3549E+03  4.5760E+03  3.7296E+03  2.8833E+03  2.1040E+03  1.4443E+03  9.2984E+02  5.5332E+02  2.9466E+02  1.4416E+02  6.2821E+01  2.3579E+01  6.0334E+00
  5.4922E+03  5.2555E+03  4.8520E+03  4.3077E+03  3.6633E+03  2.9701E+03  2.2849E+03  1.6607E+03  1.1366E+03  7.2974E+02  4.3378E+02  2.3120E+02  1.1374E+02  5.0440E+01  1.9270E+01  5.6161E+00
  4.4123E+03  4.2154E+03  3.8809E+03  3.4324E+03  2.9060E+03  2.3454E+03  1.7970E+03  1.3018E+03  8.8878E+02  5.6914E+02  3.3785E+02  1.8034E+02  8.8379E+01  4.0510E+01  1.5394E+01  4.6023E+00
  3.5097E+03  3.3479E+03  3.0741E+03  2.7095E+03  2.2851E+03  1.8373E+03  1.4030E+03  1.0138E+03  6.9059E+02  4.4117E+02  2.6146E+02  1.3988E+02  6.8662E+01  3.0615E+01  1.2451E+01  3.8097E+00
  2.7644E+03  2.6331E+03  2.4122E+03  2.1199E+03  1.7822E+03  1.4285E+03  1.0880E+03  7.8438E+02  5.3325E+02  3.3986E+02  2.0107E+02  1.0786E+02  5.3134E+01  2.3962E+01  9.3824E+00  3.1189E+00
  2.1569E+03  2.0520E+03  1.8762E+03  1.6450E+03  1.3793E+03  1.1029E+03  8.3815E+02  6.0308E+02  4.0919E+02  2.6021E+02  1.5370E+02  8.2708E+01  4.0920E+01  1.7789E+01  7.3313E+00  2.6666E+00
  1.6682E+03  1.5856E+03  1.4475E+03  1.2667E+03  1.0600E+03  8.4590E+02  6.4159E+02  4.6077E+02  3.1201E+02  1.9797E+02  1.1678E+02  6.3072E+01  3.1427E+01  1.4044E+01  5.1537E+00  1.6010E+00
  1.2800E+03  1.2156E+03  1.1084E+03  9.6853E+02  8.0916E+02  6.4459E+02  4.8800E+02  3.4980E+02  2.3638E+02  1.4969E+02  8.8226E+01  4.7831E+01  2.3899E+01  1.0966E+01  4.2343E+00  1.3015E+00
  9.7495E+02  9.2534E+02  8.4295E+02  7.3564E+02  6.1368E+02  4.8804E+02  3.6879E+02  2.6381E+02  1.7790E+02  1.1247E+02  6.6284E+01  3.6100E+01  1.8121E+01  8.3565E+00  3.1428E+00  7.9395E-01
  7.3761E+02  6.9969E+02  6.3686E+02  5.5515E+02  4.6243E+02  3.6711E+02  2.7685E+02  1.9762E+02  1.3300E+02  8.3975E+01  4.9503E+01  2.7055E+01  1.3667E+01  6.4674E+00  2.5475E+00  5.4812E-01
  5.5449E+02  5.2570E+02  4.7808E+02  4.1624E+02  3.4616E+02  2.7427E+02  2.0639E+02  1.4701E+02  9.8781E+01  6.2348E+01  3.6838E+01  2.0272E+01  1.0337E+01  4.7236E+00  2.1138E+00  4.1120E-01
  4.1421E+02  3.9246E+02  3.5657E+02  3.1001E+02  2.5735E+02  2.0346E+02  1.5276E+02  1.0857E+02  7.2822E+01  4.5909E+01  2.7111E+01  1.4944E+01  7.6555E+00  3.5318E+00  1.4241E+00  5.1266E-01
  3.0742E+02  2.9107E+02  2.6414E+02  2.2927E+02  1.8993E+02  1.4982E+02  1.1225E+02  7.9678E+01  5.3471E+01  3.3850E+01  2.0190E+01  1.1300E+01  5.8572E+00  2.7539E+00  1.2602E+00  3.2382E-01
  2.2661E+02  2.1437E+02  1.9426E+02  1.6829E+02  1.3910E+02  1.0945E+02  8.1772E+01  5.7838E+01  3.8621E+01  2.4274E+01  1.4354E+01  7.9733E+00  4.1295E+00  1.9496E+00  6.7405E-01  4.2931E-01
  1.6580E+02  1.5668E+02  1.4176E+02  1.2257E+02  1.0110E+02  7.9447E+01  5.9416E+01  4.2274E+01  2.8640E+01  1.8462E+01  1.1264E+01  6.4090E+00  3.3593E+00  1.6308E+00  6.5860E-01  2.0735E-01
  1.2033E+02  1.1358E+02  1.0258E+02  8.8475E+01  7.2716E+01  5.6802E+01  4.2035E+01  2.9369E+01  1.9343E+01  1.2010E+01  7.0480E+00  3.9286E+00  2.0934E+00  1.0334E+00  3.9391E-01  2.1512E-01
  8.6713E+01  8.1724E+01  7.3678E+01  6.3515E+01  5.2414E+01  4.1502E+01  3.1599E+01  2.3117E+01  1.6151E+01  1.0640E+01  6.5337E+00  3.7288E+00  1.9578E+00  9.0811E-01  3.5060E-01  1.4354E-01
  6.1114E+01  5.7717E+01  5.2260E+01  4.5321E+01  3.7586E+01  2.9717E+01  2.2288E+01  1.5772E+01  1.0503E+01  6.5938E+00  3.9448E+00  2.2787E+00  1.2578E+00  6.4541E-01  3.5806E-01  1.1743E-01
