# CREATED BY GENE DIAGNOSTICS TOOL on Sat May 17 19:53:57 2025 /home/unix/ottink/gene/diagnostics
# diag: vsp1, run(s): none_ve0, time window: 228.3-228.3986(1 steps), species: e
# original data path: /Differ/Data/IMT/lottink/Tokamak_ITG/dFdvp/v1/
# normalization: L_ref=1.65m
#
# vpar
 -3.0000E+00
 -2.9528E+00
 -2.9055E+00
 -2.8583E+00
 -2.8110E+00
 -2.7638E+00
 -2.7165E+00
 -2.6693E+00
 -2.6220E+00
 -2.5748E+00
 -2.5276E+00
 -2.4803E+00
 -2.4331E+00
 -2.3858E+00
 -2.3386E+00
 -2.2913E+00
 -2.2441E+00
 -2.1969E+00
 -2.1496E+00
 -2.1024E+00
 -2.0551E+00
 -2.0079E+00
 -1.9606E+00
 -1.9134E+00
 -1.8661E+00
 -1.8189E+00
 -1.7717E+00
 -1.7244E+00
 -1.6772E+00
 -1.6299E+00
 -1.5827E+00
 -1.5354E+00
 -1.4882E+00
 -1.4409E+00
 -1.3937E+00
 -1.3465E+00
 -1.2992E+00
 -1.2520E+00
 -1.2047E+00
 -1.1575E+00
 -1.1102E+00
 -1.0630E+00
 -1.0157E+00
 -9.6850E-01
 -9.2126E-01
 -8.7402E-01
 -8.2677E-01
 -7.7953E-01
 -7.3228E-01
 -6.8504E-01
 -6.3780E-01
 -5.9055E-01
 -5.4331E-01
 -4.9606E-01
 -4.4882E-01
 -4.0157E-01
 -3.5433E-01
 -3.0709E-01
 -2.5984E-01
 -2.1260E-01
 -1.6535E-01
 -1.1811E-01
 -7.0866E-02
 -2.3622E-02
  2.3622E-02
  7.0866E-02
  1.1811E-01
  1.6535E-01
  2.1260E-01
  2.5984E-01
  3.0709E-01
  3.5433E-01
  4.0157E-01
  4.4882E-01
  4.9606E-01
  5.4331E-01
  5.9055E-01
  6.3780E-01
  6.8504E-01
  7.3228E-01
  7.7953E-01
  8.2677E-01
  8.7402E-01
  9.2126E-01
  9.6850E-01
  1.0157E+00
  1.0630E+00
  1.1102E+00
  1.1575E+00
  1.2047E+00
  1.2520E+00
  1.2992E+00
  1.3465E+00
  1.3937E+00
  1.4409E+00
  1.4882E+00
  1.5354E+00
  1.5827E+00
  1.6299E+00
  1.6772E+00
  1.7244E+00
  1.7717E+00
  1.8189E+00
  1.8661E+00
  1.9134E+00
  1.9606E+00
  2.0079E+00
  2.0551E+00
  2.1024E+00
  2.1496E+00
  2.1969E+00
  2.2441E+00
  2.2913E+00
  2.3386E+00
  2.3858E+00
  2.4331E+00
  2.4803E+00
  2.5276E+00
  2.5748E+00
  2.6220E+00
  2.6693E+00
  2.7165E+00
  2.7638E+00
  2.8110E+00
  2.8583E+00
  2.9055E+00
  2.9528E+00
  3.0000E+00


# mu
  1.3581E-02
  7.1692E-02
  1.7680E-01
  3.2992E-01
  5.3256E-01
  7.8681E-01
  1.0955E+00
  1.4624E+00
  1.8925E+00
  2.3926E+00
  2.9718E+00
  3.6436E+00
  4.4281E+00
  5.3585E+00
  6.4984E+00
  8.0108E+00


# trapped boundary
#  mu         vpar      
  1.3581E-02 -6.4579E-02
  1.3581E-02  7.6321E-02
  7.1692E-02 -1.5851E-01
  7.1692E-02  1.7025E-01
  1.7680E-01 -2.5245E-01
  1.7680E-01  2.6419E-01
  3.2992E-01 -3.4638E-01
  3.2992E-01  3.5812E-01
  5.3256E-01 -4.4031E-01
  5.3256E-01  4.5205E-01
  7.8681E-01 -5.3425E-01
  7.8681E-01  5.4599E-01
  1.0955E+00 -6.2818E-01
  1.0955E+00  6.3992E-01
  1.4624E+00 -7.3386E-01
  1.4624E+00  7.4560E-01
  1.8925E+00 -8.2779E-01
  1.8925E+00  8.3953E-01
  2.3926E+00 -9.3346E-01
  2.3926E+00  9.4521E-01
  2.9718E+00 -1.0509E+00
  2.9718E+00  1.0626E+00
  3.6436E+00 -1.1566E+00
  3.6436E+00  1.1683E+00
  4.4281E+00 -1.2740E+00
  4.4281E+00  1.2857E+00
  5.3585E+00 -1.4031E+00
  5.3585E+00  1.4149E+00
  6.4984E+00 -1.5440E+00
  6.4984E+00  1.5558E+00
  8.0108E+00 -1.7202E+00
  8.0108E+00  1.7319E+00


# , time = 228.3986, var = <|f|^2>^(1/2) , z = 0
  6.1423E+00  5.9780E+00  5.6815E+00  5.2499E+00  4.6812E+00  3.9860E+00  3.2038E+00  2.4090E+00  1.6898E+00  1.1079E+00  6.7763E-01  3.8270E-01  1.9119E-01  2.0069E-01  1.6089E-01  7.1958E-02
  8.1169E+00  7.6916E+00  6.9726E+00  6.0339E+00  4.9715E+00  3.8875E+00  2.8728E+00  1.9956E+00  1.2996E+00  7.9921E-01  4.6827E-01  2.5828E-01  1.7211E-01  3.1811E-01  2.3306E-01  8.6726E-02
  1.0697E+01  1.0165E+01  9.2720E+00  8.1212E+00  6.8376E+00  5.5446E+00  4.3360E+00  3.2601E+00  2.3282E+00  1.5492E+00  9.4981E-01  5.3643E-01  3.4609E-01  3.8613E-01  1.6822E-01  2.8271E-02
  1.4033E+01  1.3336E+01  1.2162E+01  1.0633E+01  8.8970E+00  7.1091E+00  5.4108E+00  3.9116E+00  2.6735E+00  1.7112E+00  1.0135E+00  5.5452E-01  3.3114E-01  3.3899E-01  7.9394E-02  6.5441E-02
  1.8321E+01  1.7414E+01  1.5887E+01  1.3899E+01  1.1648E+01  9.3356E+00  7.1451E+00  5.2160E+00  3.6284E+00  2.3951E+00  1.4798E+00  8.3815E-01  4.6103E-01  2.5881E-01  1.8543E-01  9.2040E-02
  2.3808E+01  2.2633E+01  2.0653E+01  1.8074E+01  1.5151E+01  1.2144E+01  9.2819E+00  6.7429E+00  4.6370E+00  3.0044E+00  1.8192E+00  1.0140E+00  6.5756E-01  2.8680E-01  2.4895E-01  5.6951E-02
  3.0793E+01  2.9277E+01  2.6722E+01  2.3395E+01  1.9620E+01  1.5734E+01  1.2038E+01  8.7602E+00  6.0414E+00  3.9324E+00  2.4027E+00  1.3620E+00  8.8080E-01  4.1605E-01  2.0184E-01  9.1869E-02
  3.9641E+01  3.7695E+01  3.4415E+01  3.0140E+01  2.5288E+01  2.0289E+01  1.5529E+01  1.1302E+01  7.7892E+00  5.0549E+00  3.0671E+00  1.7199E+00  9.4521E-01  5.8149E-01  2.0355E-01  1.2249E-01
  5.0796E+01  4.8310E+01  4.4117E+01  3.8650E+01  3.2442E+01  2.6040E+01  1.9941E+01  1.4521E+01  1.0015E+01  6.5072E+00  3.9548E+00  2.2263E+00  1.1688E+00  6.9676E-01  3.5622E-01  8.1924E-02
  6.4789E+01  6.1627E+01  5.6293E+01  4.9335E+01  4.1427E+01  3.3269E+01  2.5488E+01  1.8569E+01  1.2811E+01  8.3239E+00  5.0545E+00  2.8446E+00  1.6138E+00  7.6793E-01  3.9114E-01  1.3684E-01
  8.2257E+01  7.8254E+01  7.1500E+01  6.2684E+01  5.2659E+01  4.2309E+01  3.2430E+01  2.3638E+01  1.6315E+01  1.0605E+01  6.4432E+00  3.6198E+00  2.0517E+00  8.9311E-01  3.4036E-01  1.9440E-01
  1.0396E+02  9.8912E+01  9.0398E+01  7.9281E+01  6.6630E+01  5.3559E+01  4.1073E+01  2.9952E+01  2.0682E+01  1.3447E+01  8.1709E+00  4.5735E+00  2.3855E+00  1.0653E+00  4.0728E-01  1.7023E-01
  1.3078E+02  1.2445E+02  1.1377E+02  9.9815E+01  8.3924E+01  6.7492E+01  5.1783E+01  3.7780E+01  2.6098E+01  1.6975E+01  1.0317E+01  5.8134E+00  2.9071E+00  1.3668E+00  5.9751E-01  2.1970E-01
  1.6378E+02  1.5588E+02  1.4253E+02  1.2510E+02  1.0523E+02  8.4663E+01  6.4990E+01  4.7437E+01  3.2783E+01  2.1330E+01  1.2967E+01  7.3287E+00  3.7596E+00  1.7718E+00  6.7947E-01  2.0522E-01
  2.0417E+02  1.9435E+02  1.7776E+02  1.5607E+02  1.3134E+02  1.0572E+02  8.1196E+01  5.9295E+01  4.0995E+01  2.6682E+01  1.6225E+01  9.0684E+00  4.8783E+00  2.2820E+00  8.4383E-01  2.2417E-01
  2.5337E+02  2.4122E+02  2.2069E+02  1.9383E+02  1.6319E+02  1.3143E+02  1.0099E+02  7.3783E+01  5.1033E+01  3.3227E+01  2.0210E+01  1.1317E+01  6.0088E+00  2.8573E+00  1.2133E+00  2.4571E-01
  3.1301E+02  2.9806E+02  2.7276E+02  2.3965E+02  2.0185E+02  1.6264E+02  1.2504E+02  9.1397E+01  6.3244E+01  4.1192E+01  2.5059E+01  1.4265E+01  7.1458E+00  3.2586E+00  1.5066E+00  3.3530E-01
  3.8497E+02  3.6662E+02  3.3560E+02  2.9497E+02  2.4855E+02  2.0037E+02  1.5412E+02  1.1271E+02  7.8026E+01  5.0837E+01  3.0934E+01  1.7476E+01  8.7666E+00  3.9787E+00  1.8367E+00  4.5841E-01
  4.7134E+02  4.4896E+02  4.1108E+02  3.6144E+02  3.0469E+02  2.4575E+02  1.8912E+02  1.3837E+02  9.5832E+01  6.2460E+01  3.8025E+01  2.1140E+01  1.0949E+01  4.8414E+00  2.1922E+00  5.7181E-01
  5.7454E+02  5.4733E+02  5.0128E+02  4.4091E+02  3.7185E+02  3.0006E+02  2.3103E+02  1.6912E+02  1.1718E+02  7.6399E+01  4.6518E+01  2.6243E+01  1.3703E+01  6.0869E+00  2.4419E+00  6.9184E-01
  6.9723E+02  6.6431E+02  6.0858E+02  5.3547E+02  4.5180E+02  3.6475E+02  2.8097E+02  2.0578E+02  1.4264E+02  9.3033E+01  5.6633E+01  3.2395E+01  1.6679E+01  7.6760E+00  2.8607E+00  7.7799E-01
  8.4240E+02  8.0274E+02  7.3558E+02  6.4745E+02  5.4651E+02  4.4142E+02  3.4020E+02  2.4928E+02  1.7286E+02  1.1279E+02  6.8725E+01  3.8709E+01  1.9738E+01  9.5354E+00  3.4817E+00  9.4422E-01
  1.0133E+03  9.6578E+02  8.8519E+02  7.7939E+02  6.5815E+02  5.3185E+02  4.1009E+02  3.0063E+02  2.0856E+02  1.3613E+02  8.3030E+01  4.6229E+01  2.3731E+01  1.1779E+01  4.3472E+00  1.1814E+00
  1.2137E+03  1.1569E+03  1.0606E+03  9.3413E+02  7.8913E+02  6.3798E+02  4.9216E+02  3.6096E+02  2.5052E+02  1.6357E+02  9.9617E+01  5.6183E+01  2.8460E+01  1.3903E+01  5.2025E+00  1.5182E+00
  1.4474E+03  1.3798E+03  1.2652E+03  1.1147E+03  9.4205E+02  7.6194E+02  5.8806E+02  4.3150E+02  2.9960E+02  1.9569E+02  1.1915E+02  6.8176E+01  3.4575E+01  1.6054E+01  6.0093E+00  1.8339E+00
  1.7188E+03  1.6387E+03  1.5029E+03  1.3245E+03  1.1197E+03  9.0601E+02  6.9957E+02  5.1355E+02  3.5672E+02  2.3307E+02  1.4258E+02  8.0485E+01  4.2153E+01  1.8783E+01  7.1294E+00  2.1240E+00
  2.0323E+03  1.9378E+03  1.7775E+03  1.5669E+03  1.3251E+03  1.0726E+03  8.2859E+02  6.0852E+02  4.2286E+02  2.7641E+02  1.6877E+02  9.4623E+01  5.0839E+01  2.2581E+01  8.8603E+00  2.3031E+00
  2.3930E+03  2.2819E+03  2.0935E+03  1.8458E+03  1.5615E+03  1.2644E+03  9.7713E+02  7.1790E+02  4.9907E+02  3.2633E+02  1.9847E+02  1.1137E+02  5.9542E+01  2.6825E+01  1.1137E+01  2.4294E+00
  2.8060E+03  2.6759E+03  2.4553E+03  2.1652E+03  1.8321E+03  1.4840E+03  1.1473E+03  8.4326E+02  5.8644E+02  3.8359E+02  2.3435E+02  1.3237E+02  6.7981E+01  3.1128E+01  1.3250E+01  2.5230E+00
  3.2768E+03  3.1249E+03  2.8675E+03  2.5291E+03  2.1405E+03  1.7344E+03  1.3413E+03  9.8619E+02  6.8609E+02  4.4890E+02  2.7634E+02  1.5789E+02  7.8809E+01  3.7351E+01  1.4748E+01  2.6800E+00
  3.8109E+03  3.6344E+03  3.3352E+03  2.9419E+03  2.4903E+03  2.0182E+03  1.5613E+03  1.1484E+03  7.9927E+02  5.2355E+02  3.1968E+02  1.8459E+02  9.3985E+01  4.6416E+01  1.5318E+01  2.9210E+00
  4.4143E+03  4.2098E+03  3.8632E+03  3.4078E+03  2.8850E+03  2.3386E+03  1.8096E+03  1.3314E+03  9.2685E+02  6.0673E+02  3.6834E+02  2.1090E+02  1.1090E+02  5.5992E+01  1.5339E+01  3.2876E+00
  5.0927E+03  4.8566E+03  4.4567E+03  3.9313E+03  3.3284E+03  2.6984E+03  2.0884E+03  1.5370E+03  1.0708E+03  7.0153E+02  4.3011E+02  2.4113E+02  1.3013E+02  6.2385E+01  1.5311E+01  3.7429E+00
  5.8521E+03  5.5805E+03  5.1206E+03  4.5167E+03  3.8240E+03  3.1004E+03  2.3999E+03  1.7667E+03  1.2303E+03  8.0811E+02  5.0020E+02  2.8295E+02  1.5761E+02  6.3702E+01  1.5812E+01  4.2699E+00
  6.6984E+03  6.3870E+03  5.8599E+03  5.1682E+03  4.3752E+03  3.5473E+03  2.7462E+03  2.0223E+03  1.4105E+03  9.2501E+02  5.7055E+02  3.3404E+02  1.8781E+02  6.1155E+01  1.7014E+01  4.8233E+00
  7.6372E+03  7.2814E+03  6.6793E+03  5.8899E+03  4.9854E+03  4.0419E+03  3.1293E+03  2.3042E+03  1.6055E+03  1.0502E+03  6.5070E+02  3.8836E+02  2.0554E+02  5.8122E+01  1.8900E+01  5.3951E+00
  8.6739E+03  8.2686E+03  7.5833E+03  6.6855E+03  5.6577E+03  4.5863E+03  3.5507E+03  2.6164E+03  1.8263E+03  1.1962E+03  7.5373E+02  4.5599E+02  2.0160E+02  5.7522E+01  2.1147E+01  5.9861E+00
  9.8132E+03  9.3532E+03  8.5759E+03  7.5583E+03  6.3945E+03  5.1826E+03  4.0122E+03  2.9541E+03  2.0624E+03  1.3674E+03  8.7487E+02  5.2675E+02  1.8280E+02  6.0356E+01  2.3518E+01  6.6063E+00
  1.1059E+04  1.0539E+04  9.6605E+03  8.5112E+03  7.1983E+03  5.8325E+03  4.5150E+03  3.3294E+03  2.3170E+03  1.5561E+03  1.0027E+03  5.5434E+02  1.6532E+02  6.5856E+01  2.5837E+01  7.2745E+00
  1.2416E+04  1.1829E+04  1.0840E+04  9.5465E+03  8.0707E+03  6.5373E+03  5.0592E+03  3.7253E+03  2.5976E+03  1.7696E+03  1.1422E+03  5.0610E+02  1.6022E+02  7.2397E+01  2.8124E+01  7.9840E+00
  1.3885E+04  1.3226E+04  1.2116E+04  1.0666E+04  9.0127E+03  7.2974E+03  5.6479E+03  4.1625E+03  2.9183E+03  2.0156E+03  1.2584E+03  4.2123E+02  1.6760E+02  7.8823E+01  3.0435E+01  8.7400E+00
  1.5467E+04  1.4731E+04  1.3489E+04  1.1869E+04  1.0025E+04  8.1138E+03  6.2741E+03  4.6204E+03  3.2989E+03  2.2644E+03  1.2263E+03  3.7081E+02  1.8116E+02  8.4672E+01  3.2839E+01  9.5112E+00
  1.7163E+04  1.6342E+04  1.4960E+04  1.3157E+04  1.1107E+04  8.9840E+03  6.9526E+03  5.1063E+03  3.7091E+03  2.4894E+03  9.9590E+02  3.6763E+02  1.9504E+02  9.0142E+01  3.5343E+01  1.0299E+01
  1.8970E+04  1.8059E+04  1.6525E+04  1.4527E+04  1.2257E+04  9.9112E+03  7.6519E+03  5.6685E+03  4.1204E+03  2.5329E+03  7.5579E+02  3.8880E+02  2.0647E+02  9.5507E+01  3.7882E+01  1.1078E+01
  2.0883E+04  1.9877E+04  1.8183E+04  1.5977E+04  1.3472E+04  1.0884E+04  8.4093E+03  6.3043E+03  4.5204E+03  2.1382E+03  7.0532E+02  4.1319E+02  2.1570E+02  1.0093E+02  4.0383E+01  1.1863E+01
  2.2897E+04  2.1790E+04  1.9927E+04  1.7502E+04  1.4750E+04  1.1915E+04  9.1884E+03  6.9835E+03  4.6497E+03  1.4752E+03  7.4432E+02  4.2823E+02  2.2381E+02  1.0627E+02  4.2771E+01  1.2635E+01
  2.5002E+04  2.3791E+04  2.1751E+04  1.9096E+04  1.6085E+04  1.2973E+04  1.0054E+04  7.6141E+03  4.0264E+03  1.1560E+03  7.6291E+02  4.3632E+02  2.3151E+02  1.1130E+02  4.5036E+01  1.3409E+01
  2.7187E+04  2.5868E+04  2.3645E+04  2.0752E+04  1.7472E+04  1.4079E+04  1.1043E+04  7.8457E+03  2.7052E+03  1.2736E+03  7.7245E+02  4.4099E+02  2.3887E+02  1.1577E+02  4.7165E+01  1.4157E+01
  2.9439E+04  2.8009E+04  2.5599E+04  2.2460E+04  1.8892E+04  1.5226E+04  1.2023E+04  6.8430E+03  1.7437E+03  1.2882E+03  7.5779E+02  4.4458E+02  2.4505E+02  1.1960E+02  4.9163E+01  1.4880E+01
  3.1739E+04  3.0197E+04  2.7597E+04  2.4204E+04  2.0350E+04  1.6488E+04  1.2356E+04  4.4952E+03  1.8642E+03  1.1801E+03  7.3734E+02  4.4863E+02  2.4937E+02  1.2276E+02  5.0985E+01  1.5545E+01
  3.4070E+04  3.2416E+04  2.9622E+04  2.5974E+04  2.1817E+04  1.7825E+04  1.0689E+04  2.4923E+03  2.0110E+03  1.1429E+03  7.2947E+02  4.4843E+02  2.5132E+02  1.2526E+02  5.2581E+01  1.6156E+01
  3.6411E+04  3.4643E+04  3.1655E+04  2.7742E+04  2.3365E+04  1.8266E+04  6.7690E+03  2.3326E+03  1.5874E+03  1.0458E+03  7.0943E+02  4.4247E+02  2.5089E+02  1.2699E+02  5.3902E+01  1.6703E+01
  3.8740E+04  3.6859E+04  3.3675E+04  2.9498E+04  2.4947E+04  1.5438E+04  3.3535E+03  2.8518E+03  1.4185E+03  1.0136E+03  6.8737E+02  4.2885E+02  2.4839E+02  1.2797E+02  5.4960E+01  1.7203E+01
  4.1037E+04  3.9042E+04  3.5658E+04  3.1283E+04  2.5392E+04  8.7075E+03  2.7899E+03  2.0494E+03  1.3328E+03  9.7702E+02  6.3819E+02  4.0918E+02  2.4418E+02  1.2820E+02  5.5810E+01  1.7662E+01
  4.3290E+04  4.1178E+04  3.7591E+04  3.3056E+04  2.1043E+04  4.5265E+03  3.6955E+03  1.4543E+03  1.1323E+03  8.0220E+02  5.7107E+02  3.8773E+02  2.3877E+02  1.2795E+02  5.6515E+01  1.8085E+01
  4.5499E+04  4.3263E+04  3.9516E+04  3.3379E+04  1.1615E+04  3.5050E+03  2.9281E+03  1.6318E+03  1.1512E+03  7.0545E+02  5.1313E+02  3.6500E+02  2.3262E+02  1.2736E+02  5.7112E+01  1.8465E+01
  4.7686E+04  4.5317E+04  4.1495E+04  2.6965E+04  6.3535E+03  4.7481E+03  1.9127E+03  1.3254E+03  8.4860E+02  5.6211E+02  4.5001E+02  3.4295E+02  2.2611E+02  1.2659E+02  5.7588E+01  1.8788E+01
  4.9907E+04  4.7430E+04  4.1471E+04  1.2594E+04  5.2040E+03  5.1280E+03  2.4853E+03  1.3083E+03  6.2775E+02  4.4351E+02  3.9979E+02  3.1977E+02  2.1935E+02  1.2558E+02  5.7896E+01  1.9043E+01
  5.2242E+04  4.9691E+04  3.1556E+04  1.0671E+04  7.1795E+03  3.8307E+03  3.1095E+03  1.7760E+03  7.7066E+02  3.9486E+02  3.3721E+02  2.9690E+02  2.1252E+02  1.2428E+02  5.7993E+01  1.9225E+01
  5.4747E+04  4.9459E+04  1.5553E+04  7.7166E+03  8.9921E+03  4.8859E+03  2.7977E+03  2.0317E+03  7.7776E+02  2.7302E+02  2.8335E+02  2.7565E+02  2.0568E+02  1.2267E+02  5.7915E+01  1.9351E+01
  5.7339E+04  3.5975E+04  1.5334E+04  1.1408E+04  7.6298E+03  7.2793E+03  4.3092E+03  1.9752E+03  7.8517E+02  2.6602E+02  2.4169E+02  2.5789E+02  1.9927E+02  1.2103E+02  5.7761E+01  1.9443E+01
  5.6626E+04  2.0849E+04  1.2812E+04  1.7536E+04  1.1278E+04  5.0651E+03  4.0613E+03  2.5100E+03  1.1125E+03  3.2911E+02  2.2310E+02  2.4389E+02  1.9422E+02  1.1979E+02  5.7675E+01  1.9530E+01
  3.6879E+04  2.1743E+04  2.6555E+04  1.1510E+04  1.2391E+04  8.7669E+03  4.7900E+03  2.0067E+03  8.9989E+02  3.2272E+02  1.9677E+02  2.3442E+02  1.9135E+02  1.1931E+02  5.7752E+01  1.9626E+01
  2.3334E+04  3.1299E+04  1.6937E+04  2.3055E+04  1.2914E+04  5.7630E+03  5.1159E+03  2.7609E+03  1.0900E+03  2.4539E+02  1.6089E+02  2.3028E+02  1.9144E+02  1.1979E+02  5.8033E+01  1.9733E+01
  3.0646E+04  3.1628E+04  1.6658E+04  2.2629E+04  1.2745E+04  5.4944E+03  5.0233E+03  2.7153E+03  1.0594E+03  2.2545E+02  1.7088E+02  2.3640E+02  1.9438E+02  1.2104E+02  5.8443E+01  1.9833E+01
  4.1466E+04  2.0551E+04  2.6444E+04  1.1472E+04  1.2178E+04  8.6503E+03  4.6693E+03  1.8490E+03  7.9723E+02  2.7836E+02  2.1534E+02  2.4916E+02  1.9871E+02  1.2252E+02  5.8826E+01  1.9893E+01
  5.8266E+04  2.4172E+04  1.3082E+04  1.7088E+04  1.1268E+04  4.9657E+03  4.0307E+03  2.4741E+03  1.0832E+03  3.1541E+02  2.4433E+02  2.5976E+02  2.0261E+02  1.2366E+02  5.9021E+01  1.9884E+01
  5.8314E+04  3.8715E+04  1.5022E+04  1.1945E+04  7.5336E+03  7.1578E+03  4.2336E+03  1.8998E+03  7.4219E+02  2.5361E+02  2.5685E+02  2.6953E+02  2.0571E+02  1.2429E+02  5.8960E+01  1.9786E+01
  5.5389E+04  5.0169E+04  1.8136E+04  8.1888E+03  8.9535E+03  4.9728E+03  2.7159E+03  1.9481E+03  7.4063E+02  2.7901E+02  2.9616E+02  2.8321E+02  2.0963E+02  1.2478E+02  5.8732E+01  1.9616E+01
  5.2668E+04  5.0085E+04  3.2803E+04  1.0718E+04  7.8146E+03  3.7769E+03  3.1189E+03  1.7373E+03  6.9595E+02  3.9009E+02  3.5092E+02  3.0461E+02  2.1557E+02  1.2561E+02  5.8451E+01  1.9391E+01
  5.0192E+04  4.7706E+04  4.1809E+04  1.4257E+04  5.2999E+03  5.2787E+03  2.4934E+03  1.3460E+03  6.5208E+02  4.6242E+02  4.1608E+02  3.2985E+02  2.2343E+02  1.2695E+02  5.8223E+01  1.9141E+01
  4.7873E+04  4.5491E+04  4.1647E+04  2.7587E+04  6.7254E+03  5.0266E+03  1.9833E+03  1.3831E+03  8.6402E+02  5.7751E+02  4.6582E+02  3.5401E+02  2.3149E+02  1.2849E+02  5.8020E+01  1.8870E+01
  4.5634E+04  4.3383E+04  3.9622E+04  3.3524E+04  1.2568E+04  3.7531E+03  3.0824E+03  1.6424E+03  1.1842E+03  7.2931E+02  5.2487E+02  3.7353E+02  2.3796E+02  1.2967E+02  5.7748E+01  1.8576E+01
  4.3425E+04  4.1301E+04  3.7700E+04  3.3139E+04  2.1390E+04  4.7909E+03  3.8305E+03  1.5371E+03  1.1836E+03  8.2891E+02  5.8398E+02  3.9327E+02  2.4251E+02  1.3002E+02  5.7256E+01  1.8236E+01
  4.1219E+04  3.9219E+04  3.5827E+04  3.1431E+04  2.5533E+04  9.1163E+03  2.9637E+03  2.1409E+03  1.3622E+03  1.0025E+03  6.5308E+02  4.1434E+02  2.4627E+02  1.2956E+02  5.6460E+01  1.7832E+01
  3.9006E+04  3.7125E+04  3.3941E+04  2.9749E+04  2.5131E+04  1.5675E+04  3.4484E+03  2.9199E+03  1.4678E+03  1.0434E+03  7.0592E+02  4.3635E+02  2.5025E+02  1.2860E+02  5.5363E+01  1.7348E+01
  3.6786E+04  3.5020E+04  3.2031E+04  2.8111E+04  2.3673E+04  1.8470E+04  6.9465E+03  2.4044E+03  1.6399E+03  1.0686E+03  7.2583E+02  4.5219E+02  2.5390E+02  1.2749E+02  5.4066E+01  1.6792E+01
  3.4567E+04  3.2911E+04  3.0110E+04  2.6432E+04  2.2230E+04  1.8093E+04  1.0860E+04  2.5097E+03  2.0418E+03  1.1696E+03  7.4355E+02  4.5760E+02  2.5563E+02  1.2616E+02  5.2654E+01  1.6180E+01
  3.2358E+04  3.0809E+04  2.8189E+04  2.4755E+04  2.0807E+04  1.6829E+04  1.2545E+04  4.5757E+03  1.8782E+03  1.2096E+03  7.5179E+02  4.5609E+02  2.5380E+02  1.2427E+02  5.1160E+01  1.5535E+01
  3.0170E+04  2.8725E+04  2.6280E+04  2.3075E+04  1.9419E+04  1.5608E+04  1.2229E+04  6.9336E+03  1.7636E+03  1.2992E+03  7.7268E+02  4.5126E+02  2.4865E+02  1.2134E+02  4.9531E+01  1.4871E+01
  2.8016E+04  2.6671E+04  2.4396E+04  2.1416E+04  1.8009E+04  1.4476E+04  1.1247E+04  7.9254E+03  2.7488E+03  1.2796E+03  7.8557E+02  4.4854E+02  2.4169E+02  1.1729E+02  4.7678E+01  1.4189E+01
  2.5907E+04  2.4659E+04  2.2549E+04  1.9788E+04  1.6638E+04  1.3372E+04  1.0282E+04  7.6845E+03  4.0591E+03  1.1715E+03  7.6842E+02  4.4414E+02  2.3444E+02  1.1240E+02  4.5547E+01  1.3483E+01
  2.3854E+04  2.2701E+04  2.0752E+04  1.8202E+04  1.5295E+04  1.2287E+04  9.4122E+03  7.0515E+03  4.6529E+03  1.4981E+03  7.4720E+02  4.3369E+02  2.2722E+02  1.0718E+02  4.3167E+01  1.2742E+01
  2.1867E+04  2.0806E+04  1.9013E+04  1.6669E+04  1.3999E+04  1.1244E+04  8.5984E+03  6.3568E+03  4.4950E+03  2.1455E+03  7.1516E+02  4.1552E+02  2.1900E+02  1.0197E+02  4.0647E+01  1.1964E+01
  1.9957E+04  1.8984E+04  1.7342E+04  1.5196E+04  1.2755E+04  1.0236E+04  7.8473E+03  5.7127E+03  4.0906E+03  2.5085E+03  7.6779E+02  3.9047E+02  2.0862E+02  9.6781E+01  3.8108E+01  1.1159E+01
  1.8131E+04  1.7244E+04  1.5746E+04  1.3791E+04  1.1570E+04  9.2811E+03  7.0941E+03  5.1678E+03  3.6804E+03  2.4467E+03  9.9739E+02  3.7191E+02  1.9578E+02  9.1351E+01  3.5627E+01  1.0349E+01
  1.6398E+04  1.5591E+04  1.4232E+04  1.2459E+04  1.0447E+04  8.3755E+03  6.4128E+03  4.6643E+03  3.2748E+03  2.2088E+03  1.2101E+03  3.7664E+02  1.8170E+02  8.5441E+01  3.3206E+01  9.5546E+00
  1.4761E+04  1.4033E+04  1.2805E+04  1.1205E+04  9.3909E+03  7.5259E+03  5.7522E+03  4.1819E+03  2.8965E+03  1.9682E+03  1.2281E+03  4.2274E+02  1.6921E+02  7.9030E+01  3.0802E+01  8.7910E+00
  1.3226E+04  1.2571E+04  1.1467E+04  1.0031E+04  8.4035E+03  6.7320E+03  5.1478E+03  3.7520E+03  2.5749E+03  1.7420E+03  1.1073E+03  4.9990E+02  1.6267E+02  7.2429E+01  2.8365E+01  8.0623E+00
  1.1796E+04  1.1210E+04  1.0223E+04  8.9389E+03  7.4861E+03  5.9954E+03  4.5819E+03  3.3293E+03  2.3020E+03  1.5258E+03  9.6987E+02  5.4167E+02  1.6684E+02  6.6206E+01  2.5893E+01  7.3617E+00
  1.0471E+04  9.9493E+03  9.0709E+03  7.9294E+03  6.6388E+03  5.3156E+03  4.0624E+03  2.9583E+03  2.0399E+03  1.3350E+03  8.5075E+02  5.1115E+02  1.8160E+02  6.1188E+01  2.3447E+01  6.6831E+00
  9.2521E+03  8.7896E+03  8.0118E+03  7.0019E+03  5.8609E+03  4.6920E+03  3.5855E+03  2.6073E+03  1.8001E+03  1.1695E+03  7.3730E+02  4.4064E+02  1.9762E+02  5.8371E+01  2.1119E+01  6.0207E+00
  8.1367E+03  7.7290E+03  7.0439E+03  6.1547E+03  5.1509E+03  4.1232E+03  3.1509E+03  2.2933E+03  1.5843E+03  1.0288E+03  6.3797E+02  3.7643E+02  2.0033E+02  5.8335E+01  1.9021E+01  5.3843E+00
  7.1224E+03  6.7650E+03  6.1644E+03  5.3854E+03  4.5066E+03  3.6074E+03  2.7569E+03  2.0061E+03  1.3841E+03  9.0416E+02  5.5596E+02  3.2563E+02  1.8266E+02  6.0419E+01  1.7287E+01  4.7844E+00
  6.2057E+03  5.8938E+03  5.3700E+03  4.6909E+03  3.9252E+03  3.1421E+03  2.4016E+03  1.7482E+03  1.2081E+03  7.8717E+02  4.8278E+02  2.7719E+02  1.5294E+02  6.2251E+01  1.6044E+01  4.2370E+00
  5.3819E+03  5.1112E+03  4.6566E+03  4.0676E+03  3.4036E+03  2.7248E+03  2.0830E+03  1.5166E+03  1.0473E+03  6.8355E+02  4.1596E+02  2.3715E+02  1.2655E+02  6.0812E+01  1.5357E+01  3.7497E+00
  4.6460E+03  4.4122E+03  4.0196E+03  3.5111E+03  2.9382E+03  2.3525E+03  1.7988E+03  1.3101E+03  9.0544E+02  5.9018E+02  3.5959E+02  2.0675E+02  1.0861E+02  5.4692E+01  1.5115E+01  3.3296E+00
  3.9924E+03  3.7914E+03  3.4541E+03  3.0173E+03  2.5251E+03  2.0221E+03  1.5466E+03  1.1267E+03  7.7881E+02  5.0803E+02  3.1098E+02  1.7851E+02  9.2394E+01  4.5370E+01  1.4956E+01  2.9800E+00
  3.4151E+03  3.2432E+03  2.9547E+03  2.5812E+03  2.1605E+03  1.7305E+03  1.3240E+03  9.6490E+02  6.6725E+02  4.3547E+02  2.6607E+02  1.5154E+02  7.7822E+01  3.6435E+01  1.4356E+01  2.7043E+00
  2.9080E+03  2.7617E+03  2.5162E+03  2.1984E+03  1.8404E+03  1.4745E+03  1.1285E+03  8.2273E+02  5.6912E+02  3.7146E+02  2.2768E+02  1.2805E+02  6.7239E+01  3.0436E+01  1.2974E+01  2.5024E+00
  2.4650E+03  2.3412E+03  2.1333E+03  1.8641E+03  1.5609E+03  1.2509E+03  9.5768E+02  6.9847E+02  4.8335E+02  3.1557E+02  1.9249E+02  1.0841E+02  5.7964E+01  2.6329E+01  1.0912E+01  2.3576E+00
  2.0802E+03  1.9758E+03  1.8005E+03  1.5736E+03  1.3180E+03  1.0566E+03  8.0920E+02  5.9042E+02  4.0873E+02  2.6693E+02  1.6308E+02  9.2386E+01  4.8894E+01  2.2307E+01  8.6858E+00  2.2256E+00
  1.7476E+03  1.6600E+03  1.5130E+03  1.3226E+03  1.1080E+03  8.8855E+02  6.8078E+02  4.9692E+02  3.4414E+02  2.2483E+02  1.3747E+02  7.8038E+01  4.0597E+01  1.8707E+01  6.9128E+00  2.0549E+00
  1.4617E+03  1.3885E+03  1.2657E+03  1.1067E+03  9.2743E+02  7.4401E+02  5.7026E+02  4.1641E+02  2.8849E+02  1.8853E+02  1.1539E+02  6.5485E+01  3.3510E+01  1.5864E+01  5.8295E+00  1.8117E+00
  1.2171E+03  1.1563E+03  1.0542E+03  9.2200E+02  7.7291E+02  6.2027E+02  4.7561E+02  3.4744E+02  2.4080E+02  1.5741E+02  9.6226E+01  5.4481E+01  2.7778E+01  1.3412E+01  5.0749E+00  1.5063E+00
  1.0090E+03  9.5870E+02  8.7424E+02  7.6479E+02  6.4133E+02  5.1488E+02  3.9496E+02  2.8864E+02  2.0012E+02  1.3085E+02  8.0005E+01  4.5075E+01  2.3137E+01  1.1270E+01  4.3123E+00  1.1917E+00
  8.3283E+02  7.9140E+02  7.2182E+02  6.3162E+02  5.2984E+02  4.2554E+02  3.2656E+02  2.3875E+02  1.6559E+02  1.0830E+02  6.6265E+01  3.7484E+01  1.9462E+01  9.2310E+00  3.5465E+00  9.2220E-01
  6.8441E+02  6.5044E+02  5.9338E+02  5.1938E+02  4.3584E+02  3.5018E+02  2.6884E+02  1.9663E+02  1.3642E+02  8.9248E+01  5.4615E+01  3.0941E+01  1.6040E+01  7.3888E+00  2.8887E+00  7.4065E-01
  5.6000E+02  5.3226E+02  4.8567E+02  4.2524E+02  3.5697E+02  2.8692E+02  2.2036E+02  1.6123E+02  1.1190E+02  7.3225E+01  4.4806E+01  2.5360E+01  1.3129E+01  5.9292E+00  2.4115E+00  6.4268E-01
  4.5621E+02  4.3367E+02  3.9580E+02  3.4665E+02  2.9110E+02  2.3407E+02  1.7984E+02  1.3163E+02  9.1385E+01  5.9816E+01  3.6607E+01  2.0724E+01  1.0627E+01  4.7808E+00  2.1083E+00  5.6676E-01
  3.7005E+02  3.5181E+02  3.2116E+02  2.8136E+02  2.3636E+02  1.9013E+02  1.4614E+02  1.0700E+02  7.4307E+01  4.8647E+01  2.9777E+01  1.6838E+01  8.6087E+00  3.9328E+00  1.7839E+00  4.6962E-01
  2.9886E+02  2.8417E+02  2.5947E+02  2.2739E+02  1.9109E+02  1.5377E+02  1.1824E+02  8.6600E+01  6.0156E+01  3.9391E+01  2.4114E+01  1.3615E+01  7.0126E+00  3.2784E+00  1.3874E+00  3.5339E-01
  2.4033E+02  2.2854E+02  2.0872E+02  1.8297E+02  1.5381E+02  1.2382E+02  9.5245E+01  6.9784E+01  4.8487E+01  3.1756E+01  1.9441E+01  1.1005E+01  5.6557E+00  2.6314E+00  1.0865E+00  2.7156E-01
  1.9243E+02  1.8301E+02  1.6718E+02  1.4659E+02  1.2328E+02  9.9276E+01  7.6390E+01  5.5987E+01  3.8910E+01  2.5488E+01  1.5605E+01  8.8438E+00  4.5551E+00  2.1075E+00  9.0596E-01  2.4568E-01
  1.5341E+02  1.4592E+02  1.3333E+02  1.1694E+02  9.8376E+01  7.9251E+01  6.1002E+01  4.4722E+01  3.1088E+01  2.0367E+01  1.2470E+01  7.0482E+00  3.6501E+00  1.6943E+00  6.6329E-01  2.3537E-01
  1.2177E+02  1.1585E+02  1.0587E+02  9.2887E+01  7.8164E+01  6.2990E+01  4.8501E+01  3.5567E+01  2.4729E+01  1.6203E+01  9.9214E+00  5.6062E+00  2.8762E+00  1.3113E+00  5.1091E-01  2.2373E-01
  9.6246E+01  9.1573E+01  8.3704E+01  7.3460E+01  6.1836E+01  4.9848E+01  3.8394E+01  2.8162E+01  1.9584E+01  1.2833E+01  7.8578E+00  4.4470E+00  2.2758E+00  1.0223E+00  4.4881E-01  1.6779E-01
  7.5743E+01  7.2074E+01  6.5894E+01  5.7845E+01  4.8707E+01  3.9276E+01  3.0260E+01  2.2201E+01  1.5442E+01  1.0119E+01  6.1971E+00  3.5075E+00  1.8009E+00  8.2207E-01  3.3738E-01  1.3283E-01
  5.9350E+01  5.6482E+01  5.1649E+01  4.5352E+01  3.8199E+01  3.0812E+01  2.3745E+01  1.7425E+01  1.2121E+01  7.9432E+00  4.8629E+00  2.7476E+00  1.4031E+00  6.5432E-01  2.7656E-01  1.4055E-01
  4.6305E+01  4.4072E+01  4.0309E+01  3.5403E+01  2.9827E+01  2.4066E+01  1.8551E+01  1.3617E+01  9.4737E+00  6.2106E+00  3.8053E+00  2.1532E+00  1.1164E+00  5.1940E-01  2.3537E-01  1.1337E-01
  3.5972E+01  3.4241E+01  3.1323E+01  2.7517E+01  2.3189E+01  1.8715E+01  1.4430E+01  1.0592E+01  7.3683E+00  4.8262E+00  2.9494E+00  1.6590E+00  8.5237E-01  4.0073E-01  1.8570E-01  8.0207E-02
  2.7824E+01  2.6488E+01  2.4234E+01  2.1295E+01  1.7951E+01  1.4491E+01  1.1176E+01  8.2080E+00  5.7161E+00  3.7528E+00  2.3023E+00  1.3044E+00  6.6539E-01  3.1865E-01  1.4282E-01  5.8892E-02
  2.1429E+01  2.0402E+01  1.8669E+01  1.6408E+01  1.3834E+01  1.1169E+01  8.6125E+00  6.3183E+00  4.3857E+00  2.8572E+00  1.7291E+00  9.6468E-01  4.9187E-01  2.2635E-01  9.3831E-02  4.9349E-02
  1.6432E+01  1.5646E+01  1.4320E+01  1.2589E+01  1.0618E+01  8.5797E+00  6.6287E+00  4.8842E+00  3.4177E+00  2.2560E+00  1.3942E+00  7.9989E-01  4.2224E-01  1.8918E-01  8.9645E-02  4.5775E-02
  1.2547E+01  1.1948E+01  1.0936E+01  9.6124E+00  8.1006E+00  6.5271E+00  5.0077E+00  3.6367E+00  2.4831E+00  1.5867E+00  9.4857E-01  5.2977E-01  2.6944E-01  1.2646E-01  6.4036E-02  4.5726E-02
  9.5389E+00  9.0848E+00  8.3219E+00  7.3329E+00  6.2176E+00  5.0732E+00  3.9785E+00  2.9875E+00  2.1347E+00  1.4402E+00  9.0712E-01  5.2189E-01  2.6848E-01  1.2562E-01  5.7192E-02  3.0661E-02
  7.2177E+00  6.8537E+00  6.2318E+00  5.4081E+00  4.4613E+00  3.4856E+00  2.5746E+00  1.7979E+00  1.1889E+00  7.4823E-01  4.4734E-01  2.4863E-01  1.2808E-01  6.2291E-02  4.4618E-02  2.4130E-02
  5.4697E+00  5.3369E+00  5.0921E+00  4.7274E+00  4.2393E+00  3.6401E+00  2.9663E+00  2.2758E+00  1.6316E+00  1.0842E+00  6.6380E-01  3.7413E-01  1.9208E-01  8.9522E-02  5.3573E-02  4.0374E-02
