# CREATED BY GENE DIAGNOSTICS TOOL on Sat May 17 18:02:03 2025 /home/unix/ottink/gene/diagnostics
# diag: vsp1, run(s): vim010vep040, time window: 119.65-119.67576(1 steps), species: e
# original data path: /Differ/Data/IMT/lottink/Tokamak_nTEM/vres_scan/v1/
# normalization: L_ref=1.65m
#
# vpar
 -3.0000E+00
 -2.9528E+00
 -2.9055E+00
 -2.8583E+00
 -2.8110E+00
 -2.7638E+00
 -2.7165E+00
 -2.6693E+00
 -2.6220E+00
 -2.5748E+00
 -2.5276E+00
 -2.4803E+00
 -2.4331E+00
 -2.3858E+00
 -2.3386E+00
 -2.2913E+00
 -2.2441E+00
 -2.1969E+00
 -2.1496E+00
 -2.1024E+00
 -2.0551E+00
 -2.0079E+00
 -1.9606E+00
 -1.9134E+00
 -1.8661E+00
 -1.8189E+00
 -1.7717E+00
 -1.7244E+00
 -1.6772E+00
 -1.6299E+00
 -1.5827E+00
 -1.5354E+00
 -1.4882E+00
 -1.4409E+00
 -1.3937E+00
 -1.3465E+00
 -1.2992E+00
 -1.2520E+00
 -1.2047E+00
 -1.1575E+00
 -1.1102E+00
 -1.0630E+00
 -1.0157E+00
 -9.6850E-01
 -9.2126E-01
 -8.7402E-01
 -8.2677E-01
 -7.7953E-01
 -7.3228E-01
 -6.8504E-01
 -6.3780E-01
 -5.9055E-01
 -5.4331E-01
 -4.9606E-01
 -4.4882E-01
 -4.0157E-01
 -3.5433E-01
 -3.0709E-01
 -2.5984E-01
 -2.1260E-01
 -1.6535E-01
 -1.1811E-01
 -7.0866E-02
 -2.3622E-02
  2.3622E-02
  7.0866E-02
  1.1811E-01
  1.6535E-01
  2.1260E-01
  2.5984E-01
  3.0709E-01
  3.5433E-01
  4.0157E-01
  4.4882E-01
  4.9606E-01
  5.4331E-01
  5.9055E-01
  6.3780E-01
  6.8504E-01
  7.3228E-01
  7.7953E-01
  8.2677E-01
  8.7402E-01
  9.2126E-01
  9.6850E-01
  1.0157E+00
  1.0630E+00
  1.1102E+00
  1.1575E+00
  1.2047E+00
  1.2520E+00
  1.2992E+00
  1.3465E+00
  1.3937E+00
  1.4409E+00
  1.4882E+00
  1.5354E+00
  1.5827E+00
  1.6299E+00
  1.6772E+00
  1.7244E+00
  1.7717E+00
  1.8189E+00
  1.8661E+00
  1.9134E+00
  1.9606E+00
  2.0079E+00
  2.0551E+00
  2.1024E+00
  2.1496E+00
  2.1969E+00
  2.2441E+00
  2.2913E+00
  2.3386E+00
  2.3858E+00
  2.4331E+00
  2.4803E+00
  2.5276E+00
  2.5748E+00
  2.6220E+00
  2.6693E+00
  2.7165E+00
  2.7638E+00
  2.8110E+00
  2.8583E+00
  2.9055E+00
  2.9528E+00
  3.0000E+00


# mu
  5.5286E-02
  2.9341E-01
  7.3088E-01
  1.3853E+00
  2.2877E+00
  3.4931E+00
  5.1107E+00
  7.4232E+00


# trapped boundary
#  mu         vpar      
  5.5286E-02 -1.3503E-01
  5.5286E-02  1.4677E-01
  2.9341E-01 -3.2290E-01
  2.9341E-01  3.3464E-01
  7.3088E-01 -5.1076E-01
  7.3088E-01  5.2251E-01
  1.3853E+00 -7.1037E-01
  1.3853E+00  7.2211E-01
  2.2877E+00 -9.2172E-01
  2.2877E+00  9.3346E-01
  3.4931E+00 -1.1331E+00
  3.4931E+00  1.1448E+00
  5.1107E+00 -1.3679E+00
  5.1107E+00  1.3796E+00
  7.4232E+00 -1.6614E+00
  7.4232E+00  1.6732E+00


# , time = 119.67576, var = <|f|^2>^(1/2) , z = 0
  4.4511E+03  3.9197E+03  3.0870E+03  2.0381E+03  1.0492E+03  4.1715E+02  1.3926E+02  5.8753E+02
  5.9727E+03  4.9220E+03  3.4753E+03  2.1179E+03  1.0327E+03  3.8568E+02  1.5684E+02  7.0861E+02
  8.0571E+03  6.7045E+03  4.8267E+03  3.0129E+03  1.5859E+03  6.3368E+02  1.9639E+02  1.0094E+03
  1.0811E+04  8.9849E+03  6.4274E+03  3.9038E+03  1.9749E+03  7.7179E+02  2.4566E+02  6.6990E+02
  1.4438E+04  1.1997E+04  8.5887E+03  5.2387E+03  2.6652E+03  1.0796E+03  4.8069E+02  7.0145E+02
  1.9193E+04  1.5942E+04  1.1405E+04  6.9444E+03  3.4925E+03  1.3937E+03  6.5899E+02  1.6964E+03
  2.5394E+04  2.1087E+04  1.5079E+04  9.1823E+03  4.6257E+03  1.8526E+03  7.7689E+02  2.3915E+03
  3.3444E+04  2.7763E+04  1.9844E+04  1.2080E+04  6.0814E+03  2.4154E+03  9.3232E+02  3.6833E+03
  4.3840E+04  3.6384E+04  2.5996E+04  1.5821E+04  7.9696E+03  3.1681E+03  1.7136E+03  4.0573E+03
  5.7201E+04  4.7464E+04  3.3900E+04  2.0626E+04  1.0393E+04  4.1283E+03  2.4491E+03  4.4741E+03
  7.4291E+04  6.1634E+04  4.4007E+04  2.6771E+04  1.3495E+04  5.3666E+03  1.9007E+03  4.2462E+03
  9.6043E+04  7.9670E+04  5.6871E+04  3.4591E+04  1.7444E+04  6.9406E+03  2.9392E+03  3.3808E+03
  1.2359E+05  1.0252E+05  7.3165E+04  4.4499E+04  2.2451E+04  8.9467E+03  4.7305E+03  2.6155E+03
  1.5832E+05  1.3132E+05  9.3710E+04  5.6993E+04  2.8769E+04  1.1474E+04  4.9649E+03  3.4523E+03
  2.0188E+05  1.6745E+05  1.1949E+05  7.2677E+04  3.6708E+04  1.4647E+04  6.0811E+03  2.5909E+03
  2.5626E+05  2.1258E+05  1.5169E+05  9.2275E+04  4.6637E+04  1.8666E+04  1.0772E+04  3.2030E+03
  3.2382E+05  2.6865E+05  1.9173E+05  1.1665E+05  5.9001E+04  2.3624E+04  1.2355E+04  2.5206E+03
  4.0736E+05  3.3801E+05  2.4127E+05  1.4684E+05  7.4331E+04  2.9778E+04  2.8904E+04  3.7419E+03
  5.1014E+05  4.2339E+05  3.0230E+05  1.8405E+05  9.3253E+04  3.7494E+04  2.6399E+04  4.2067E+03
  6.3601E+05  5.2800E+05  3.7712E+05  2.2972E+05  1.1651E+05  4.6974E+04  3.9349E+04  5.3917E+03
  7.8942E+05  6.5557E+05  4.6844E+05  2.8551E+05  1.4497E+05  5.8364E+04  2.6786E+04  7.2263E+03
  9.7550E+05  8.1040E+05  5.7937E+05  3.5337E+05  1.7965E+05  7.2848E+04  3.6624E+04  8.6594E+03
  1.2001E+06  9.9745E+05  7.1353E+05  4.3555E+05  2.2173E+05  8.9968E+04  3.2999E+04  1.0573E+04
  1.4700E+06  1.2224E+06  8.7502E+05  5.3461E+05  2.7257E+05  1.1175E+05  4.5042E+04  1.4120E+04
  1.7928E+06  1.4915E+06  1.0685E+06  6.5352E+05  3.3376E+05  1.4058E+05  4.3402E+04  1.6627E+04
  2.1769E+06  1.8121E+06  1.2994E+06  7.9562E+05  4.0699E+05  1.7930E+05  5.1608E+04  2.1700E+04
  2.6319E+06  2.1923E+06  1.5735E+06  9.6469E+05  4.9471E+05  2.1547E+05  6.9423E+04  2.1662E+04
  3.1684E+06  2.6410E+06  1.8975E+06  1.1650E+06  5.9792E+05  2.8277E+05  9.6903E+04  1.6071E+04
  3.7981E+06  3.1681E+06  2.2789E+06  1.4013E+06  7.2316E+05  3.1249E+05  1.2174E+05  8.6952E+03
  4.5335E+06  3.7846E+06  2.7257E+06  1.6789E+06  8.6285E+05  3.6584E+05  1.4268E+05  2.2894E+04
  5.3886E+06  4.5021E+06  3.2469E+06  2.0035E+06  1.0466E+06  4.5564E+05  1.7519E+05  3.8813E+04
  6.3783E+06  5.3337E+06  3.8521E+06  2.3817E+06  1.2192E+06  5.1663E+05  2.5549E+05  5.6056E+04
  7.5185E+06  6.2931E+06  4.5520E+06  2.8208E+06  1.5083E+06  6.4151E+05  3.0891E+05  6.7078E+04
  8.8261E+06  7.3949E+06  5.3579E+06  3.3274E+06  1.6937E+06  8.0988E+05  2.9389E+05  7.7061E+04
  1.0319E+07  8.6548E+06  6.2818E+06  3.9130E+06  2.1469E+06  1.0387E+06  1.7072E+05  8.5713E+04
  1.2016E+07  1.0089E+07  7.3369E+06  4.5781E+06  2.3477E+06  1.1179E+06  1.5457E+05  9.2586E+04
  1.3937E+07  1.1716E+07  8.5369E+06  5.3568E+06  2.9288E+06  1.3225E+06  3.1504E+05  9.9814E+04
  1.6101E+07  1.3552E+07  9.8963E+06  6.1975E+06  3.2485E+06  1.7721E+06  4.8393E+05  1.0632E+05
  1.8530E+07  1.5616E+07  1.1431E+07  7.2609E+06  3.9931E+06  2.1088E+06  5.5813E+05  1.1173E+05
  2.1244E+07  1.7928E+07  1.3157E+07  8.2461E+06  4.6389E+06  1.7676E+06  6.2244E+05  1.2063E+05
  2.4265E+07  2.0509E+07  1.5093E+07  9.7645E+06  5.5167E+06  1.1724E+06  6.8255E+05  1.2603E+05
  2.7615E+07  2.3377E+07  1.7256E+07  1.0849E+07  6.1988E+06  1.5743E+06  7.1868E+05  1.3535E+05
  3.1316E+07  2.6557E+07  1.9674E+07  1.2921E+07  7.4990E+06  1.9870E+06  7.8126E+05  1.4458E+05
  3.5391E+07  3.0070E+07  2.2350E+07  1.4353E+07  8.8472E+06  2.4650E+06  8.5622E+05  1.4848E+05
  3.9864E+07  3.3941E+07  2.5373E+07  1.6841E+07  8.5504E+06  2.7660E+06  9.0077E+05  1.6410E+05
  4.4760E+07  3.8200E+07  2.8631E+07  1.9112E+07  7.0897E+06  3.0346E+06  1.0092E+06  1.6297E+05
  5.0106E+07  4.2877E+07  3.2485E+07  2.2280E+07  8.3161E+06  3.5255E+06  1.0965E+06  1.7970E+05
  5.5932E+07  4.8011E+07  3.6419E+07  2.5966E+07  9.4806E+06  3.9589E+06  1.1467E+06  1.8637E+05
  6.2274E+07  5.3653E+07  4.1439E+07  2.9233E+07  1.0364E+07  4.3012E+06  1.3185E+06  1.9402E+05
  6.9174E+07  5.9864E+07  4.6532E+07  2.8835E+07  1.1893E+07  4.8841E+06  1.3344E+06  2.1880E+05
  7.6688E+07  6.6739E+07  5.3408E+07  2.8904E+07  1.3466E+07  5.4643E+06  1.4804E+06  2.1730E+05
  8.4886E+07  7.4397E+07  6.2063E+07  3.1368E+07  1.4886E+07  5.6476E+06  1.6260E+06  2.4839E+05
  9.3863E+07  8.3064E+07  7.2198E+07  3.3149E+07  1.6125E+07  6.3860E+06  1.6588E+06  2.5170E+05
  1.0375E+08  9.3005E+07  7.7852E+07  3.5797E+07  1.7264E+07  6.7941E+06  1.9014E+06  2.6645E+05
  1.1474E+08  1.0520E+08  7.7326E+07  3.8969E+07  1.9135E+07  7.0332E+06  1.9187E+06  2.8262E+05
  1.2712E+08  1.2221E+08  7.6458E+07  4.0640E+07  1.9686E+07  7.8942E+06  2.0141E+06  2.8639E+05
  1.4130E+08  1.4647E+08  7.6779E+07  4.3150E+07  2.0498E+07  7.8889E+06  2.1029E+06  2.9863E+05
  1.5796E+08  1.6564E+08  7.9665E+07  4.3440E+07  2.2265E+07  8.0037E+06  2.1285E+06  3.3441E+05
  1.7839E+08  1.5977E+08  8.1699E+07  4.5080E+07  2.1853E+07  8.1736E+06  2.1274E+06  3.1220E+05
  2.0700E+08  1.4190E+08  7.8982E+07  4.7337E+07  2.1405E+07  8.5515E+06  2.5210E+06  4.0402E+05
  2.5221E+08  1.3222E+08  8.0402E+07  4.4700E+07  2.1134E+07  7.9398E+06  2.1708E+06  3.3178E+05
  2.8618E+08  1.2638E+08  7.5452E+07  4.5553E+07  2.4529E+07  1.0074E+07  2.8190E+06  4.2109E+05
  2.2714E+08  1.1380E+08  7.3408E+07  4.1314E+07  1.9978E+07  7.5299E+06  1.9970E+06  2.9091E+05
  1.5232E+08  1.0015E+08  7.1720E+07  3.8669E+07  1.5137E+07  4.2461E+06  7.6843E+05  9.9278E+04
  1.0611E+08  1.0615E+08  7.5835E+07  5.0989E+07  2.9277E+07  1.3232E+07  4.1653E+06  7.0980E+05
  1.7737E+08  8.7720E+07  6.7317E+07  4.2762E+07  2.2673E+07  9.4192E+06  2.7776E+06  4.5230E+05
  2.2284E+08  9.8054E+07  6.4567E+07  3.9092E+07  1.8017E+07  6.7617E+06  1.9006E+06  3.0833E+05
  1.6178E+08  9.8006E+07  6.4618E+07  3.8722E+07  1.9925E+07  8.1670E+06  2.3309E+06  3.6432E+05
  1.0502E+08  1.0093E+08  6.3534E+07  3.8901E+07  2.0016E+07  7.4841E+06  1.9134E+06  2.7407E+05
  7.4318E+07  1.2408E+08  6.4945E+07  3.9110E+07  1.9426E+07  7.5768E+06  2.1469E+06  3.3351E+05
  5.6450E+07  1.0923E+08  6.7178E+07  3.9085E+07  1.9091E+07  7.6611E+06  2.0710E+06  2.9183E+05
  4.6120E+07  7.1042E+07  6.1830E+07  3.8637E+07  1.9650E+07  7.4536E+06  1.9843E+06  3.0220E+05
  4.1581E+07  4.6644E+07  6.5511E+07  3.7551E+07  1.9094E+07  7.1446E+06  1.9743E+06  2.9404E+05
  4.1089E+07  3.8541E+07  6.8061E+07  3.7602E+07  1.8472E+07  7.3767E+06  1.9284E+06  2.7566E+05
  4.2853E+07  3.6920E+07  5.3794E+07  3.6142E+07  1.8199E+07  6.9867E+06  1.8113E+06  2.7071E+05
  4.5543E+07  3.7794E+07  3.6354E+07  3.3957E+07  1.7561E+07  6.7376E+06  1.8709E+06  2.6327E+05
  4.8378E+07  3.9482E+07  2.9880E+07  3.4997E+07  1.6702E+07  6.6404E+06  1.7263E+06  2.4482E+05
  5.0958E+07  4.1384E+07  2.9408E+07  3.3491E+07  1.5924E+07  6.1043E+06  1.6859E+06  2.5277E+05
  5.3092E+07  4.3065E+07  3.0068E+07  2.6556E+07  1.5347E+07  5.8514E+06  1.6282E+06  2.2781E+05
  5.4702E+07  4.4398E+07  3.0898E+07  2.0474E+07  1.4295E+07  5.6087E+06  1.4639E+06  2.2934E+05
  5.5765E+07  4.5315E+07  3.1327E+07  1.8901E+07  1.3566E+07  5.1278E+06  1.4358E+06  2.1341E+05
  5.6294E+07  4.5808E+07  3.1791E+07  1.8768E+07  1.2908E+07  4.7561E+06  1.3036E+06  1.9674E+05
  5.6317E+07  4.5892E+07  3.1802E+07  1.8735E+07  1.0919E+07  4.4755E+06  1.2041E+06  1.9229E+05
  5.5873E+07  4.5594E+07  3.1685E+07  1.8701E+07  9.2742E+06  4.0539E+06  1.1366E+06  1.6762E+05
  5.5007E+07  4.4949E+07  3.1268E+07  1.8437E+07  9.1054E+06  3.7874E+06  1.0052E+06  1.6293E+05
  5.3770E+07  4.3995E+07  3.0666E+07  1.8184E+07  8.9147E+06  3.5314E+06  9.1492E+05  1.4489E+05
  5.2209E+07  4.2774E+07  2.9865E+07  1.7632E+07  8.6057E+06  2.9570E+06  8.4299E+05  1.3170E+05
  5.0377E+07  4.1325E+07  2.8906E+07  1.7189E+07  8.3584E+06  2.6885E+06  7.3675E+05  1.2225E+05
  4.8322E+07  3.9688E+07  2.7812E+07  1.6481E+07  8.0930E+06  2.9323E+06  6.8891E+05  1.0531E+05
  4.6092E+07  3.7903E+07  2.6608E+07  1.5849E+07  7.8148E+06  3.0777E+06  6.2308E+05  9.6190E+04
  4.3731E+07  3.6005E+07  2.5321E+07  1.5076E+07  7.4306E+06  2.9306E+06  5.0806E+05  8.4927E+04
  4.1281E+07  3.4028E+07  2.3972E+07  1.4313E+07  7.0683E+06  2.6924E+06  4.6141E+05  7.2754E+04
  3.8780E+07  3.2003E+07  2.2584E+07  1.3499E+07  6.6949E+06  2.5488E+06  4.3414E+05  6.8155E+04
  3.6262E+07  2.9959E+07  2.1177E+07  1.2680E+07  6.2805E+06  2.4473E+06  5.3976E+05  5.7628E+04
  3.3757E+07  2.7920E+07  1.9766E+07  1.1851E+07  5.8712E+06  2.2969E+06  6.4099E+05  5.1232E+04
  3.1291E+07  2.5907E+07  1.8368E+07  1.1027E+07  5.4753E+06  2.1160E+06  6.3196E+05  4.5071E+04
  2.8886E+07  2.3939E+07  1.6996E+07  1.0215E+07  5.0606E+06  1.9841E+06  5.7397E+05  3.1503E+04
  2.6561E+07  2.2032E+07  1.5661E+07  9.4216E+06  4.6778E+06  1.8197E+06  4.9075E+05  3.0579E+04
  2.4329E+07  2.0197E+07  1.4372E+07  8.6526E+06  4.2906E+06  1.6912E+06  4.5137E+05  3.2207E+04
  2.2202E+07  1.8444E+07  1.3136E+07  7.9130E+06  3.9258E+06  1.4965E+06  4.3622E+05  4.6568E+04
  2.0187E+07  1.6780E+07  1.1960E+07  7.2065E+06  3.5727E+06  1.4421E+06  4.0071E+05  5.8011E+04
  1.8290E+07  1.5211E+07  1.0846E+07  6.5361E+06  3.2385E+06  1.2256E+06  3.4863E+05  6.0756E+04
  1.6513E+07  1.3738E+07  9.7990E+06  5.9037E+06  2.9224E+06  1.1572E+06  3.2041E+05  5.8186E+04
  1.4857E+07  1.2363E+07  8.8190E+06  5.3108E+06  2.6259E+06  1.0096E+06  2.7662E+05  4.8033E+04
  1.3322E+07  1.1086E+07  7.9068E+06  4.7580E+06  2.3492E+06  9.1138E+05  2.6496E+05  4.1335E+04
  1.1904E+07  9.9057E+06  7.0619E+06  4.2454E+06  2.0926E+06  8.0541E+05  2.1308E+05  3.4452E+04
  1.0601E+07  8.8190E+06  6.2832E+06  3.7724E+06  1.8560E+06  7.1482E+05  2.1237E+05  3.1890E+04
  9.4069E+06  7.8230E+06  5.5687E+06  3.3384E+06  1.6389E+06  6.2884E+05  1.5912E+05  2.9649E+04
  8.3182E+06  6.9139E+06  4.9162E+06  2.9420E+06  1.4410E+06  5.5166E+05  1.7271E+05  2.6142E+04
  7.3291E+06  6.0877E+06  4.3230E+06  2.5818E+06  1.2613E+06  4.8142E+05  1.1542E+05  2.1247E+04
  6.4339E+06  5.3398E+06  3.7861E+06  2.2561E+06  1.0992E+06  4.1852E+05  1.3245E+05  1.8757E+04
  5.6267E+06  4.6655E+06  3.3023E+06  1.9630E+06  9.5366E+05  3.6192E+05  8.7129E+04  1.3932E+04
  4.9019E+06  4.0601E+06  2.8683E+06  1.7006E+06  8.2366E+05  3.1166E+05  9.3711E+04  1.5457E+04
  4.2534E+06  3.5188E+06  2.4808E+06  1.4667E+06  7.0815E+05  2.6713E+05  7.0746E+04  1.0110E+04
  3.6757E+06  3.0370E+06  2.1363E+06  1.2593E+06  6.0604E+05  2.2791E+05  5.9879E+04  1.1767E+04
  3.1631E+06  2.6098E+06  1.8315E+06  1.0764E+06  5.1625E+05  1.9351E+05  5.4154E+04  6.2520E+03
  2.7102E+06  2.2329E+06  1.5631E+06  9.1571E+05  4.3771E+05  1.6364E+05  4.3794E+04  8.9791E+03
  2.3118E+06  1.9018E+06  1.3279E+06  7.7538E+05  3.6935E+05  1.3759E+05  3.4835E+04  4.8574E+03
  1.9630E+06  1.6123E+06  1.1228E+06  6.5343E+05  3.1023E+05  1.1522E+05  3.1100E+04  7.3300E+03
  1.6589E+06  1.3603E+06  9.4479E+05  5.4799E+05  2.5928E+05  9.5464E+04  2.5241E+04  3.5715E+03
  1.3953E+06  1.1422E+06  7.9114E+05  4.5735E+05  2.1581E+05  7.8407E+04  1.9893E+04  5.3923E+03
  1.1678E+06  9.5436E+05  6.5918E+05  3.7983E+05  1.7817E+05  6.3277E+04  1.7207E+04  2.6943E+03
  9.7241E+05  7.9336E+05  5.4649E+05  3.1409E+05  1.4556E+05  5.0850E+04  1.4263E+04  4.4254E+03
  8.0559E+05  6.5614E+05  4.5090E+05  2.5772E+05  1.1593E+05  4.1392E+04  1.1379E+04  1.6380E+03
  6.6390E+05  5.3994E+05  3.7026E+05  2.0786E+05  9.0151E+04  3.3429E+04  9.0495E+03  2.1584E+03
  5.4434E+05  4.4249E+05  3.0020E+05  1.6204E+05  7.2610E+04  2.8929E+04  8.1522E+03  1.3238E+03
  4.4460E+05  3.5728E+05  2.3044E+05  1.1824E+05  5.4853E+04  2.0825E+04  5.4168E+03  1.5804E+03
  3.5351E+05  2.7400E+05  1.8102E+05  1.0830E+05  5.6198E+04  2.2025E+04  6.1771E+03  1.7481E+03
