# CREATED BY GENE DIAGNOSTICS TOOL on Sat May 17 18:20:44 2025 /home/unix/ottink/gene/diagnostics
# diag: vsp1, run(s): vip010vem001, time window: 271.4-271.43713(2 steps), species: e
# original data path: /Differ/Data/IMT/lottink/RFP_nTEM/vres_scan/v2/
# normalization: L_ref=1.5m
#
# vpar
 -3.0000E+00
 -2.9048E+00
 -2.8095E+00
 -2.7143E+00
 -2.6190E+00
 -2.5238E+00
 -2.4286E+00
 -2.3333E+00
 -2.2381E+00
 -2.1429E+00
 -2.0476E+00
 -1.9524E+00
 -1.8571E+00
 -1.7619E+00
 -1.6667E+00
 -1.5714E+00
 -1.4762E+00
 -1.3810E+00
 -1.2857E+00
 -1.1905E+00
 -1.0952E+00
 -1.0000E+00
 -9.0476E-01
 -8.0952E-01
 -7.1429E-01
 -6.1905E-01
 -5.2381E-01
 -4.2857E-01
 -3.3333E-01
 -2.3810E-01
 -1.4286E-01
 -4.7619E-02
  4.7619E-02
  1.4286E-01
  2.3810E-01
  3.3333E-01
  4.2857E-01
  5.2381E-01
  6.1905E-01
  7.1429E-01
  8.0952E-01
  9.0476E-01
  1.0000E+00
  1.0952E+00
  1.1905E+00
  1.2857E+00
  1.3810E+00
  1.4762E+00
  1.5714E+00
  1.6667E+00
  1.7619E+00
  1.8571E+00
  1.9524E+00
  2.0476E+00
  2.1429E+00
  2.2381E+00
  2.3333E+00
  2.4286E+00
  2.5238E+00
  2.6190E+00
  2.7143E+00
  2.8095E+00
  2.9048E+00
  3.0000E+00


# mu
  1.8108E-02
  9.5589E-02
  2.3573E-01
  4.3989E-01
  7.1007E-01
  1.0491E+00
  1.4607E+00
  1.9499E+00
  2.5234E+00
  3.1901E+00
  3.9625E+00
  4.8582E+00
  5.9041E+00
  7.1447E+00
  8.6646E+00
  1.0681E+01


# trapped boundary
#  mu         vpar      
  1.8108E-02 -7.6321E-02
  1.8108E-02  8.8062E-02
  9.5589E-02 -1.8200E-01
  9.5589E-02  1.9374E-01
  2.3573E-01 -2.8767E-01
  2.3573E-01  2.9941E-01
  4.3989E-01 -4.0509E-01
  4.3989E-01  4.1683E-01
  7.1007E-01 -5.1076E-01
  7.1007E-01  5.2250E-01
  1.0491E+00 -6.1644E-01
  1.0491E+00  6.2818E-01
  1.4607E+00 -7.3386E-01
  1.4607E+00  7.4560E-01
  1.9499E+00 -8.5127E-01
  1.9499E+00  8.6301E-01
  2.5234E+00 -9.6869E-01
  2.5234E+00  9.8043E-01
  3.1901E+00 -1.0861E+00
  3.1901E+00  1.0978E+00
  3.9625E+00 -1.2153E+00
  3.9625E+00  1.2270E+00
  4.8582E+00 -1.3444E+00
  4.8582E+00  1.3562E+00
  5.9041E+00 -1.4736E+00
  5.9041E+00  1.4853E+00
  7.1447E+00 -1.6262E+00
  7.1447E+00  1.6380E+00
  8.6646E+00 -1.7906E+00
  8.6646E+00  1.8023E+00
  1.0681E+01 -1.9902E+00
  1.0681E+01  2.0020E+00


# , time = 271.4183, var = <|f|^2>^(1/2) , z = 0
  8.6057E-03  8.3253E-03  7.8395E-03  7.1782E-03  6.3820E-03  5.4987E-03  4.5799E-03  3.6760E-03  2.8322E-03  2.0844E-03  1.4564E-03  9.5846E-04  5.8744E-04  3.3619E-04  1.7016E-04  5.8574E-05
  1.5052E-02  1.4487E-02  1.3517E-02  1.2217E-02  1.0682E-02  9.0225E-03  7.3468E-03  5.7532E-03  4.3195E-03  3.0972E-03  2.1095E-03  1.3541E-03  8.1253E-04  4.3936E-04  2.3257E-04  1.4502E-04
  2.5887E-02  2.4926E-02  2.3278E-02  2.1072E-02  1.8472E-02  1.5662E-02  1.2821E-02  1.0111E-02  7.6567E-03  5.5456E-03  3.8198E-03  2.4838E-03  1.5015E-03  8.6266E-04  4.1905E-04  1.9084E-04
  4.3718E-02  4.2095E-02  3.9311E-02  3.5581E-02  3.1184E-02  2.6427E-02  2.1616E-02  1.7023E-02  1.2865E-02  9.2910E-03  6.3753E-03  4.1212E-03  2.5044E-03  1.3481E-03  7.3065E-04  3.7346E-04
  7.2502E-02  6.9810E-02  6.5194E-02  5.9009E-02  5.1718E-02  4.3832E-02  3.5857E-02  2.8246E-02  2.1358E-02  1.5437E-02  1.0604E-02  6.8806E-03  4.1170E-03  2.3920E-03  1.1449E-03  6.9022E-04
  1.1808E-01  1.1369E-01  1.0617E-01  9.6102E-02  8.4227E-02  7.1383E-02  5.8394E-02  4.5997E-02  3.4777E-02  2.5131E-02  1.7262E-02  1.1149E-02  6.8479E-03  3.6517E-03  1.9609E-03  8.7992E-04
  1.8884E-01  1.8183E-01  1.6980E-01  1.5369E-01  1.3470E-01  1.1416E-01  9.3390E-02  7.3563E-02  5.5619E-02  4.0195E-02  2.7595E-02  1.7956E-02  1.0630E-02  6.1550E-03  3.2085E-03  1.1300E-03
  2.9657E-01  2.8556E-01  2.6668E-01  2.4138E-01  2.1156E-01  1.7929E-01  1.4667E-01  1.1553E-01  8.7348E-02  6.3119E-02  4.3383E-02  2.7903E-02  1.7304E-02  9.3467E-03  4.9042E-03  1.9539E-03
  4.5740E-01  4.4042E-01  4.1129E-01  3.7227E-01  3.2627E-01  2.7652E-01  2.2620E-01  1.7817E-01  1.3471E-01  9.7352E-02  6.6760E-02  4.3698E-02  2.5709E-02  1.4894E-02  6.8092E-03  3.6149E-03
  6.9274E-01  6.6702E-01  6.2291E-01  5.6381E-01  4.9415E-01  4.1879E-01  3.4258E-01  2.6984E-01  2.0401E-01  1.4739E-01  1.0148E-01  6.4906E-02  4.0324E-02  2.2331E-02  1.1383E-02  6.1395E-03
  1.0303E+00  9.9203E-01  9.2642E-01  8.3854E-01  7.3492E-01  6.2283E-01  5.0949E-01  4.0130E-01  3.0339E-01  2.1930E-01  1.5004E-01  9.8656E-02  5.9118E-02  3.1539E-02  2.2037E-02  1.0343E-02
  1.5047E+00  1.4489E+00  1.3530E+00  1.2247E+00  1.0733E+00  9.0963E-01  7.4408E-01  5.8607E-01  4.4309E-01  3.1994E-01  2.2085E-01  1.4161E-01  8.6039E-02  4.9705E-02  3.6314E-02  1.6674E-02
  2.1581E+00  2.0780E+00  1.9405E+00  1.7564E+00  1.5394E+00  1.3046E+00  1.0671E+00  8.4048E-01  6.3533E-01  4.5954E-01  3.1395E-01  2.0613E-01  1.2093E-01  8.6883E-02  5.5160E-02  2.5720E-02
  3.0394E+00  2.9266E+00  2.7330E+00  2.4737E+00  2.1680E+00  1.8372E+00  1.5028E+00  1.1836E+00  8.9491E-01  6.4556E-01  4.4691E-01  2.8650E-01  1.8399E-01  1.3816E-01  8.1211E-02  4.7491E-02
  4.2036E+00  4.0475E+00  3.7798E+00  3.4211E+00  2.9982E+00  2.5408E+00  2.0783E+00  1.6368E+00  1.2369E+00  8.9606E-01  6.1424E-01  3.9434E-01  2.9901E-01  2.0364E-01  1.1775E-01  9.0189E-02
  5.7090E+00  5.4970E+00  5.1333E+00  4.6461E+00  4.0718E+00  3.4505E+00  2.8223E+00  2.2228E+00  1.6811E+00  1.2141E+00  8.2782E-01  5.8401E-01  4.5450E-01  2.8732E-01  2.1968E-01  1.4469E-01
  7.6137E+00  7.3309E+00  6.8459E+00  6.1961E+00  5.4300E+00  4.6014E+00  3.7635E+00  2.9635E+00  2.2402E+00  1.6188E+00  1.1218E+00  9.0112E-01  6.4271E-01  4.5722E-01  4.3855E-01  2.1403E-01
  9.9707E+00  9.6004E+00  8.9651E+00  8.1140E+00  7.1107E+00  6.0254E+00  4.9278E+00  3.8817E+00  2.9372E+00  2.1126E+00  1.6325E+00  1.2944E+00  9.2332E-01  9.5178E-01  7.4177E-01  3.1353E-01
  1.2822E+01  1.2346E+01  1.1528E+01  1.0434E+01  9.1434E+00  7.7475E+00  6.3367E+00  4.9910E+00  3.7648E+00  2.8323E+00  2.3465E+00  1.7433E+00  1.7698E+00  1.7855E+00  1.1369E+00  4.4783E-01
  1.6191E+01  1.5589E+01  1.4557E+01  1.3174E+01  1.1545E+01  9.7817E+00  7.9995E+00  6.2990E+00  4.7965E+00  3.9179E+00  3.0725E+00  2.9368E+00  3.4898E+00  2.8199E+00  1.6787E+00  6.2760E-01
  2.0075E+01  1.9328E+01  1.8048E+01  1.6334E+01  1.4312E+01  1.2126E+01  9.9194E+00  7.8114E+00  6.2495E+00  5.0995E+00  4.5328E+00  5.8005E+00  5.6509E+00  4.1277E+00  2.3695E+00  8.7174E-01
  2.4439E+01  2.3531E+01  2.1972E+01  1.9883E+01  1.7421E+01  1.4761E+01  1.2069E+01  9.6900E+00  8.0144E+00  6.7701E+00  8.5284E+00  9.5599E+00  8.1123E+00  5.7859E+00  3.2057E+00  1.1870E+00
  2.9213E+01  2.8126E+01  2.6261E+01  2.3764E+01  2.0820E+01  1.7639E+01  1.4498E+01  1.2017E+01  9.9684E+00  1.1471E+01  1.4135E+01  1.3471E+01  1.1150E+01  7.6833E+00  4.2117E+00  1.5769E+00
  3.4282E+01  3.3006E+01  3.0815E+01  2.7882E+01  2.4430E+01  2.0722E+01  1.7332E+01  1.4425E+01  1.4642E+01  1.8750E+01  1.9554E+01  1.8051E+01  1.4551E+01  9.8252E+00  5.3641E+00  2.0393E+00
  3.9493E+01  3.8020E+01  3.5494E+01  3.2116E+01  2.8149E+01  2.4044E+01  2.0261E+01  1.8681E+01  2.2945E+01  2.5458E+01  2.5502E+01  2.3152E+01  1.8100E+01  1.2203E+01  6.6288E+00  2.5614E+00
  4.4653E+01  4.2987E+01  4.0131E+01  3.6318E+01  3.1903E+01  2.7398E+01  2.4142E+01  2.6908E+01  3.0566E+01  3.2305E+01  3.2145E+01  2.8076E+01  2.1920E+01  1.4662E+01  7.9657E+00  3.1256E+00
  4.9549E+01  4.7700E+01  4.4536E+01  4.0322E+01  3.5484E+01  3.0991E+01  3.1143E+01  3.4529E+01  3.7505E+01  3.9964E+01  3.8072E+01  3.3154E+01  2.5683E+01  1.7129E+01  9.3049E+00  3.7038E+00
  5.3954E+01  5.1934E+01  4.8472E+01  4.3860E+01  3.8804E+01  3.6314E+01  3.7656E+01  4.0702E+01  4.5268E+01  4.6248E+01  4.3854E+01  3.7960E+01  2.9210E+01  1.9455E+01  1.0588E+01  4.2642E+00
  5.7573E+01  5.5366E+01  5.1542E+01  4.6638E+01  4.2434E+01  4.0925E+01  4.2434E+01  4.7519E+01  5.1117E+01  5.1894E+01  4.9085E+01  4.2062E+01  3.2344E+01  2.1519E+01  1.1730E+01  4.7716E+00
  5.9513E+01  5.7217E+01  5.3286E+01  4.8850E+01  4.5222E+01  4.3964E+01  4.7398E+01  5.2091E+01  5.5663E+01  5.6706E+01  5.2998E+01  4.5504E+01  3.4829E+01  2.3219E+01  1.2662E+01  5.1892E+00
  5.7983E+01  5.6798E+01  5.4258E+01  5.0531E+01  4.6982E+01  4.6953E+01  5.0059E+01  5.5005E+01  5.9438E+01  5.9591E+01  5.6162E+01  4.7745E+01  3.6670E+01  2.4387E+01  1.3329E+01  5.4878E+00
  6.1905E+01  5.9190E+01  5.6666E+01  5.2419E+01  4.8887E+01  4.8076E+01  5.1697E+01  5.7465E+01  6.0501E+01  6.1802E+01  5.7335E+01  4.9045E+01  3.7544E+01  2.5015E+01  1.3666E+01  5.6423E+00
  6.9651E+01  6.7330E+01  6.1123E+01  5.4651E+01  4.9841E+01  4.8227E+01  5.1472E+01  5.7136E+01  6.0192E+01  6.1632E+01  5.7235E+01  4.8997E+01  3.7524E+01  2.5008E+01  1.3664E+01  5.6416E+00
  7.1337E+01  6.7599E+01  6.1721E+01  5.4982E+01  4.9457E+01  4.8058E+01  5.0403E+01  5.5040E+01  5.9406E+01  5.9492E+01  5.6032E+01  4.7669E+01  3.6632E+01  2.4371E+01  1.3322E+01  5.4860E+00
  6.5093E+01  6.2740E+01  5.8744E+01  5.3119E+01  4.7866E+01  4.5307E+01  4.7868E+01  5.2152E+01  5.5604E+01  5.6675E+01  5.2987E+01  4.5466E+01  3.4803E+01  2.3203E+01  1.2654E+01  5.1866E+00
  6.0250E+01  5.8120E+01  5.4567E+01  4.9660E+01  4.4662E+01  4.2155E+01  4.2918E+01  4.7616E+01  5.1063E+01  5.1773E+01  4.9006E+01  4.2036E+01  3.2322E+01  2.1504E+01  1.1722E+01  4.7687E+00
  5.5485E+01  5.3496E+01  5.0108E+01  4.5605E+01  4.0414E+01  3.7340E+01  3.8122E+01  4.0829E+01  4.5258E+01  4.6205E+01  4.3786E+01  3.7900E+01  2.9181E+01  1.9438E+01  1.0579E+01  4.2611E+00
  5.0365E+01  4.8536E+01  4.5401E+01  4.1233E+01  3.6444E+01  3.1826E+01  3.1573E+01  3.4676E+01  3.7497E+01  3.9927E+01  3.8057E+01  3.3127E+01  2.5652E+01  1.7112E+01  9.2963E+00  3.7007E+00
  4.4969E+01  4.3318E+01  4.0490E+01  3.6715E+01  3.2337E+01  2.7854E+01  2.4497E+01  2.7033E+01  3.0607E+01  3.2301E+01  3.2111E+01  2.8061E+01  2.1904E+01  1.4647E+01  7.9580E+00  3.1228E+00
  3.9454E+01  3.8000E+01  3.5506E+01  3.2171E+01  2.8256E+01  2.4187E+01  2.0428E+01  1.8802E+01  2.2978E+01  2.5460E+01  2.5485E+01  2.3119E+01  1.8086E+01  1.2193E+01  6.6230E+00  2.5592E+00
  3.4006E+01  3.2751E+01  3.0598E+01  2.7715E+01  2.4319E+01  2.0670E+01  1.7323E+01  1.4430E+01  1.4607E+01  1.8706E+01  1.9529E+01  1.8032E+01  1.4530E+01  9.8173E+00  5.3602E+00  2.0377E+00
  2.8791E+01  2.7728E+01  2.5904E+01  2.3460E+01  2.0579E+01  1.7464E+01  1.4377E+01  1.1947E+01  9.9147E+00  1.1423E+01  1.4097E+01  1.3454E+01  1.1141E+01  7.6762E+00  4.2090E+00  1.5759E+00
  2.3944E+01  2.3060E+01  2.1542E+01  1.9508E+01  1.7110E+01  1.4515E+01  1.1888E+01  9.5561E+00  7.9471E+00  6.7215E+00  8.5066E+00  9.5450E+00  8.1095E+00  5.7837E+00  3.2043E+00  1.1866E+00
  1.9558E+01  1.8836E+01  1.7595E+01  1.5934E+01  1.3973E+01  1.1853E+01  9.7063E+00  7.6556E+00  6.1458E+00  5.0750E+00  4.5297E+00  5.8034E+00  5.6493E+00  4.1292E+00  2.3695E+00  8.7173E-01
  1.5691E+01  1.5111E+01  1.4116E+01  1.2782E+01  1.1209E+01  9.5064E+00  7.7861E+00  6.1383E+00  4.6769E+00  3.8440E+00  3.0564E+00  2.9421E+00  3.4944E+00  2.8215E+00  1.6800E+00  6.2792E-01
  1.2363E+01  1.1906E+01  1.1122E+01  1.0071E+01  8.8311E+00  7.4892E+00  6.1311E+00  4.8373E+00  3.6547E+00  2.7472E+00  2.2907E+00  1.7245E+00  1.7730E+00  1.7881E+00  1.1385E+00  4.4831E-01
  9.5672E+00  9.2134E+00  8.6063E+00  7.7928E+00  6.8333E+00  5.7948E+00  4.7440E+00  3.7404E+00  2.8322E+00  2.0420E+00  1.5859E+00  1.2665E+00  9.1599E-01  9.5512E-01  7.4314E-01  3.1408E-01
  7.2708E+00  7.0019E+00  6.5404E+00  5.9221E+00  5.1928E+00  4.4035E+00  3.6046E+00  2.8419E+00  2.1529E+00  1.5545E+00  1.0845E+00  8.8601E-01  6.3408E-01  4.5759E-01  4.4014E-01  2.1449E-01
  5.4266E+00  5.2258E+00  4.8814E+00  4.4198E+00  3.8755E+00  3.2863E+00  2.6901E+00  2.1205E+00  1.6046E+00  1.1659E+00  7.9369E-01  5.6647E-01  4.4925E-01  2.8457E-01  2.2078E-01  1.4490E-01
  3.9775E+00  3.8303E+00  3.5779E+00  3.2395E+00  2.8405E+00  2.4086E+00  1.9716E+00  1.5542E+00  1.1762E+00  8.4922E-01  5.8761E-01  3.7577E-01  2.9060E-01  2.0100E-01  1.1711E-01  9.0374E-02
  2.8631E+00  2.7571E+00  2.5754E+00  2.3318E+00  2.0446E+00  1.7337E+00  1.4191E+00  1.1186E+00  8.4639E-01  6.1376E-01  4.2003E-01  2.7145E-01  1.7506E-01  1.3564E-01  8.0407E-02  4.7639E-02
  2.0239E+00  1.9490E+00  1.8205E+00  1.6484E+00  1.4453E+00  1.2255E+00  1.0031E+00  7.9068E-01  5.9829E-01  4.3204E-01  2.9986E-01  1.9341E-01  1.1408E-01  8.4119E-02  5.4726E-02  2.5499E-02
  1.4050E+00  1.3530E+00  1.2638E+00  1.1443E+00  1.0033E+00  8.5073E-01  6.9633E-01  5.4886E-01  4.1530E-01  3.0070E-01  2.0533E-01  1.3587E-01  8.1403E-02  4.7209E-02  3.5617E-02  1.6509E-02
  9.5788E-01  9.2244E-01  8.6162E-01  7.8012E-01  6.8400E-01  5.7997E-01  4.7470E-01  3.7416E-01  2.8310E-01  2.0464E-01  1.4153E-01  9.0235E-02  5.6274E-02  2.9794E-02  2.1241E-02  1.0302E-02
  6.4131E-01  6.1758E-01  5.7686E-01  5.2229E-01  4.5793E-01  3.8828E-01  3.1781E-01  2.5049E-01  1.8953E-01  1.3712E-01  9.3923E-02  6.2038E-02  3.6583E-02  2.0893E-02  1.0851E-02  5.9361E-03
  4.2166E-01  4.0605E-01  3.7927E-01  3.4340E-01  3.0108E-01  2.5528E-01  2.0894E-01  1.6469E-01  1.2460E-01  9.0105E-02  6.2088E-02  3.9741E-02  2.4891E-02  1.3804E-02  6.3459E-03  3.4393E-03
  2.7225E-01  2.6218E-01  2.4489E-01  2.2172E-01  1.9440E-01  1.6483E-01  1.3491E-01  1.0633E-01  8.0448E-02  5.8185E-02  3.9948E-02  2.6180E-02  1.5349E-02  8.9509E-03  4.7033E-03  1.8974E-03
  1.7263E-01  1.6624E-01  1.5528E-01  1.4059E-01  1.2326E-01  1.0451E-01  8.5538E-02  6.7418E-02  5.1007E-02  3.6889E-02  2.5375E-02  1.6351E-02  1.0197E-02  5.4032E-03  3.0094E-03  1.0633E-03
  1.0750E-01  1.0352E-01  9.6689E-02  8.7542E-02  7.6752E-02  6.5076E-02  5.3261E-02  4.1978E-02  3.1759E-02  2.2967E-02  1.5781E-02  1.0271E-02  6.0891E-03  3.5888E-03  1.7648E-03  9.2120E-04
  6.5734E-02  6.3300E-02  5.9126E-02  5.3531E-02  4.6934E-02  3.9794E-02  3.2569E-02  2.5670E-02  1.9423E-02  1.4048E-02  9.6600E-03  6.2520E-03  3.8461E-03  2.0475E-03  1.1221E-03  6.0521E-04
  3.9474E-02  3.8013E-02  3.5506E-02  3.2146E-02  2.8183E-02  2.3894E-02  1.9553E-02  1.5407E-02  1.1651E-02  8.4199E-03  5.7817E-03  3.7481E-03  2.2439E-03  1.3084E-03  6.2061E-04  3.4993E-04
  2.3279E-02  2.2417E-02  2.0939E-02  1.8960E-02  1.6626E-02  1.4102E-02  1.1550E-02  9.1129E-03  6.9053E-03  5.0045E-03  3.4497E-03  2.2431E-03  1.3714E-03  7.4552E-04  4.1365E-04  2.3718E-04
  1.3480E-02  1.2976E-02  1.2110E-02  1.0947E-02  9.5757E-03  8.0914E-03  6.5919E-03  5.1650E-03  3.8804E-03  2.7843E-03  1.8978E-03  1.2198E-03  7.2875E-04  4.1261E-04  1.9849E-04  7.4199E-05
  7.6758E-03  7.4269E-03  6.9953E-03  6.4072E-03  5.6986E-03  4.9119E-03  4.0928E-03  3.2864E-03  2.5332E-03  1.8653E-03  1.3041E-03  8.5876E-04  5.2847E-04  2.9537E-04  1.6034E-04  1.3395E-04


# trapped boundary
#  mu         vpar      
  1.8108E-02 -7.6321E-02
  1.8108E-02  8.8062E-02
  9.5589E-02 -1.8200E-01
  9.5589E-02  1.9374E-01
  2.3573E-01 -2.8767E-01
  2.3573E-01  2.9941E-01
  4.3989E-01 -4.0509E-01
  4.3989E-01  4.1683E-01
  7.1007E-01 -5.1076E-01
  7.1007E-01  5.2250E-01
  1.0491E+00 -6.1644E-01
  1.0491E+00  6.2818E-01
  1.4607E+00 -7.3386E-01
  1.4607E+00  7.4560E-01
  1.9499E+00 -8.5127E-01
  1.9499E+00  8.6301E-01
  2.5234E+00 -9.6869E-01
  2.5234E+00  9.8043E-01
  3.1901E+00 -1.0861E+00
  3.1901E+00  1.0978E+00
  3.9625E+00 -1.2153E+00
  3.9625E+00  1.2270E+00
  4.8582E+00 -1.3444E+00
  4.8582E+00  1.3562E+00
  5.9041E+00 -1.4736E+00
  5.9041E+00  1.4853E+00
  7.1447E+00 -1.6262E+00
  7.1447E+00  1.6380E+00
  8.6646E+00 -1.7906E+00
  8.6646E+00  1.8023E+00
  1.0681E+01 -1.9902E+00
  1.0681E+01  2.0020E+00


# , time = 271.43713, var = <|f|^2>^(1/2) , z = 0
  8.6320E-03  8.3508E-03  7.8635E-03  7.2002E-03  6.4015E-03  5.5155E-03  4.5939E-03  3.6872E-03  2.8409E-03  2.0908E-03  1.4608E-03  9.6139E-04  5.8924E-04  3.3722E-04  1.7068E-04  5.8752E-05
  1.5098E-02  1.4531E-02  1.3558E-02  1.2254E-02  1.0715E-02  9.0501E-03  7.3693E-03  5.7708E-03  4.3328E-03  3.1067E-03  2.1160E-03  1.3582E-03  8.1502E-04  4.4071E-04  2.3328E-04  1.4546E-04
  2.5966E-02  2.5002E-02  2.3349E-02  2.1136E-02  1.8529E-02  1.5710E-02  1.2860E-02  1.0141E-02  7.6802E-03  5.5625E-03  3.8315E-03  2.4914E-03  1.5061E-03  8.6530E-04  4.2033E-04  1.9142E-04
  4.3852E-02  4.2224E-02  3.9431E-02  3.5690E-02  3.1279E-02  2.6508E-02  2.1682E-02  1.7075E-02  1.2905E-02  9.3195E-03  6.3948E-03  4.1338E-03  2.5121E-03  1.3522E-03  7.3289E-04  3.7460E-04
  7.2724E-02  7.0024E-02  6.5393E-02  5.9190E-02  5.1876E-02  4.3966E-02  3.5967E-02  2.8332E-02  2.1423E-02  1.5484E-02  1.0637E-02  6.9017E-03  4.1296E-03  2.3994E-03  1.1484E-03  6.9233E-04
  1.1844E-01  1.1404E-01  1.0650E-01  9.6396E-02  8.4485E-02  7.1602E-02  5.8573E-02  4.6138E-02  3.4883E-02  2.5208E-02  1.7315E-02  1.1183E-02  6.8688E-03  3.6628E-03  1.9669E-03  8.8261E-04
  1.8942E-01  1.8238E-01  1.7032E-01  1.5417E-01  1.3512E-01  1.1451E-01  9.3676E-02  7.3788E-02  5.5790E-02  4.0318E-02  2.7679E-02  1.8011E-02  1.0663E-02  6.1738E-03  3.2183E-03  1.1334E-03
  2.9748E-01  2.8644E-01  2.6750E-01  2.4212E-01  2.1220E-01  1.7984E-01  1.4712E-01  1.1588E-01  8.7616E-02  6.3312E-02  4.3516E-02  2.7988E-02  1.7357E-02  9.3754E-03  4.9192E-03  1.9596E-03
  4.5880E-01  4.4176E-01  4.1255E-01  3.7341E-01  3.2727E-01  2.7736E-01  2.2689E-01  1.7872E-01  1.3512E-01  9.7650E-02  6.6964E-02  4.3832E-02  2.5787E-02  1.4940E-02  6.8300E-03  3.6255E-03
  6.9486E-01  6.6906E-01  6.2481E-01  5.6554E-01  4.9566E-01  4.2007E-01  3.4362E-01  2.7066E-01  2.0463E-01  1.4784E-01  1.0179E-01  6.5105E-02  4.0448E-02  2.2400E-02  1.1418E-02  6.1578E-03
  1.0334E+00  9.9507E-01  9.2926E-01  8.4110E-01  7.3717E-01  6.2474E-01  5.1105E-01  4.0253E-01  3.0432E-01  2.1998E-01  1.5050E-01  9.8958E-02  5.9299E-02  3.1635E-02  2.2106E-02  1.0374E-02
  1.5093E+00  1.4533E+00  1.3572E+00  1.2284E+00  1.0766E+00  9.1241E-01  7.4635E-01  5.8786E-01  4.4444E-01  3.2092E-01  2.2152E-01  1.4204E-01  8.6302E-02  4.9858E-02  3.6427E-02  1.6726E-02
  2.1647E+00  2.0843E+00  1.9465E+00  1.7618E+00  1.5441E+00  1.3085E+00  1.0704E+00  8.4305E-01  6.3728E-01  4.6095E-01  3.1491E-01  2.0676E-01  1.2130E-01  8.7151E-02  5.5333E-02  2.5800E-02
  3.0487E+00  2.9355E+00  2.7414E+00  2.4813E+00  2.1746E+00  1.8429E+00  1.5074E+00  1.1873E+00  8.9765E-01  6.4754E-01  4.4828E-01  2.8738E-01  1.8455E-01  1.3859E-01  8.1466E-02  4.7640E-02
  4.2165E+00  4.0599E+00  3.7914E+00  3.4316E+00  3.0074E+00  2.5486E+00  2.0846E+00  1.6418E+00  1.2407E+00  8.9880E-01  6.1612E-01  3.9555E-01  2.9992E-01  2.0427E-01  1.1812E-01  9.0473E-02
  5.7264E+00  5.5138E+00  5.1490E+00  4.6604E+00  4.0843E+00  3.4611E+00  2.8309E+00  2.2296E+00  1.6862E+00  1.2178E+00  8.3035E-01  5.8580E-01  4.5589E-01  2.8820E-01  2.2037E-01  1.4516E-01
  7.6370E+00  7.3533E+00  6.8668E+00  6.2151E+00  5.4467E+00  4.6155E+00  3.7750E+00  2.9726E+00  2.2471E+00  1.6238E+00  1.1252E+00  9.0387E-01  6.4468E-01  4.5863E-01  4.3993E-01  2.1472E-01
  1.0001E+01  9.6298E+00  8.9925E+00  8.1389E+00  7.1325E+00  6.0438E+00  4.9428E+00  3.8936E+00  2.9462E+00  2.1190E+00  1.6375E+00  1.2984E+00  9.2613E-01  9.5471E-01  7.4409E-01  3.1454E-01
  1.2861E+01  1.2383E+01  1.1564E+01  1.0466E+01  9.1714E+00  7.7712E+00  6.3561E+00  5.0063E+00  3.7764E+00  2.8409E+00  2.3536E+00  1.7486E+00  1.7752E+00  1.7910E+00  1.1404E+00  4.4928E-01
  1.6240E+01  1.5637E+01  1.4601E+01  1.3215E+01  1.1580E+01  9.8116E+00  8.0240E+00  6.3183E+00  4.8112E+00  3.9299E+00  3.0819E+00  2.9458E+00  3.5005E+00  2.8286E+00  1.6839E+00  6.2962E-01
  2.0136E+01  1.9388E+01  1.8104E+01  1.6384E+01  1.4356E+01  1.2163E+01  9.9497E+00  7.8353E+00  6.2686E+00  5.1151E+00  4.5466E+00  5.8182E+00  5.6681E+00  4.1403E+00  2.3768E+00  8.7450E-01
  2.4514E+01  2.3603E+01  2.2039E+01  1.9944E+01  1.7475E+01  1.4806E+01  1.2106E+01  9.7196E+00  8.0389E+00  6.7908E+00  8.5544E+00  9.5891E+00  8.1371E+00  5.8036E+00  3.2155E+00  1.1908E+00
  2.9302E+01  2.8212E+01  2.6342E+01  2.3836E+01  2.0884E+01  1.7693E+01  1.4542E+01  1.2053E+01  9.9988E+00  1.1506E+01  1.4179E+01  1.3512E+01  1.1184E+01  7.7067E+00  4.2246E+00  1.5818E+00
  3.4387E+01  3.3107E+01  3.0910E+01  2.7967E+01  2.4504E+01  2.0786E+01  1.7385E+01  1.4469E+01  1.4687E+01  1.8807E+01  1.9614E+01  1.8106E+01  1.4595E+01  9.8552E+00  5.3806E+00  2.0456E+00
  3.9614E+01  3.8137E+01  3.5603E+01  3.2214E+01  2.8235E+01  2.4118E+01  2.0323E+01  1.8738E+01  2.3015E+01  2.5535E+01  2.5580E+01  2.3222E+01  1.8156E+01  1.2241E+01  6.6491E+00  2.5693E+00
  4.4790E+01  4.3118E+01  4.0254E+01  3.6430E+01  3.2001E+01  2.7482E+01  2.4216E+01  2.6991E+01  3.0659E+01  3.2404E+01  3.2243E+01  2.8161E+01  2.1987E+01  1.4706E+01  7.9901E+00  3.1352E+00
  4.9700E+01  4.7846E+01  4.4672E+01  4.0446E+01  3.5592E+01  3.1086E+01  3.1238E+01  3.4634E+01  3.7619E+01  4.0086E+01  3.8188E+01  3.3255E+01  2.5761E+01  1.7182E+01  9.3333E+00  3.7152E+00
  5.4119E+01  5.2093E+01  4.8621E+01  4.3994E+01  3.8922E+01  3.6425E+01  3.7771E+01  4.0826E+01  4.5406E+01  4.6390E+01  4.3988E+01  3.8076E+01  2.9299E+01  1.9514E+01  1.0620E+01  4.2773E+00
  5.7750E+01  5.5535E+01  5.1700E+01  4.6781E+01  4.2563E+01  4.1050E+01  4.2563E+01  4.7664E+01  5.1273E+01  5.2053E+01  4.9235E+01  4.2190E+01  3.2443E+01  2.1584E+01  1.1766E+01  4.7863E+00
  5.9695E+01  5.7392E+01  5.3449E+01  4.8999E+01  4.5361E+01  4.4098E+01  4.7543E+01  5.2251E+01  5.5834E+01  5.6879E+01  5.3160E+01  4.5642E+01  3.4935E+01  2.3290E+01  1.2701E+01  5.2051E+00
  5.8160E+01  5.6972E+01  5.4424E+01  5.0685E+01  4.7126E+01  4.7096E+01  5.0212E+01  5.5173E+01  5.9620E+01  5.9773E+01  5.6334E+01  4.7891E+01  3.6782E+01  2.4461E+01  1.3369E+01  5.5047E+00
  6.2095E+01  5.9371E+01  5.6840E+01  5.2579E+01  4.9037E+01  4.8223E+01  5.1855E+01  5.7641E+01  6.0686E+01  6.1990E+01  5.7510E+01  4.9195E+01  3.7658E+01  2.5091E+01  1.3708E+01  5.6596E+00
  6.9865E+01  6.7536E+01  6.1310E+01  5.4818E+01  4.9993E+01  4.8375E+01  5.1629E+01  5.7311E+01  6.0376E+01  6.1820E+01  5.7410E+01  4.9147E+01  3.7639E+01  2.5084E+01  1.3706E+01  5.6589E+00
  7.1556E+01  6.7806E+01  6.1909E+01  5.5150E+01  4.9608E+01  4.8205E+01  5.0557E+01  5.5208E+01  5.9588E+01  5.9673E+01  5.6204E+01  4.7815E+01  3.6744E+01  2.4445E+01  1.3363E+01  5.5028E+00
  6.5292E+01  6.2932E+01  5.8924E+01  5.3281E+01  4.8013E+01  4.5445E+01  4.8014E+01  5.2312E+01  5.5774E+01  5.6848E+01  5.3149E+01  4.5604E+01  3.4909E+01  2.3274E+01  1.2693E+01  5.2026E+00
  6.0434E+01  5.8298E+01  5.4734E+01  4.9812E+01  4.4799E+01  4.2284E+01  4.3049E+01  4.7761E+01  5.1219E+01  5.1931E+01  4.9156E+01  4.2164E+01  3.2420E+01  2.1570E+01  1.1758E+01  4.7834E+00
  5.5655E+01  5.3660E+01  5.0261E+01  4.5745E+01  4.0538E+01  3.7454E+01  3.8238E+01  4.0953E+01  4.5396E+01  4.6346E+01  4.3920E+01  3.8016E+01  2.9270E+01  1.9497E+01  1.0611E+01  4.2742E+00
  5.0519E+01  4.8685E+01  4.5540E+01  4.1360E+01  3.6556E+01  3.1923E+01  3.1670E+01  3.4782E+01  3.7612E+01  4.0048E+01  3.8173E+01  3.3228E+01  2.5730E+01  1.7164E+01  9.3247E+00  3.7121E+00
  4.5106E+01  4.3450E+01  4.0614E+01  3.6827E+01  3.2436E+01  2.7939E+01  2.4571E+01  2.7115E+01  3.0700E+01  3.2399E+01  3.2209E+01  2.8147E+01  2.1971E+01  1.4692E+01  7.9823E+00  3.1324E+00
  3.9575E+01  3.8116E+01  3.5615E+01  3.2270E+01  2.8342E+01  2.4261E+01  2.0490E+01  1.8859E+01  2.3048E+01  2.5537E+01  2.5563E+01  2.3189E+01  1.8141E+01  1.2231E+01  6.6433E+00  2.5671E+00
  3.4110E+01  3.2851E+01  3.0691E+01  2.7799E+01  2.4393E+01  2.0734E+01  1.7376E+01  1.4474E+01  1.4652E+01  1.8763E+01  1.9589E+01  1.8087E+01  1.4574E+01  9.8472E+00  5.3766E+00  2.0441E+00
  2.8879E+01  2.7813E+01  2.5983E+01  2.3532E+01  2.0642E+01  1.7517E+01  1.4422E+01  1.1984E+01  9.9450E+00  1.1458E+01  1.4140E+01  1.3495E+01  1.1175E+01  7.6997E+00  4.2219E+00  1.5808E+00
  2.4017E+01  2.3130E+01  2.1608E+01  1.9568E+01  1.7162E+01  1.4560E+01  1.1924E+01  9.5853E+00  7.9714E+00  6.7420E+00  8.5326E+00  9.5741E+00  8.1342E+00  5.8014E+00  3.2142E+00  1.1903E+00
  1.9618E+01  1.8893E+01  1.7649E+01  1.5982E+01  1.4016E+01  1.1889E+01  9.7360E+00  7.6790E+00  6.1646E+00  5.0905E+00  4.5435E+00  5.8211E+00  5.6665E+00  4.1418E+00  2.3768E+00  8.7449E-01
  1.5739E+01  1.5157E+01  1.4159E+01  1.2821E+01  1.1243E+01  9.5355E+00  7.8100E+00  6.1571E+00  4.6912E+00  3.8557E+00  3.0657E+00  2.9510E+00  3.5050E+00  2.8301E+00  1.6852E+00  6.2993E-01
  1.2401E+01  1.1943E+01  1.1156E+01  1.0102E+01  8.8581E+00  7.5122E+00  6.1499E+00  4.8521E+00  3.6659E+00  2.7556E+00  2.2977E+00  1.7297E+00  1.7784E+00  1.7936E+00  1.1421E+00  4.4976E-01
  9.5965E+00  9.2416E+00  8.6326E+00  7.8166E+00  6.8542E+00  5.8125E+00  4.7585E+00  3.7518E+00  2.8409E+00  2.0483E+00  1.5907E+00  1.2703E+00  9.1878E-01  9.5806E-01  7.4547E-01  3.1510E-01
  7.2931E+00  7.0233E+00  6.5604E+00  5.9402E+00  5.2087E+00  4.4170E+00  3.6157E+00  2.8506E+00  2.1595E+00  1.5593E+00  1.0878E+00  8.8871E-01  6.3601E-01  4.5900E-01  4.4153E-01  2.1518E-01
  5.4432E+00  5.2418E+00  4.8963E+00  4.4334E+00  3.8873E+00  3.2964E+00  2.6984E+00  2.1270E+00  1.6095E+00  1.1695E+00  7.9612E-01  5.6821E-01  4.5062E-01  2.8545E-01  2.2148E-01  1.4536E-01
  3.9897E+00  3.8421E+00  3.5888E+00  3.2495E+00  2.8492E+00  2.4160E+00  1.9776E+00  1.5589E+00  1.1798E+00  8.5182E-01  5.8941E-01  3.7692E-01  2.9149E-01  2.0162E-01  1.1748E-01  9.0658E-02
  2.8718E+00  2.7656E+00  2.5833E+00  2.3390E+00  2.0508E+00  1.7390E+00  1.4234E+00  1.1220E+00  8.4899E-01  6.1564E-01  4.2131E-01  2.7228E-01  1.7560E-01  1.3606E-01  8.0660E-02  4.7788E-02
  2.0301E+00  1.9550E+00  1.8261E+00  1.6534E+00  1.4497E+00  1.2293E+00  1.0062E+00  7.9310E-01  6.0012E-01  4.3336E-01  3.0078E-01  1.9400E-01  1.1443E-01  8.4379E-02  5.4898E-02  2.5579E-02
  1.4093E+00  1.3572E+00  1.2677E+00  1.1478E+00  1.0064E+00  8.5333E-01  6.9846E-01  5.5054E-01  4.1657E-01  3.0162E-01  2.0596E-01  1.3629E-01  8.1652E-02  4.7354E-02  3.5728E-02  1.6560E-02
  9.6082E-01  9.2526E-01  8.6425E-01  7.8251E-01  6.8609E-01  5.8174E-01  4.7616E-01  3.7531E-01  2.8397E-01  2.0527E-01  1.4196E-01  9.0511E-02  5.6447E-02  2.9885E-02  2.1307E-02  1.0333E-02
  6.4328E-01  6.1947E-01  5.7862E-01  5.2389E-01  4.5934E-01  3.8947E-01  3.1878E-01  2.5126E-01  1.9011E-01  1.3754E-01  9.4210E-02  6.2227E-02  3.6695E-02  2.0957E-02  1.0884E-02  5.9538E-03
  4.2295E-01  4.0729E-01  3.8044E-01  3.4445E-01  3.0200E-01  2.5607E-01  2.0958E-01  1.6519E-01  1.2498E-01  9.0381E-02  6.2278E-02  3.9862E-02  2.4967E-02  1.3846E-02  6.3653E-03  3.4493E-03
  2.7309E-01  2.6298E-01  2.4564E-01  2.2240E-01  1.9499E-01  1.6533E-01  1.3532E-01  1.0665E-01  8.0694E-02  5.8363E-02  4.0070E-02  2.6260E-02  1.5396E-02  8.9783E-03  4.7177E-03  1.9029E-03
  1.7316E-01  1.6675E-01  1.5575E-01  1.4102E-01  1.2364E-01  1.0483E-01  8.5800E-02  6.7624E-02  5.1163E-02  3.7002E-02  2.5452E-02  1.6401E-02  1.0228E-02  5.4197E-03  3.0186E-03  1.0665E-03
  1.0782E-01  1.0383E-01  9.6985E-02  8.7810E-02  7.6987E-02  6.5275E-02  5.3424E-02  4.2106E-02  3.1856E-02  2.3037E-02  1.5830E-02  1.0302E-02  6.1077E-03  3.5998E-03  1.7702E-03  9.2403E-04
  6.5935E-02  6.3494E-02  5.9307E-02  5.3695E-02  4.7077E-02  3.9915E-02  3.2669E-02  2.5749E-02  1.9482E-02  1.4091E-02  9.6896E-03  6.2711E-03  3.8578E-03  2.0538E-03  1.1256E-03  6.0707E-04
  3.9595E-02  3.8129E-02  3.5614E-02  3.2244E-02  2.8269E-02  2.3967E-02  1.9613E-02  1.5454E-02  1.1687E-02  8.4457E-03  5.7994E-03  3.7595E-03  2.2507E-03  1.3124E-03  6.2251E-04  3.5100E-04
  2.3350E-02  2.2486E-02  2.1003E-02  1.9018E-02  1.6677E-02  1.4146E-02  1.1585E-02  9.1408E-03  6.9264E-03  5.0198E-03  3.4603E-03  2.2500E-03  1.3755E-03  7.4781E-04  4.1492E-04  2.3790E-04
  1.3522E-02  1.3016E-02  1.2147E-02  1.0981E-02  9.6050E-03  8.1162E-03  6.6121E-03  5.1808E-03  3.8923E-03  2.7928E-03  1.9036E-03  1.2236E-03  7.3098E-04  4.1387E-04  1.9909E-04  7.4424E-05
  7.6993E-03  7.4497E-03  7.0167E-03  6.4268E-03  5.7161E-03  4.9269E-03  4.1053E-03  3.2964E-03  2.5409E-03  1.8710E-03  1.3081E-03  8.6139E-04  5.3009E-04  2.9627E-04  1.6083E-04  1.3436E-04
