# CREATED BY GENE DIAGNOSTICS TOOL on Sat May 17 18:20:43 2025 /home/unix/ottink/gene/diagnostics
# diag: vsp1, run(s): vip010vem001, time window: 271.4-271.43713(2 steps), species: i
# original data path: /Differ/Data/IMT/lottink/RFP_nTEM/vres_scan/v2/
# normalization: L_ref=1.5m
#
# vpar
 -3.0000E+00
 -2.9048E+00
 -2.8095E+00
 -2.7143E+00
 -2.6190E+00
 -2.5238E+00
 -2.4286E+00
 -2.3333E+00
 -2.2381E+00
 -2.1429E+00
 -2.0476E+00
 -1.9524E+00
 -1.8571E+00
 -1.7619E+00
 -1.6667E+00
 -1.5714E+00
 -1.4762E+00
 -1.3810E+00
 -1.2857E+00
 -1.1905E+00
 -1.0952E+00
 -1.0000E+00
 -9.0476E-01
 -8.0952E-01
 -7.1429E-01
 -6.1905E-01
 -5.2381E-01
 -4.2857E-01
 -3.3333E-01
 -2.3810E-01
 -1.4286E-01
 -4.7619E-02
  4.7619E-02
  1.4286E-01
  2.3810E-01
  3.3333E-01
  4.2857E-01
  5.2381E-01
  6.1905E-01
  7.1429E-01
  8.0952E-01
  9.0476E-01
  1.0000E+00
  1.0952E+00
  1.1905E+00
  1.2857E+00
  1.3810E+00
  1.4762E+00
  1.5714E+00
  1.6667E+00
  1.7619E+00
  1.8571E+00
  1.9524E+00
  2.0476E+00
  2.1429E+00
  2.2381E+00
  2.3333E+00
  2.4286E+00
  2.5238E+00
  2.6190E+00
  2.7143E+00
  2.8095E+00
  2.9048E+00
  3.0000E+00


# mu
  1.8108E-02
  9.5589E-02
  2.3573E-01
  4.3989E-01
  7.1007E-01
  1.0491E+00
  1.4607E+00
  1.9499E+00
  2.5234E+00
  3.1901E+00
  3.9625E+00
  4.8582E+00
  5.9041E+00
  7.1447E+00
  8.6646E+00
  1.0681E+01


# trapped boundary
#  mu         vpar      
  1.8108E-02 -7.6321E-02
  1.8108E-02  8.8062E-02
  9.5589E-02 -1.8200E-01
  9.5589E-02  1.9374E-01
  2.3573E-01 -2.8767E-01
  2.3573E-01  2.9941E-01
  4.3989E-01 -4.0509E-01
  4.3989E-01  4.1683E-01
  7.1007E-01 -5.1076E-01
  7.1007E-01  5.2250E-01
  1.0491E+00 -6.1644E-01
  1.0491E+00  6.2818E-01
  1.4607E+00 -7.3386E-01
  1.4607E+00  7.4560E-01
  1.9499E+00 -8.5127E-01
  1.9499E+00  8.6301E-01
  2.5234E+00 -9.6869E-01
  2.5234E+00  9.8043E-01
  3.1901E+00 -1.0861E+00
  3.1901E+00  1.0978E+00
  3.9625E+00 -1.2153E+00
  3.9625E+00  1.2270E+00
  4.8582E+00 -1.3444E+00
  4.8582E+00  1.3562E+00
  5.9041E+00 -1.4736E+00
  5.9041E+00  1.4853E+00
  7.1447E+00 -1.6262E+00
  7.1447E+00  1.6380E+00
  8.6646E+00 -1.7906E+00
  8.6646E+00  1.8023E+00
  1.0681E+01 -1.9902E+00
  1.0681E+01  2.0020E+00


# , time = 271.4183, var = <|f|^2>^(1/2) , z = 0
  1.5064E-02  1.4435E-02  1.3218E-02  1.1621E-02  9.8371E-03  8.0107E-03  6.2626E-03  4.6949E-03  3.3663E-03  2.2699E-03  1.4317E-03  8.3062E-04  4.3362E-04  1.9820E-04  7.4480E-05  3.5896E-05
  2.6626E-02  2.5512E-02  2.3329E-02  2.0436E-02  1.7174E-02  1.3826E-02  1.0646E-02  7.8585E-03  5.5526E-03  3.7075E-03  2.3306E-03  1.3567E-03  7.1461E-04  3.3257E-04  1.2720E-04  5.0652E-05
  4.6058E-02  4.4155E-02  4.0439E-02  3.5523E-02  2.9982E-02  2.4274E-02  1.8807E-02  1.3951E-02  9.8867E-03  6.5975E-03  4.1349E-03  2.3976E-03  1.2578E-03  5.8043E-04  2.1967E-04  1.1347E-04
  7.8315E-02  7.5103E-02  6.8832E-02  6.0519E-02  5.1130E-02  4.1446E-02  3.2163E-02  2.3901E-02  1.6968E-02  1.1338E-02  7.1102E-03  4.1250E-03  2.1683E-03  1.0059E-03  3.8308E-04  2.2991E-04
  1.3083E-01  1.2550E-01  1.1511E-01  1.0132E-01  8.5697E-02  6.9551E-02  5.4051E-02  4.0219E-02  2.8594E-02  1.9136E-02  1.2012E-02  6.9677E-03  3.6595E-03  1.6944E-03  6.4450E-04  3.9386E-04
  2.1472E-01  2.0604E-01  1.8914E-01  1.6664E-01  1.4112E-01  1.1467E-01  8.9230E-02  6.6467E-02  4.7303E-02  3.1693E-02  1.9917E-02  1.1565E-02  6.0769E-03  2.8157E-03  1.0773E-03  4.5576E-04
  3.4624E-01  3.3234E-01  3.0531E-01  2.6928E-01  2.2830E-01  1.8574E-01  1.4473E-01  1.0792E-01  7.6879E-02  5.1556E-02  3.2429E-02  1.8849E-02  9.9073E-03  4.5910E-03  1.7503E-03  5.1740E-04
  5.4854E-01  5.2667E-01  4.8422E-01  4.2750E-01  3.6287E-01  2.9558E-01  2.3063E-01  1.7216E-01  1.2276E-01  8.2397E-02  5.1863E-02  3.0156E-02  1.5871E-02  7.3658E-03  2.7993E-03  7.7497E-04
  8.5385E-01  8.2002E-01  7.5451E-01  6.6683E-01  5.6668E-01  4.6216E-01  3.6108E-01  2.6982E-01  1.9258E-01  1.2937E-01  8.1495E-02  4.7442E-02  2.4950E-02  1.1596E-02  4.4235E-03  1.2436E-03
  1.3059E+00  1.2545E+00  1.1551E+00  1.0220E+00  8.6947E-01  7.0997E-01  5.5542E-01  4.1549E-01  2.9681E-01  1.9958E-01  1.2580E-01  7.3199E-02  3.8633E-02  1.7879E-02  6.9019E-03  1.8842E-03
  1.9624E+00  1.8856E+00  1.7376E+00  1.5389E+00  1.3108E+00  1.0716E+00  8.3943E-01  6.2861E-01  4.4949E-01  3.0247E-01  1.9076E-01  1.1122E-01  5.8637E-02  2.7281E-02  1.0475E-02  2.8037E-03
  2.8978E+00  2.7850E+00  2.5683E+00  2.2769E+00  1.9416E+00  1.5892E+00  1.2465E+00  9.3446E-01  6.6874E-01  4.5043E-01  2.8433E-01  1.6577E-01  8.7354E-02  4.1426E-02  1.5520E-02  4.9914E-03
  4.2048E+00  4.0420E+00  3.7302E+00  3.3102E+00  2.8260E+00  2.3159E+00  1.8189E+00  1.3649E+00  9.7788E-01  6.5910E-01  4.1622E-01  2.4316E-01  1.2894E-01  6.1173E-02  2.2357E-02  9.5634E-03
  5.9958E+00  5.7647E+00  5.3239E+00  4.7292E+00  4.0419E+00  3.3163E+00  2.6079E+00  1.9591E+00  1.4044E+00  9.4759E-01  5.9977E-01  3.5010E-01  1.8965E-01  8.7266E-02  2.9512E-02  1.6368E-02
  8.4025E+00  8.0801E+00  7.4673E+00  6.6397E+00  5.6811E+00  4.6667E+00  3.6747E+00  2.7633E+00  1.9838E+00  1.3402E+00  8.4756E-01  5.0010E-01  2.7166E-01  1.1371E-01  3.6878E-02  2.5072E-02
  1.1573E+01  1.1131E+01  1.0294E+01  9.1617E+00  7.8475E+00  6.4539E+00  5.0885E+00  3.8308E+00  2.7519E+00  1.8605E+00  1.1798E+00  7.1212E-01  3.6332E-01  1.2656E-01  4.6296E-02  3.7050E-02
  1.5670E+01  1.5073E+01  1.3948E+01  1.2425E+01  1.0655E+01  8.7728E+00  6.9260E+00  5.2204E+00  3.7560E+00  2.5412E+00  1.6361E+00  9.6969E-01  4.0960E-01  1.6704E-01  5.7715E-02  5.3492E-02
  2.0856E+01  2.0064E+01  1.8578E+01  1.6566E+01  1.4220E+01  1.1723E+01  9.2674E+00  6.9938E+00  5.0349E+00  3.4290E+00  2.2305E+00  1.1456E+00  4.9678E-01  2.4173E-01  7.4491E-02  7.3838E-02
  2.7294E+01  2.6259E+01  2.4329E+01  2.1714E+01  1.8659E+01  1.5401E+01  1.2193E+01  9.2110E+00  6.6487E+00  4.5958E+00  2.7541E+00  1.2167E+00  9.0320E-01  2.9102E-01  9.2165E-02  9.6630E-02
  3.5127E+01  3.3797E+01  3.1331E+01  2.7988E+01  2.4078E+01  1.9899E+01  1.5773E+01  1.1937E+01  8.7217E+00  5.8116E+00  2.8092E+00  2.2169E+00  1.3023E+00  3.6865E-01  1.0133E-01  1.1783E-01
  4.4469E+01  4.2786E+01  3.9688E+01  3.5486E+01  3.0562E+01  2.5288E+01  2.0080E+01  1.5311E+01  1.1034E+01  6.0649E+00  4.3171E+00  3.7058E+00  1.6605E+00  5.3679E-01  9.8006E-02  1.2940E-01
  5.5390E+01  5.3295E+01  4.9466E+01  4.4272E+01  3.8174E+01  3.1635E+01  2.5263E+01  1.9242E+01  1.2085E+01  7.4685E+00  8.0587E+00  4.8700E+00  2.3552E+00  8.3705E-01  1.3775E-01  1.2014E-01
  6.7913E+01  6.5344E+01  6.0691E+01  5.4377E+01  4.6957E+01  3.9072E+01  3.1305E+01  2.1784E+01  1.2514E+01  1.4541E+01  1.1170E+01  6.6366E+00  3.4715E+00  1.3832E+00  3.2107E-01  7.6565E-02
  8.2009E+01  7.8910E+01  7.3353E+01  6.5816E+01  5.7014E+01  4.7637E+01  3.6078E+01  2.1014E+01  2.2291E+01  2.1236E+01  1.4777E+01  9.5730E+00  5.1108E+00  2.2572E+00  6.7265E-01  3.4092E-02
  9.7624E+01  9.3949E+01  8.7437E+01  7.8649E+01  6.8389E+01  5.5124E+01  3.4903E+01  3.1094E+01  3.4711E+01  2.7634E+01  2.0914E+01  1.3385E+01  7.5506E+00  3.5127E+00  1.2125E+00  1.8448E-01
  1.1471E+02  1.1043E+02  1.0297E+02  9.2897E+01  7.8951E+01  5.4641E+01  4.1313E+01  5.0143E+01  4.5085E+01  3.8445E+01  2.8401E+01  1.8623E+01  1.0741E+01  5.2172E+00  1.9547E+00  4.1261E-01
  1.3329E+02  1.2839E+02  1.1993E+02  1.0666E+02  8.0392E+01  5.5026E+01  6.5118E+01  6.4884E+01  6.1340E+01  5.1170E+01  3.7715E+01  2.5177E+01  1.4698E+01  7.3300E+00  2.8849E+00  7.0664E-01
  1.5359E+02  1.4797E+02  1.3692E+02  1.1137E+02  7.5346E+01  7.8358E+01  8.4116E+01  8.6604E+01  8.0245E+01  6.5356E+01  4.9010E+01  3.2590E+01  1.9267E+01  9.7490E+00  3.9495E+00  1.0483E+00
  1.7682E+02  1.6930E+02  1.4710E+02  1.0475E+02  9.1553E+01  9.9813E+01  1.1022E+02  1.1158E+02  9.8989E+01  8.1944E+01  6.0572E+01  4.0579E+01  2.4026E+01  1.2272E+01  5.0588E+00  1.4063E+00
  2.0651E+02  1.9108E+02  1.4731E+02  1.1064E+02  1.1112E+02  1.2799E+02  1.3926E+02  1.3351E+02  1.2007E+02  9.7141E+01  7.2066E+01  4.8017E+01  2.8544E+01  1.4623E+01  6.0890E+00  1.7397E+00
  2.3908E+02  2.0607E+02  1.4563E+02  1.2020E+02  1.3717E+02  1.5770E+02  1.6238E+02  1.5689E+02  1.3684E+02  1.1077E+02  8.1277E+01  5.4247E+01  3.2135E+01  1.6509E+01  6.9064E+00  2.0035E+00
  1.9298E+02  1.5636E+02  1.2504E+02  1.3888E+02  1.6542E+02  1.8081E+02  1.8483E+02  1.7145E+02  1.4947E+02  1.1912E+02  8.7394E+01  5.8006E+01  3.4363E+01  1.7631E+01  7.3913E+00  2.1595E+00
  9.2633E+01  1.1543E+02  1.4516E+02  1.6970E+02  1.8795E+02  1.9551E+02  1.9419E+02  1.7742E+02  1.5319E+02  1.2139E+02  8.8735E+01  5.8757E+01  3.4755E+01  1.7816E+01  7.4668E+00  2.1832E+00
  4.9762E+01  7.9953E+01  1.2903E+02  1.5900E+02  1.8014E+02  1.9094E+02  1.8554E+02  1.7230E+02  1.4677E+02  1.1698E+02  8.4987E+01  5.6341E+01  3.3237E+01  1.7032E+01  7.1199E+00  2.0704E+00
  8.0405E+01  6.0289E+01  6.0372E+01  1.1341E+02  1.4424E+02  1.6181E+02  1.6621E+02  1.5286E+02  1.3317E+02  1.0558E+02  7.7229E+01  5.0982E+01  3.0123E+01  1.5379E+01  6.4000E+00  1.8380E+00
  1.0679E+02  9.7461E+01  7.2647E+01  5.7602E+01  1.0138E+02  1.2383E+02  1.3306E+02  1.2972E+02  1.1200E+02  9.0696E+01  6.6082E+01  4.3824E+01  2.5786E+01  1.3129E+01  5.4153E+00  1.5203E+00
  1.1217E+02  1.0657E+02  9.4918E+01  6.9057E+01  5.3954E+01  8.8118E+01  9.9603E+01  1.0047E+02  9.1037E+01  7.2930E+01  5.3953E+01  3.5584E+01  2.0926E+01  1.0571E+01  4.2959E+00  1.1606E+00
  1.1026E+02  1.0530E+02  9.6840E+01  8.3479E+01  5.8009E+01  4.7753E+01  7.1985E+01  7.3711E+01  6.8868E+01  5.6810E+01  4.1542E+01  2.7571E+01  1.6052E+01  8.0147E+00  3.1780E+00  8.0331E-01
  1.0457E+02  1.0003E+02  9.2248E+01  8.1970E+01  6.7906E+01  4.4441E+01  3.9867E+01  5.3950E+01  4.9333E+01  4.1944E+01  3.0927E+01  2.0265E+01  1.1687E+01  5.7098E+00  2.1692E+00  4.8481E-01
  9.6471E+01  9.2362E+01  8.5237E+01  7.5816E+01  6.5010E+01  5.1367E+01  3.1408E+01  3.1027E+01  3.6262E+01  2.9248E+01  2.2210E+01  1.4284E+01  8.0865E+00  3.8044E+00  1.3419E+00  2.2868E-01
  8.6864E+01  8.3219E+01  7.6843E+01  6.8355E+01  5.8597E+01  4.8395E+01  3.6137E+01  2.0577E+01  2.2144E+01  2.1479E+01  1.5094E+01  9.8593E+00  5.2949E+00  2.3690E+00  7.2373E-01  4.6581E-02
  7.6494E+01  7.3324E+01  6.7732E+01  6.0279E+01  5.1642E+01  4.2612E+01  3.3824E+01  2.3434E+01  1.2790E+01  1.4084E+01  1.0866E+01  6.4893E+00  3.3968E+00  1.3589E+00  3.1317E-01  7.6434E-02
  6.5965E+01  6.3260E+01  5.8450E+01  5.2037E+01  4.4599E+01  3.6744E+01  2.9145E+01  2.2077E+01  1.3907E+01  7.5655E+00  7.5414E+00  4.4891E+00  2.1337E+00  7.3585E-01  1.1656E-01  1.3545E-01
  5.5754E+01  5.3488E+01  4.9430E+01  4.4015E+01  3.7735E+01  3.1097E+01  2.4590E+01  1.8683E+01  1.3401E+01  7.4562E+00  4.1912E+00  3.3064E+00  1.3913E+00  4.2093E-01  1.3988E-01  1.5350E-01
  4.6211E+01  4.4349E+01  4.0988E+01  3.6503E+01  3.1300E+01  2.5801E+01  2.0399E+01  1.5431E+01  1.1220E+01  7.4662E+00  3.6441E+00  2.0480E+00  1.0776E+00  2.8721E-01  1.6892E-01  1.4543E-01
  3.7575E+01  3.6073E+01  3.3342E+01  2.9696E+01  2.5466E+01  2.0993E+01  1.6599E+01  1.2550E+01  9.0619E+00  6.2178E+00  3.7637E+00  1.6011E+00  8.0454E-01  2.5126E-01  1.6193E-01  1.2394E-01
  2.9981E+01  2.8791E+01  2.6613E+01  2.3705E+01  2.0329E+01  1.6759E+01  1.3249E+01  1.0019E+01  7.2236E+00  4.9198E+00  3.1625E+00  1.6848E+00  6.3398E-01  2.4272E-01  1.3721E-01  9.8244E-02
  2.3481E+01  2.2555E+01  2.0849E+01  1.8571E+01  1.5927E+01  1.3130E+01  1.0378E+01  7.8470E+00  5.6604E+00  3.8424E+00  2.4568E+00  1.4490E+00  6.5589E-01  2.2685E-01  1.0875E-01  7.3930E-02
  1.8053E+01  1.7345E+01  1.6034E+01  1.4282E+01  1.2249E+01  1.0098E+01  7.9796E+00  6.0319E+00  4.3488E+00  2.9541E+00  1.8784E+00  1.1131E+00  5.8276E-01  2.2290E-01  8.6626E-02  5.3304E-02
  1.3627E+01  1.3096E+01  1.2106E+01  1.0783E+01  9.2484E+00  7.6235E+00  6.0232E+00  4.5524E+00  3.2813E+00  2.2290E+00  1.4180E+00  8.3288E-01  4.4711E-01  2.0060E-01  7.0835E-02  3.7338E-02
  1.0101E+01  9.7087E+00  8.9743E+00  7.9938E+00  6.8559E+00  5.6510E+00  4.4637E+00  3.3731E+00  2.4302E+00  1.6491E+00  1.0502E+00  6.1675E-01  3.2795E-01  1.5519E-01  5.7394E-02  2.5354E-02
  7.3522E+00  7.0679E+00  6.5330E+00  5.8189E+00  4.9904E+00  4.1131E+00  3.2481E+00  2.4541E+00  1.7676E+00  1.1995E+00  7.6247E-01  4.4867E-01  2.3790E-01  1.1194E-01  4.3770E-02  1.6119E-02
  5.2556E+00  5.0530E+00  4.6703E+00  4.1596E+00  3.5671E+00  2.9397E+00  2.3209E+00  1.7532E+00  1.2623E+00  8.5591E-01  5.4440E-01  3.1995E-01  1.7019E-01  7.9580E-02  3.1239E-02  9.7321E-03
  3.6899E+00  3.5480E+00  3.2790E+00  2.9201E+00  2.5040E+00  2.0633E+00  1.6285E+00  1.2299E+00  8.8530E-01  6.0017E-01  3.8111E-01  2.2403E-01  1.1933E-01  5.5959E-02  2.1686E-02  6.1776E-03
  2.5444E+00  2.4468E+00  2.2610E+00  2.0134E+00  1.7263E+00  1.4222E+00  1.1222E+00  8.4734E-01  6.0971E-01  4.1309E-01  2.6241E-01  1.5395E-01  8.1938E-02  3.8622E-02  1.4889E-02  4.2456E-03
  1.7234E+00  1.6573E+00  1.5313E+00  1.3634E+00  1.1688E+00  9.6281E-01  7.5945E-01  5.7330E-01  4.1238E-01  2.7929E-01  1.7722E-01  1.0403E-01  5.5258E-02  2.6049E-02  1.0096E-02  2.8964E-03
  1.1466E+00  1.1026E+00  1.0187E+00  9.0680E-01  7.7726E-01  6.4015E-01  5.0476E-01  3.8094E-01  2.7392E-01  1.8543E-01  1.1764E-01  6.8946E-02  3.6631E-02  1.7224E-02  6.7280E-03  1.8741E-03
  7.4935E-01  7.2061E-01  6.6562E-01  5.9241E-01  5.0769E-01  4.1803E-01  3.2950E-01  2.4860E-01  1.7870E-01  1.2091E-01  7.6649E-02  4.4926E-02  2.3821E-02  1.1201E-02  4.3755E-03  1.1706E-03
  4.8108E-01  4.6261E-01  4.2723E-01  3.8015E-01  3.2571E-01  2.6812E-01  2.1126E-01  1.5934E-01  1.1449E-01  7.7429E-02  4.9069E-02  2.8735E-02  1.5245E-02  7.1436E-03  2.7878E-03  7.3505E-04
  3.0340E-01  2.9174E-01  2.6936E-01  2.3962E-01  2.0526E-01  1.6892E-01  1.3304E-01  1.0031E-01  7.2051E-02  4.8708E-02  3.0854E-02  1.8060E-02  9.5569E-03  4.4805E-03  1.7388E-03  4.7813E-04
  1.8797E-01  1.8073E-01  1.6683E-01  1.4837E-01  1.2705E-01  1.0452E-01  8.2277E-02  6.2019E-02  4.4537E-02  3.0110E-02  1.9077E-02  1.1162E-02  5.9065E-03  2.7644E-03  1.0751E-03  3.1776E-04
  1.1441E-01  1.0999E-01  1.0151E-01  9.0252E-02  7.7277E-02  6.3575E-02  5.0056E-02  3.7758E-02  2.7139E-02  1.8351E-02  1.1607E-02  6.7650E-03  3.5611E-03  1.6595E-03  6.4179E-04  1.9253E-04
  6.8434E-02  6.5753E-02  6.0611E-02  5.3796E-02  4.5962E-02  3.7729E-02  2.9643E-02  2.2333E-02  1.6027E-02  1.0811E-02  6.8213E-03  3.9760E-03  2.1036E-03  9.8904E-04  3.8636E-04  1.1489E-04
  4.0118E-02  3.8730E-02  3.6030E-02  3.2401E-02  2.8131E-02  2.3486E-02  1.8729E-02  1.4241E-02  1.0276E-02  6.9345E-03  4.3711E-03  2.5429E-03  1.3356E-03  6.1688E-04  2.3622E-04  6.9775E-05


# trapped boundary
#  mu         vpar      
  1.8108E-02 -7.6321E-02
  1.8108E-02  8.8062E-02
  9.5589E-02 -1.8200E-01
  9.5589E-02  1.9374E-01
  2.3573E-01 -2.8767E-01
  2.3573E-01  2.9941E-01
  4.3989E-01 -4.0509E-01
  4.3989E-01  4.1683E-01
  7.1007E-01 -5.1076E-01
  7.1007E-01  5.2250E-01
  1.0491E+00 -6.1644E-01
  1.0491E+00  6.2818E-01
  1.4607E+00 -7.3386E-01
  1.4607E+00  7.4560E-01
  1.9499E+00 -8.5127E-01
  1.9499E+00  8.6301E-01
  2.5234E+00 -9.6869E-01
  2.5234E+00  9.8043E-01
  3.1901E+00 -1.0861E+00
  3.1901E+00  1.0978E+00
  3.9625E+00 -1.2153E+00
  3.9625E+00  1.2270E+00
  4.8582E+00 -1.3444E+00
  4.8582E+00  1.3562E+00
  5.9041E+00 -1.4736E+00
  5.9041E+00  1.4853E+00
  7.1447E+00 -1.6262E+00
  7.1447E+00  1.6380E+00
  8.6646E+00 -1.7906E+00
  8.6646E+00  1.8023E+00
  1.0681E+01 -1.9902E+00
  1.0681E+01  2.0020E+00


# , time = 271.43713, var = <|f|^2>^(1/2) , z = 0
  1.5110E-02  1.4479E-02  1.3258E-02  1.1657E-02  9.8672E-03  8.0353E-03  6.2818E-03  4.7094E-03  3.3766E-03  2.2768E-03  1.4361E-03  8.3317E-04  4.3494E-04  1.9881E-04  7.4683E-05  3.6029E-05
  2.6707E-02  2.5590E-02  2.3401E-02  2.0499E-02  1.7227E-02  1.3868E-02  1.0679E-02  7.8826E-03  5.5696E-03  3.7189E-03  2.3377E-03  1.3608E-03  7.1678E-04  3.3360E-04  1.2758E-04  5.0828E-05
  4.6198E-02  4.4290E-02  4.0563E-02  3.5632E-02  3.0073E-02  2.4348E-02  1.8865E-02  1.3994E-02  9.9170E-03  6.6177E-03  4.1475E-03  2.4049E-03  1.2616E-03  5.8219E-04  2.2033E-04  1.1374E-04
  7.8555E-02  7.5332E-02  6.9043E-02  6.0704E-02  5.1287E-02  4.1573E-02  3.2262E-02  2.3974E-02  1.7019E-02  1.1373E-02  7.1319E-03  4.1376E-03  2.1750E-03  1.0090E-03  3.8422E-04  2.3053E-04
  1.3123E-01  1.2589E-01  1.1547E-01  1.0163E-01  8.5960E-02  6.9764E-02  5.4216E-02  4.0342E-02  2.8681E-02  1.9194E-02  1.2048E-02  6.9890E-03  3.6706E-03  1.6996E-03  6.4644E-04  3.9514E-04
  2.1538E-01  2.0667E-01  1.8972E-01  1.6715E-01  1.4155E-01  1.1502E-01  8.9503E-02  6.6670E-02  4.7448E-02  3.1790E-02  1.9978E-02  1.1600E-02  6.0955E-03  2.8243E-03  1.0806E-03  4.5725E-04
  3.4730E-01  3.3336E-01  3.0625E-01  2.7010E-01  2.2900E-01  1.8631E-01  1.4517E-01  1.0825E-01  7.7115E-02  5.1714E-02  3.2528E-02  1.8907E-02  9.9377E-03  4.6051E-03  1.7554E-03  5.1865E-04
  5.5022E-01  5.2828E-01  4.8570E-01  4.2881E-01  3.6398E-01  2.9649E-01  2.3133E-01  1.7269E-01  1.2313E-01  8.2649E-02  5.2022E-02  3.0248E-02  1.5919E-02  7.3884E-03  2.8076E-03  7.7714E-04
  8.5646E-01  8.2253E-01  7.5682E-01  6.6887E-01  5.6841E-01  4.6357E-01  3.6218E-01  2.7065E-01  1.9317E-01  1.2977E-01  8.1744E-02  4.7587E-02  2.5027E-02  1.1632E-02  4.4367E-03  1.2471E-03
  1.3099E+00  1.2583E+00  1.1587E+00  1.0251E+00  8.7213E-01  7.1214E-01  5.5712E-01  4.1676E-01  2.9772E-01  2.0019E-01  1.2618E-01  7.3423E-02  3.8751E-02  1.7933E-02  6.9226E-03  1.8902E-03
  1.9684E+00  1.8914E+00  1.7429E+00  1.5436E+00  1.3148E+00  1.0749E+00  8.4200E-01  6.3054E-01  4.5087E-01  3.0339E-01  1.9135E-01  1.1156E-01  5.8817E-02  2.7366E-02  1.0506E-02  2.8136E-03
  2.9067E+00  2.7935E+00  2.5762E+00  2.2838E+00  1.9475E+00  1.5941E+00  1.2504E+00  9.3732E-01  6.7078E-01  4.5181E-01  2.8520E-01  1.6627E-01  8.7621E-02  4.1552E-02  1.5567E-02  5.0057E-03
  4.2176E+00  4.0543E+00  3.7416E+00  3.3204E+00  2.8346E+00  2.3230E+00  1.8245E+00  1.3691E+00  9.8087E-01  6.6111E-01  4.1749E-01  2.4390E-01  1.2934E-01  6.1358E-02  2.2427E-02  9.5873E-03
  6.0141E+00  5.7824E+00  5.3401E+00  4.7437E+00  4.0543E+00  3.3264E+00  2.6159E+00  1.9651E+00  1.4087E+00  9.5049E-01  6.0161E-01  3.5117E-01  1.9023E-01  8.7533E-02  2.9603E-02  1.6421E-02
  8.4282E+00  8.1048E+00  7.4901E+00  6.6600E+00  5.6984E+00  4.6809E+00  3.6859E+00  2.7718E+00  1.9899E+00  1.3443E+00  8.5016E-01  5.0163E-01  2.7249E-01  1.1405E-01  3.6991E-02  2.5188E-02
  1.1609E+01  1.1165E+01  1.0325E+01  9.1898E+00  7.8715E+00  6.4737E+00  5.1041E+00  3.8425E+00  2.7603E+00  1.8662E+00  1.1835E+00  7.1430E-01  3.6443E-01  1.2696E-01  4.6429E-02  3.7267E-02
  1.5717E+01  1.5119E+01  1.3990E+01  1.2463E+01  1.0687E+01  8.7997E+00  6.9472E+00  5.2364E+00  3.7675E+00  2.5490E+00  1.6411E+00  9.7266E-01  4.1085E-01  1.6757E-01  5.7855E-02  5.3833E-02
  2.0920E+01  2.0125E+01  1.8635E+01  1.6616E+01  1.4264E+01  1.1758E+01  9.2958E+00  7.0152E+00  5.0503E+00  3.4395E+00  2.2373E+00  1.1491E+00  4.9830E-01  2.4245E-01  7.4663E-02  7.4291E-02
  2.7378E+01  2.6340E+01  2.4404E+01  2.1780E+01  1.8716E+01  1.5448E+01  1.2230E+01  9.2392E+00  6.6691E+00  4.6099E+00  2.7626E+00  1.2204E+00  9.0589E-01  2.9185E-01  9.2367E-02  9.7155E-02
  3.5235E+01  3.3901E+01  3.1427E+01  2.8074E+01  2.4151E+01  1.9960E+01  1.5821E+01  1.1973E+01  8.7484E+00  5.8294E+00  2.8178E+00  2.2236E+00  1.3061E+00  3.6970E-01  1.0148E-01  1.1837E-01
  4.4605E+01  4.2917E+01  3.9809E+01  3.5595E+01  3.0656E+01  2.5365E+01  2.0142E+01  1.5358E+01  1.1068E+01  6.0835E+00  4.3302E+00  3.7170E+00  1.6652E+00  5.3846E-01  9.7888E-02  1.2987E-01
  5.5560E+01  5.3458E+01  4.9617E+01  4.4407E+01  3.8290E+01  3.1732E+01  2.5340E+01  1.9301E+01  1.2122E+01  7.4913E+00  8.0829E+00  4.8846E+00  2.3618E+00  8.3980E-01  1.3753E-01  1.2046E-01
  6.8121E+01  6.5543E+01  6.0877E+01  5.4543E+01  4.7100E+01  3.9191E+01  3.1401E+01  2.1851E+01  1.2552E+01  1.4586E+01  1.1203E+01  6.6567E+00  3.4814E+00  1.3877E+00  3.2159E-01  7.6648E-02
  8.2260E+01  7.9151E+01  7.3578E+01  6.6017E+01  5.7188E+01  4.7782E+01  3.6188E+01  2.1078E+01  2.2359E+01  2.1301E+01  1.4822E+01  9.6020E+00  5.1257E+00  2.2643E+00  6.7440E-01  3.4256E-02
  9.7923E+01  9.4237E+01  8.7705E+01  7.8889E+01  6.8599E+01  5.5293E+01  3.5010E+01  3.1189E+01  3.4818E+01  2.7718E+01  2.0977E+01  1.3426E+01  7.5732E+00  3.5235E+00  1.2160E+00  1.8524E-01
  1.1506E+02  1.1077E+02  1.0328E+02  9.3181E+01  7.9193E+01  5.4809E+01  4.1440E+01  5.0297E+01  4.5224E+01  3.8562E+01  2.8487E+01  1.8680E+01  1.0773E+01  5.2330E+00  1.9605E+00  4.1404E-01
  1.3370E+02  1.2878E+02  1.2030E+02  1.0699E+02  8.0638E+01  5.5196E+01  6.5320E+01  6.5084E+01  6.1528E+01  5.1327E+01  3.7829E+01  2.5253E+01  1.4743E+01  7.3520E+00  2.8936E+00  7.0892E-01
  1.5406E+02  1.4842E+02  1.3734E+02  1.1171E+02  7.5579E+01  7.8601E+01  8.4377E+01  8.6871E+01  8.0491E+01  6.5555E+01  4.9158E+01  3.2688E+01  1.9326E+01  9.7782E+00  3.9614E+00  1.0516E+00
  1.7736E+02  1.6982E+02  1.4755E+02  1.0507E+02  9.1837E+01  1.0012E+02  1.1057E+02  1.1192E+02  9.9293E+01  8.2195E+01  6.0756E+01  4.0702E+01  2.4099E+01  1.2309E+01  5.0740E+00  1.4106E+00
  2.0715E+02  1.9166E+02  1.4776E+02  1.1098E+02  1.1146E+02  1.2839E+02  1.3969E+02  1.3393E+02  1.2044E+02  9.7438E+01  7.2286E+01  4.8163E+01  2.8631E+01  1.4666E+01  6.1072E+00  1.7449E+00
  2.3981E+02  2.0670E+02  1.4608E+02  1.2057E+02  1.3759E+02  1.5819E+02  1.6288E+02  1.5737E+02  1.3726E+02  1.1111E+02  8.1525E+01  5.4411E+01  3.2232E+01  1.6559E+01  6.9270E+00  2.0094E+00
  1.9357E+02  1.5684E+02  1.2542E+02  1.3931E+02  1.6593E+02  1.8136E+02  1.8540E+02  1.7197E+02  1.4993E+02  1.1948E+02  8.7660E+01  5.8183E+01  3.4467E+01  1.7684E+01  7.4133E+00  2.1659E+00
  9.2917E+01  1.1578E+02  1.4560E+02  1.7022E+02  1.8853E+02  1.9611E+02  1.9479E+02  1.7796E+02  1.5366E+02  1.2176E+02  8.9005E+01  5.8936E+01  3.4860E+01  1.7870E+01  7.4890E+00  2.1896E+00
  4.9915E+01  8.0198E+01  1.2943E+02  1.5949E+02  1.8070E+02  1.9153E+02  1.8612E+02  1.7283E+02  1.4722E+02  1.1734E+02  8.5246E+01  5.6512E+01  3.3338E+01  1.7083E+01  7.1410E+00  2.0765E+00
  8.0650E+01  6.0474E+01  6.0558E+01  1.1376E+02  1.4468E+02  1.6231E+02  1.6672E+02  1.5333E+02  1.3358E+02  1.0590E+02  7.7464E+01  5.1137E+01  3.0214E+01  1.5425E+01  6.4189E+00  1.8433E+00
  1.0711E+02  9.7759E+01  7.2869E+01  5.7780E+01  1.0170E+02  1.2421E+02  1.3347E+02  1.3011E+02  1.1235E+02  9.0973E+01  6.6284E+01  4.3957E+01  2.5864E+01  1.3168E+01  5.4311E+00  1.5246E+00
  1.1251E+02  1.0689E+02  9.5209E+01  6.9268E+01  5.4121E+01  8.8390E+01  9.9911E+01  1.0078E+02  9.1316E+01  7.3153E+01  5.4118E+01  3.5692E+01  2.0988E+01  1.0603E+01  4.3084E+00  1.1638E+00
  1.1060E+02  1.0563E+02  9.7136E+01  8.3734E+01  5.8187E+01  4.7900E+01  7.2207E+01  7.3938E+01  6.9079E+01  5.6984E+01  4.1668E+01  2.7654E+01  1.6099E+01  8.0389E+00  3.1870E+00  8.0536E-01
  1.0489E+02  1.0033E+02  9.2530E+01  8.2221E+01  6.8114E+01  4.4577E+01  3.9990E+01  5.4116E+01  4.9484E+01  4.2072E+01  3.1021E+01  2.0325E+01  1.1722E+01  5.7270E+00  2.1752E+00  4.8587E-01
  9.6766E+01  9.2644E+01  8.5498E+01  7.6048E+01  6.5209E+01  5.1524E+01  3.1505E+01  3.1123E+01  3.6373E+01  2.9337E+01  2.2277E+01  1.4326E+01  8.1103E+00  3.8158E+00  1.3455E+00  2.2898E-01
  8.7130E+01  8.3474E+01  7.7078E+01  6.8565E+01  5.8777E+01  4.8543E+01  3.6248E+01  2.0640E+01  2.2212E+01  2.1544E+01  1.5139E+01  9.8878E+00  5.3106E+00  2.3760E+00  7.2566E-01  4.6453E-02
  7.6728E+01  7.3548E+01  6.7939E+01  6.0463E+01  5.1800E+01  4.2743E+01  3.3927E+01  2.3506E+01  1.2829E+01  1.4127E+01  1.0899E+01  6.5078E+00  3.4071E+00  1.3628E+00  3.1407E-01  7.6934E-02
  6.6167E+01  6.3454E+01  5.8629E+01  5.2196E+01  4.4735E+01  3.6856E+01  2.9234E+01  2.2144E+01  1.3950E+01  7.5887E+00  7.5643E+00  4.5020E+00  2.1403E+00  7.3796E-01  1.1720E-01  1.3597E-01
  5.5924E+01  5.3652E+01  4.9581E+01  4.4150E+01  3.7851E+01  3.1192E+01  2.4665E+01  1.8740E+01  1.3442E+01  7.4791E+00  4.2040E+00  3.3161E+00  1.3957E+00  4.2237E-01  1.4046E-01  1.5391E-01
  4.6352E+01  4.4485E+01  4.1114E+01  3.6615E+01  3.1396E+01  2.5880E+01  2.0461E+01  1.5478E+01  1.1254E+01  7.4890E+00  3.6553E+00  2.0542E+00  1.0809E+00  2.8842E-01  1.6945E-01  1.4568E-01
  3.7690E+01  3.6183E+01  3.3444E+01  2.9787E+01  2.5544E+01  2.1057E+01  1.6650E+01  1.2588E+01  9.0897E+00  6.2368E+00  3.7752E+00  1.6060E+00  8.0700E-01  2.5224E-01  1.6240E-01  1.2404E-01
  3.0073E+01  2.8880E+01  2.6695E+01  2.3777E+01  2.0391E+01  1.6810E+01  1.3290E+01  1.0050E+01  7.2457E+00  4.9349E+00  3.1722E+00  1.6900E+00  6.3593E-01  2.4353E-01  1.3761E-01  9.8270E-02
  2.3553E+01  2.2624E+01  2.0913E+01  1.8628E+01  1.5976E+01  1.3170E+01  1.0410E+01  7.8711E+00  5.6778E+00  3.8542E+00  2.4644E+00  1.4535E+00  6.5790E-01  2.2755E-01  1.0908E-01  7.3944E-02
  1.8108E+01  1.7398E+01  1.6083E+01  1.4326E+01  1.2287E+01  1.0128E+01  8.0040E+00  6.0504E+00  4.3621E+00  2.9632E+00  1.8842E+00  1.1166E+00  5.8454E-01  2.2358E-01  8.6899E-02  5.3344E-02
  1.3669E+01  1.3136E+01  1.2143E+01  1.0816E+01  9.2767E+00  7.6469E+00  6.0416E+00  4.5663E+00  3.2913E+00  2.2358E+00  1.4224E+00  8.3543E-01  4.4848E-01  2.0121E-01  7.1058E-02  3.7408E-02
  1.0132E+01  9.7384E+00  9.0018E+00  8.0182E+00  6.8768E+00  5.6683E+00  4.4774E+00  3.3834E+00  2.4376E+00  1.6541E+00  1.0534E+00  6.1863E-01  3.2896E-01  1.5567E-01  5.7569E-02  2.5431E-02
  7.3747E+00  7.0895E+00  6.5530E+00  5.8367E+00  5.0057E+00  4.1257E+00  3.2581E+00  2.4616E+00  1.7730E+00  1.2032E+00  7.6480E-01  4.5004E-01  2.3863E-01  1.1229E-01  4.3903E-02  1.6175E-02
  5.2717E+00  5.0685E+00  4.6846E+00  4.1723E+00  3.5780E+00  2.9487E+00  2.3280E+00  1.7585E+00  1.2662E+00  8.5852E-01  5.4606E-01  3.2093E-01  1.7072E-01  7.9824E-02  3.1335E-02  9.7619E-03
  3.7012E+00  3.5588E+00  3.2890E+00  2.9291E+00  2.5117E+00  2.0696E+00  1.6335E+00  1.2337E+00  8.8801E-01  6.0201E-01  3.8227E-01  2.2471E-01  1.1969E-01  5.6130E-02  2.1753E-02  6.1942E-03
  2.5522E+00  2.4542E+00  2.2680E+00  2.0195E+00  1.7315E+00  1.4266E+00  1.1256E+00  8.4993E-01  6.1158E-01  4.1436E-01  2.6321E-01  1.5442E-01  8.2189E-02  3.8740E-02  1.4935E-02  4.2586E-03
  1.7287E+00  1.6624E+00  1.5360E+00  1.3676E+00  1.1724E+00  9.6575E-01  7.6177E-01  5.7505E-01  4.1364E-01  2.8015E-01  1.7777E-01  1.0435E-01  5.5427E-02  2.6129E-02  1.0127E-02  2.9061E-03
  1.1501E+00  1.1060E+00  1.0218E+00  9.0958E-01  7.7964E-01  6.4210E-01  5.0631E-01  3.8211E-01  2.7476E-01  1.8599E-01  1.1800E-01  6.9157E-02  3.6743E-02  1.7277E-02  6.7486E-03  1.8798E-03
  7.5164E-01  7.2282E-01  6.6766E-01  5.9422E-01  5.0924E-01  4.1931E-01  3.3051E-01  2.4937E-01  1.7924E-01  1.2128E-01  7.6883E-02  4.5063E-02  2.3894E-02  1.1236E-02  4.3889E-03  1.1744E-03
  4.8255E-01  4.6403E-01  4.2853E-01  3.8131E-01  3.2671E-01  2.6894E-01  2.1190E-01  1.5983E-01  1.1484E-01  7.7665E-02  4.9219E-02  2.8823E-02  1.5292E-02  7.1654E-03  2.7963E-03  7.3728E-04
  3.0433E-01  2.9263E-01  2.7019E-01  2.4036E-01  2.0589E-01  1.6944E-01  1.3344E-01  1.0062E-01  7.2271E-02  4.8857E-02  3.0949E-02  1.8116E-02  9.5862E-03  4.4943E-03  1.7441E-03  4.7951E-04
  1.8855E-01  1.8128E-01  1.6734E-01  1.4882E-01  1.2744E-01  1.0484E-01  8.2528E-02  6.2209E-02  4.4673E-02  3.0202E-02  1.9135E-02  1.1196E-02  5.9246E-03  2.7728E-03  1.0785E-03  3.1877E-04
  1.1476E-01  1.1033E-01  1.0182E-01  9.0529E-02  7.7513E-02  6.3769E-02  5.0209E-02  3.7874E-02  2.7222E-02  1.8407E-02  1.1642E-02  6.7857E-03  3.5720E-03  1.6645E-03  6.4371E-04  1.9309E-04
  6.8644E-02  6.5954E-02  6.0797E-02  5.3961E-02  4.6103E-02  3.7844E-02  2.9734E-02  2.2401E-02  1.6076E-02  1.0844E-02  6.8422E-03  3.9882E-03  2.1100E-03  9.9202E-04  3.8753E-04  1.1513E-04
  4.0241E-02  3.8848E-02  3.6141E-02  3.2500E-02  2.8217E-02  2.3558E-02  1.8786E-02  1.4284E-02  1.0308E-02  6.9558E-03  4.3844E-03  2.5506E-03  1.3397E-03  6.1874E-04  2.3692E-04  6.9946E-05
