# CREATED BY GENE DIAGNOSTICS TOOL on Sat May 17 18:00:05 2025 /home/unix/ottink/gene/diagnostics
# diag: vsp1, run(s): vim010vep005, time window: 103.6-103.60776(1 steps), species: e
# original data path: /Differ/Data/IMT/lottink/Tokamak_nTEM/vres_scan/v1/
# normalization: L_ref=1.65m
#
# vpar
 -3.0000E+00
 -2.9528E+00
 -2.9055E+00
 -2.8583E+00
 -2.8110E+00
 -2.7638E+00
 -2.7165E+00
 -2.6693E+00
 -2.6220E+00
 -2.5748E+00
 -2.5276E+00
 -2.4803E+00
 -2.4331E+00
 -2.3858E+00
 -2.3386E+00
 -2.2913E+00
 -2.2441E+00
 -2.1969E+00
 -2.1496E+00
 -2.1024E+00
 -2.0551E+00
 -2.0079E+00
 -1.9606E+00
 -1.9134E+00
 -1.8661E+00
 -1.8189E+00
 -1.7717E+00
 -1.7244E+00
 -1.6772E+00
 -1.6299E+00
 -1.5827E+00
 -1.5354E+00
 -1.4882E+00
 -1.4409E+00
 -1.3937E+00
 -1.3465E+00
 -1.2992E+00
 -1.2520E+00
 -1.2047E+00
 -1.1575E+00
 -1.1102E+00
 -1.0630E+00
 -1.0157E+00
 -9.6850E-01
 -9.2126E-01
 -8.7402E-01
 -8.2677E-01
 -7.7953E-01
 -7.3228E-01
 -6.8504E-01
 -6.3780E-01
 -5.9055E-01
 -5.4331E-01
 -4.9606E-01
 -4.4882E-01
 -4.0157E-01
 -3.5433E-01
 -3.0709E-01
 -2.5984E-01
 -2.1260E-01
 -1.6535E-01
 -1.1811E-01
 -7.0866E-02
 -2.3622E-02
  2.3622E-02
  7.0866E-02
  1.1811E-01
  1.6535E-01
  2.1260E-01
  2.5984E-01
  3.0709E-01
  3.5433E-01
  4.0157E-01
  4.4882E-01
  4.9606E-01
  5.4331E-01
  5.9055E-01
  6.3780E-01
  6.8504E-01
  7.3228E-01
  7.7953E-01
  8.2677E-01
  8.7402E-01
  9.2126E-01
  9.6850E-01
  1.0157E+00
  1.0630E+00
  1.1102E+00
  1.1575E+00
  1.2047E+00
  1.2520E+00
  1.2992E+00
  1.3465E+00
  1.3937E+00
  1.4409E+00
  1.4882E+00
  1.5354E+00
  1.5827E+00
  1.6299E+00
  1.6772E+00
  1.7244E+00
  1.7717E+00
  1.8189E+00
  1.8661E+00
  1.9134E+00
  1.9606E+00
  2.0079E+00
  2.0551E+00
  2.1024E+00
  2.1496E+00
  2.1969E+00
  2.2441E+00
  2.2913E+00
  2.3386E+00
  2.3858E+00
  2.4331E+00
  2.4803E+00
  2.5276E+00
  2.5748E+00
  2.6220E+00
  2.6693E+00
  2.7165E+00
  2.7638E+00
  2.8110E+00
  2.8583E+00
  2.9055E+00
  2.9528E+00
  3.0000E+00


# mu
  5.5286E-02
  2.9341E-01
  7.3088E-01
  1.3853E+00
  2.2877E+00
  3.4931E+00
  5.1107E+00
  7.4232E+00


# trapped boundary
#  mu         vpar      
  5.5286E-02 -1.3503E-01
  5.5286E-02  1.4677E-01
  2.9341E-01 -3.2290E-01
  2.9341E-01  3.3464E-01
  7.3088E-01 -5.1076E-01
  7.3088E-01  5.2251E-01
  1.3853E+00 -7.1037E-01
  1.3853E+00  7.2211E-01
  2.2877E+00 -9.2172E-01
  2.2877E+00  9.3346E-01
  3.4931E+00 -1.1331E+00
  3.4931E+00  1.1448E+00
  5.1107E+00 -1.3679E+00
  5.1107E+00  1.3796E+00
  7.4232E+00 -1.6614E+00
  7.4232E+00  1.6732E+00


# , time = 103.60776, var = <|f|^2>^(1/2) , z = 0
  3.6231E+10  3.2453E+10  2.5672E+10  1.6811E+10  8.5287E+09  3.2674E+09  1.0256E+09  1.0201E+09
  4.6907E+10  3.8257E+10  2.5997E+10  1.4440E+10  6.4499E+09  2.2889E+09  6.3914E+08  1.2333E+09
  6.1857E+10  5.1256E+10  3.6590E+10  2.2472E+10  1.1538E+10  4.5659E+09  1.2818E+09  6.5695E+08
  8.1041E+10  6.7025E+10  4.7256E+10  2.7834E+10  1.3230E+10  4.8520E+09  1.4623E+09  8.6461E+08
  1.0571E+11  8.7428E+10  6.1781E+10  3.6850E+10  1.8157E+10  7.0933E+09  2.3925E+09  8.5902E+08
  1.3727E+11  1.1350E+11  8.0153E+10  4.7640E+10  2.3114E+10  8.7001E+09  2.2770E+09  1.9633E+09
  1.7746E+11  1.4670E+11  1.0357E+11  6.1607E+10  3.0063E+10  1.1541E+10  3.1188E+09  2.1761E+09
  2.2837E+11  1.8876E+11  1.3323E+11  7.9218E+10  3.8610E+10  1.4684E+10  5.0276E+09  1.2637E+09
  2.9256E+11  2.4178E+11  1.7060E+11  1.0143E+11  4.9473E+10  1.8898E+10  6.2356E+09  1.1212E+09
  3.7311E+11  3.0830E+11  2.1748E+11  1.2928E+11  6.3068E+10  2.4072E+10  5.8663E+09  1.9449E+09
  4.7367E+11  3.9134E+11  2.7600E+11  1.6403E+11  8.0041E+10  3.0581E+10  8.9388E+09  3.1152E+09
  5.9861E+11  4.9452E+11  3.4869E+11  2.0719E+11  1.0112E+11  3.8657E+10  1.3566E+10  3.9468E+09
  7.5308E+11  6.2208E+11  4.3856E+11  2.6054E+11  1.2718E+11  4.8645E+10  1.4543E+10  4.2414E+09
  9.4312E+11  7.7902E+11  5.4912E+11  3.2618E+11  1.5924E+11  6.0941E+10  1.4930E+10  4.5026E+09
  1.1758E+12  9.7118E+11  6.8449E+11  4.0653E+11  1.9849E+11  7.6004E+10  2.1992E+10  4.3041E+09
  1.4593E+12  1.2053E+12  8.4943E+11  5.0443E+11  2.4632E+11  9.4367E+10  2.9400E+10  4.2165E+09
  1.8029E+12  1.4892E+12  1.0494E+12  6.2314E+11  3.0432E+11  1.1663E+11  3.3053E+10  3.6594E+09
  2.2176E+12  1.8317E+12  1.2908E+12  7.6641E+11  3.7433E+11  1.4356E+11  4.0077E+10  5.4624E+09
  2.7153E+12  2.2429E+12  1.5806E+12  9.3847E+11  4.5842E+11  1.7594E+11  4.5686E+10  8.3607E+09
  3.3101E+12  2.7343E+12  1.9269E+12  1.1441E+12  5.5896E+11  2.1443E+11  6.2897E+10  1.2682E+10
  4.0172E+12  3.3186E+12  2.3389E+12  1.3888E+12  6.7858E+11  2.6049E+11  7.3106E+10  1.5366E+10
  4.8537E+12  4.0100E+12  2.8264E+12  1.6784E+12  8.2023E+11  3.1558E+11  9.2345E+10  1.6721E+10
  5.8386E+12  4.8242E+12  3.4006E+12  2.0196E+12  9.8719E+11  3.7965E+11  1.0465E+11  1.9368E+10
  6.9924E+12  5.7782E+12  4.0737E+12  2.4197E+12  1.1830E+12  4.5362E+11  1.2061E+11  2.4789E+10
  8.3375E+12  6.8906E+12  4.8587E+12  2.8865E+12  1.4116E+12  5.4422E+11  1.3994E+11  3.2094E+10
  9.8981E+12  8.1814E+12  5.7700E+12  3.4285E+12  1.6772E+12  6.4861E+11  1.7398E+11  4.0151E+10
  1.1699E+13  9.6717E+12  6.8225E+12  4.0549E+12  1.9844E+12  7.6167E+11  2.3590E+11  4.3604E+10
  1.3768E+13  1.1384E+13  8.0322E+12  4.7753E+12  2.3377E+12  8.9903E+11  3.0516E+11  4.2948E+10
  1.6133E+13  1.3341E+13  9.4157E+12  5.5996E+12  2.7431E+12  1.0679E+12  3.4663E+11  3.5981E+10
  1.8823E+13  1.5568E+13  1.0990E+13  6.5385E+12  3.2034E+12  1.2469E+12  3.6011E+11  2.7484E+10
  2.1866E+13  1.8089E+13  1.2774E+13  7.6025E+12  3.7300E+12  1.4260E+12  4.1539E+11  2.3448E+10
  2.5292E+13  2.0927E+13  1.4783E+13  8.8025E+12  4.3149E+12  1.6343E+12  5.3175E+11  2.7863E+10
  2.9130E+13  2.4108E+13  1.7036E+13  1.0149E+13  4.9918E+12  1.9566E+12  6.5059E+11  3.3729E+10
  3.3407E+13  2.7654E+13  1.9550E+13  1.1653E+13  5.7143E+12  2.3714E+12  6.9427E+11  4.1998E+10
  3.8149E+13  3.1587E+13  2.2340E+13  1.3325E+13  6.5740E+12  2.7406E+12  6.0003E+11  4.9669E+10
  4.3379E+13  3.5927E+13  2.5421E+13  1.5172E+13  7.4532E+12  2.9246E+12  4.6736E+11  5.5792E+10
  4.9118E+13  4.0691E+13  2.8806E+13  1.7209E+13  8.5074E+12  3.2098E+12  4.4747E+11  6.5032E+10
  5.5380E+13  4.5893E+13  3.2506E+13  1.9429E+13  9.5604E+12  3.9269E+12  5.5420E+11  7.3426E+10
  6.2179E+13  5.1543E+13  3.6530E+13  2.1872E+13  1.0835E+13  4.6910E+12  6.5416E+11  8.5030E+10
  6.9519E+13  5.7648E+13  4.0884E+13  2.4472E+13  1.2224E+13  4.5187E+12  7.5225E+11  1.0150E+11
  7.7400E+13  6.4208E+13  4.5569E+13  2.7370E+13  1.3615E+13  3.5970E+12  8.5493E+11  1.1772E+11
  8.5815E+13  7.1218E+13  5.0585E+13  3.0344E+13  1.4849E+13  3.7981E+12  9.5396E+11  1.4003E+11
  9.4750E+13  7.8668E+13  5.5929E+13  3.3719E+13  1.6854E+13  4.5872E+12  1.0968E+12  1.6208E+11
  1.0418E+14  8.6541E+13  6.1586E+13  3.7071E+13  1.9143E+13  5.3021E+12  1.2710E+12  1.8393E+11
  1.1408E+14  9.4816E+13  6.7563E+13  4.0734E+13  1.8499E+13  5.8824E+12  1.4587E+12  2.1322E+11
  1.2440E+14  1.0346E+14  7.3799E+13  4.4413E+13  1.6946E+13  6.5123E+12  1.6933E+12  2.3770E+11
  1.3510E+14  1.1244E+14  8.0384E+13  4.8745E+13  2.1527E+13  7.4044E+12  1.9235E+12  2.7469E+11
  1.4613E+14  1.2172E+14  8.7110E+13  5.3546E+13  2.4285E+13  8.4399E+12  2.1526E+12  3.1069E+11
  1.5742E+14  1.3125E+14  9.4234E+13  5.5638E+13  2.5683E+13  9.5470E+12  2.4495E+12  3.5073E+11
  1.6891E+14  1.4099E+14  1.0139E+14  5.3843E+13  2.9055E+13  1.0745E+13  2.7261E+12  3.9803E+11
  1.8053E+14  1.5090E+14  1.0926E+14  6.5159E+13  3.2223E+13  1.1958E+13  3.0821E+12  4.3609E+11
  1.9219E+14  1.6093E+14  1.1757E+14  7.7587E+13  3.5920E+13  1.3161E+13  3.4620E+12  4.8491E+11
  2.0385E+14  1.7108E+14  1.2262E+14  7.7400E+13  3.9707E+13  1.4712E+13  3.7987E+12  5.2422E+11
  2.1543E+14  1.8138E+14  1.2289E+14  8.4534E+13  4.2756E+13  1.6322E+13  4.1986E+12  5.6864E+11
  2.2690E+14  1.9223E+14  1.4439E+14  9.5756E+13  4.7159E+13  1.7818E+13  4.5112E+12  6.1368E+11
  2.3824E+14  2.0399E+14  1.6735E+14  1.0002E+14  5.1233E+13  1.9441E+13  4.8532E+12  6.5674E+11
  2.4948E+14  2.1280E+14  1.6329E+14  1.0827E+14  5.5234E+13  2.0675E+13  5.1883E+12  6.9836E+11
  2.6075E+14  2.1570E+14  1.7497E+14  1.1421E+14  5.9224E+13  2.1920E+13  5.5037E+12  7.4576E+11
  2.7244E+14  2.4746E+14  1.9408E+14  1.2003E+14  6.1764E+13  2.3122E+13  5.7589E+12  7.6626E+11
  2.8599E+14  2.7190E+14  1.9057E+14  1.2784E+14  6.4430E+13  2.4261E+13  6.1050E+12  8.1828E+11
  3.0179E+14  2.5579E+14  2.0205E+14  1.2937E+14  6.6393E+13  2.4778E+13  6.1449E+12  8.1334E+11
  3.2068E+14  2.7382E+14  2.0483E+14  1.3431E+14  6.9141E+13  2.5959E+13  6.4691E+12  8.5543E+11
  3.5998E+14  2.7578E+14  2.0265E+14  1.3229E+14  6.8102E+13  2.5490E+13  6.3106E+12  8.2887E+11
  3.1145E+14  2.5682E+14  2.0886E+14  1.3234E+14  6.6822E+13  2.4611E+13  5.9793E+12  7.6575E+11
  2.7395E+14  2.5289E+14  2.0929E+14  1.3728E+14  7.2213E+13  2.7826E+13  7.1322E+12  9.7631E+11
  2.7414E+14  2.5773E+14  1.9801E+14  1.3317E+14  6.9802E+13  2.6576E+13  6.6954E+12  8.9948E+11
  1.9381E+14  2.4857E+14  1.9850E+14  1.3182E+14  6.7305E+13  2.5279E+13  6.3313E+12  8.4707E+11
  1.6592E+14  2.2256E+14  1.9321E+14  1.2740E+14  6.6467E+13  2.5249E+13  6.3514E+12  8.5168E+11
  1.8781E+14  2.3752E+14  1.8061E+14  1.2512E+14  6.4501E+13  2.4104E+13  5.9904E+12  7.9686E+11
  1.9787E+14  2.0951E+14  1.8396E+14  1.1770E+14  6.1699E+13  2.3246E+13  5.8526E+12  7.8893E+11
  2.0153E+14  1.5328E+14  1.6464E+14  1.1239E+14  5.8585E+13  2.2146E+13  5.5500E+12  7.3984E+11
  2.0200E+14  1.5245E+14  1.5218E+14  1.0616E+14  5.5159E+13  2.0860E+13  5.2508E+12  7.1043E+11
  2.0017E+14  1.6046E+14  1.5837E+14  9.7867E+13  5.1118E+13  1.9331E+13  4.9278E+12  6.6927E+11
  1.9658E+14  1.6014E+14  1.3405E+14  9.4264E+13  4.7108E+13  1.7988E+13  4.5795E+12  6.2558E+11
  1.9162E+14  1.5683E+14  1.0135E+14  8.3255E+13  4.3112E+13  1.6387E+13  4.1795E+12  5.8125E+11
  1.8557E+14  1.5241E+14  1.0061E+14  7.6312E+13  3.9920E+13  1.4882E+13  3.8541E+12  5.3509E+11
  1.7867E+14  1.4706E+14  1.0189E+14  7.7386E+13  3.6121E+13  1.3545E+13  3.4666E+12  4.8366E+11
  1.7110E+14  1.4104E+14  9.8733E+13  6.4494E+13  3.2695E+13  1.2093E+13  3.1393E+12  4.4304E+11
  1.6300E+14  1.3449E+14  9.4311E+13  4.9170E+13  2.9680E+13  1.0896E+13  2.8282E+12  3.9382E+11
  1.5452E+14  1.2758E+14  8.9785E+13  4.9865E+13  2.6283E+13  9.8011E+12  2.4875E+12  3.5746E+11
  1.4578E+14  1.2043E+14  8.4791E+13  4.9861E+13  2.4896E+13  8.6678E+12  2.2262E+12  3.1859E+11
  1.3689E+14  1.1312E+14  7.9762E+13  4.6926E+13  2.2212E+13  7.6619E+12  1.9488E+12  2.8115E+11
  1.2796E+14  1.0577E+14  7.4584E+13  4.3834E+13  1.6992E+13  6.7844E+12  1.7154E+12  2.5106E+11
  1.1907E+14  9.8438E+13  6.9447E+13  4.1076E+13  1.7727E+13  6.0520E+12  1.5229E+12  2.1456E+11
  1.1031E+14  9.1202E+13  6.4348E+13  3.8148E+13  1.8726E+13  5.5118E+12  1.3200E+12  1.8910E+11
  1.0174E+14  8.4122E+13  5.9359E+13  3.5304E+13  1.7069E+13  4.9135E+12  1.1493E+12  1.6203E+11
  9.3421E+13  7.7250E+13  5.4509E+13  3.2320E+13  1.5395E+13  4.0426E+12  1.0020E+12  1.4025E+11
  8.5412E+13  7.0629E+13  4.9836E+13  2.9624E+13  1.4281E+13  3.7753E+12  8.6836E+11  1.2382E+11
  7.7752E+13  6.4295E+13  4.5364E+13  2.6902E+13  1.3061E+13  4.5915E+12  7.8315E+11  1.0571E+11
  7.0474E+13  5.8276E+13  4.1114E+13  2.4410E+13  1.1848E+13  4.8151E+12  7.0390E+11  9.2366E+10
  6.3604E+13  5.2595E+13  3.7101E+13  2.2003E+13  1.0662E+13  4.1171E+12  5.9974E+11  7.8518E+10
  5.7159E+13  4.7263E+13  3.3336E+13  1.9773E+13  9.6189E+12  3.4817E+12  5.1640E+11  6.5435E+10
  5.1148E+13  4.2291E+13  2.9825E+13  1.7681E+13  8.5716E+12  3.2322E+12  5.2603E+11  5.7252E+10
  4.5575E+13  3.7682E+13  2.6570E+13  1.5747E+13  7.6521E+12  3.0208E+12  6.5092E+11  4.8900E+10
  4.0439E+13  3.3432E+13  2.3569E+13  1.3963E+13  6.7602E+12  2.6477E+12  7.2503E+11  4.3835E+10
  3.5730E+13  2.9537E+13  2.0818E+13  1.2328E+13  5.9811E+12  2.2597E+12  6.8493E+11  3.9423E+10
  3.1437E+13  2.5985E+13  1.8311E+13  1.0839E+13  5.2460E+12  1.9507E+12  5.5954E+11  3.3200E+10
  2.7544E+13  2.2765E+13  1.6037E+13  9.4888E+12  4.5944E+12  1.7231E+12  4.5707E+11  3.0822E+10
  2.4032E+13  1.9860E+13  1.3987E+13  8.2715E+12  3.9999E+12  1.5132E+12  4.1918E+11  3.3672E+10
  2.0880E+13  1.7253E+13  1.2147E+13  7.1797E+12  3.4704E+12  1.3147E+12  3.9879E+11  4.0823E+10
  1.8067E+13  1.4926E+13  1.0505E+13  6.2055E+12  2.9967E+12  1.1308E+12  3.4933E+11  4.5724E+10
  1.5567E+13  1.2858E+13  9.0463E+12  5.3406E+12  2.5771E+12  9.6452E+11  2.7399E+11  4.6349E+10
  1.3358E+13  1.1031E+13  7.7574E+12  4.5767E+12  2.2064E+12  8.3047E+11  2.1287E+11  3.9894E+10
  1.1414E+13  9.4236E+12  6.6240E+12  3.9052E+12  1.8809E+12  7.0785E+11  1.8040E+11  3.3142E+10
  9.7132E+12  8.0171E+12  5.6325E+12  3.3180E+12  1.5965E+12  5.9916E+11  1.5657E+11  2.7038E+10
  8.2314E+12  6.7919E+12  4.7690E+12  2.8070E+12  1.3491E+12  5.0528E+11  1.3351E+11  2.3273E+10
  6.9467E+12  5.7299E+12  4.0208E+12  2.3644E+12  1.1351E+12  4.2504E+11  1.1770E+11  2.1541E+10
  5.8380E+12  4.8137E+12  3.3755E+12  1.9830E+12  9.5086E+11  3.5591E+11  9.7614E+10  1.8343E+10
  4.8860E+12  4.0270E+12  2.8217E+12  1.6559E+12  7.9299E+11  2.9633E+11  8.1213E+10  1.4329E+10
  4.0721E+12  3.3547E+12  2.3487E+12  1.3767E+12  6.5838E+11  2.4572E+11  6.2814E+10  9.7306E+09
  3.3796E+12  2.7827E+12  1.9465E+12  1.1395E+12  5.4418E+11  2.0292E+11  5.5324E+10  6.6703E+09
  2.7930E+12  2.2985E+12  1.6062E+12  9.3903E+11  4.4776E+11  1.6680E+11  4.4358E+10  6.3933E+09
  2.2984E+12  1.8903E+12  1.3196E+12  7.7036E+11  3.6676E+11  1.3647E+11  3.8581E+10  6.6334E+09
  1.8833E+12  1.5479E+12  1.0793E+12  6.2915E+11  2.9903E+11  1.1116E+11  3.0558E+10  5.8865E+09
  1.5366E+12  1.2620E+12  8.7888E+11  5.1148E+11  2.4270E+11  9.0136E+10  2.3628E+10  5.6540E+09
  1.2482E+12  1.0244E+12  7.1244E+11  4.1391E+11  1.9606E+11  7.2761E+10  1.9707E+10  4.6996E+09
  1.0094E+12  8.2774E+11  5.7489E+11  3.3341E+11  1.5765E+11  5.8451E+10  1.6481E+10  3.7827E+09
  8.1272E+11  6.6584E+11  4.6175E+11  2.6730E+11  1.2617E+11  4.6773E+10  1.3023E+10  3.0338E+09
  6.5137E+11  5.3315E+11  3.6916E+11  2.1329E+11  1.0049E+11  3.7191E+10  1.0209E+10  2.2829E+09
  5.1965E+11  4.2491E+11  2.9374E+11  1.6938E+11  7.9691E+10  2.9557E+10  8.3218E+09  1.6431E+09
  4.1263E+11  3.3705E+11  2.3260E+11  1.3386E+11  6.2821E+10  2.3145E+10  6.4162E+09  1.8657E+09
  3.2610E+11  2.6607E+11  1.8330E+11  1.0530E+11  4.9463E+10  1.8426E+10  5.3357E+09  1.8044E+09
  2.5646E+11  2.0902E+11  1.4373E+11  8.2331E+10  3.8316E+10  1.3929E+10  3.9521E+09  1.6183E+09
  2.0071E+11  1.6340E+11  1.1221E+11  6.4399E+10  3.0399E+10  1.1524E+10  3.4096E+09  1.0186E+09
  1.5630E+11  1.2707E+11  8.6924E+10  4.9044E+10  2.2078E+10  7.8621E+09  2.1931E+09  5.5809E+08
  1.2111E+11  9.8544E+10  6.7993E+10  3.9622E+10  1.9296E+10  7.5348E+09  2.3158E+09  7.6411E+08
  9.3281E+10  7.4637E+10  4.8503E+10  2.5036E+10  1.0583E+10  3.7521E+09  1.0706E+09  3.6810E+08
  7.2110E+10  6.1192E+10  4.5146E+10  2.8167E+10  1.4140E+10  5.4950E+09  1.6932E+09  6.0290E+08
