# CREATED BY GENE DIAGNOSTICS TOOL on Sat May 17 18:02:03 2025 /home/unix/ottink/gene/diagnostics
# diag: vsp1, run(s): vim010vep040, time window: 119.65-119.67576(1 steps), species: i
# original data path: /Differ/Data/IMT/lottink/Tokamak_nTEM/vres_scan/v1/
# normalization: L_ref=1.65m
#
# vpar
 -3.0000E+00
 -2.9528E+00
 -2.9055E+00
 -2.8583E+00
 -2.8110E+00
 -2.7638E+00
 -2.7165E+00
 -2.6693E+00
 -2.6220E+00
 -2.5748E+00
 -2.5276E+00
 -2.4803E+00
 -2.4331E+00
 -2.3858E+00
 -2.3386E+00
 -2.2913E+00
 -2.2441E+00
 -2.1969E+00
 -2.1496E+00
 -2.1024E+00
 -2.0551E+00
 -2.0079E+00
 -1.9606E+00
 -1.9134E+00
 -1.8661E+00
 -1.8189E+00
 -1.7717E+00
 -1.7244E+00
 -1.6772E+00
 -1.6299E+00
 -1.5827E+00
 -1.5354E+00
 -1.4882E+00
 -1.4409E+00
 -1.3937E+00
 -1.3465E+00
 -1.2992E+00
 -1.2520E+00
 -1.2047E+00
 -1.1575E+00
 -1.1102E+00
 -1.0630E+00
 -1.0157E+00
 -9.6850E-01
 -9.2126E-01
 -8.7402E-01
 -8.2677E-01
 -7.7953E-01
 -7.3228E-01
 -6.8504E-01
 -6.3780E-01
 -5.9055E-01
 -5.4331E-01
 -4.9606E-01
 -4.4882E-01
 -4.0157E-01
 -3.5433E-01
 -3.0709E-01
 -2.5984E-01
 -2.1260E-01
 -1.6535E-01
 -1.1811E-01
 -7.0866E-02
 -2.3622E-02
  2.3622E-02
  7.0866E-02
  1.1811E-01
  1.6535E-01
  2.1260E-01
  2.5984E-01
  3.0709E-01
  3.5433E-01
  4.0157E-01
  4.4882E-01
  4.9606E-01
  5.4331E-01
  5.9055E-01
  6.3780E-01
  6.8504E-01
  7.3228E-01
  7.7953E-01
  8.2677E-01
  8.7402E-01
  9.2126E-01
  9.6850E-01
  1.0157E+00
  1.0630E+00
  1.1102E+00
  1.1575E+00
  1.2047E+00
  1.2520E+00
  1.2992E+00
  1.3465E+00
  1.3937E+00
  1.4409E+00
  1.4882E+00
  1.5354E+00
  1.5827E+00
  1.6299E+00
  1.6772E+00
  1.7244E+00
  1.7717E+00
  1.8189E+00
  1.8661E+00
  1.9134E+00
  1.9606E+00
  2.0079E+00
  2.0551E+00
  2.1024E+00
  2.1496E+00
  2.1969E+00
  2.2441E+00
  2.2913E+00
  2.3386E+00
  2.3858E+00
  2.4331E+00
  2.4803E+00
  2.5276E+00
  2.5748E+00
  2.6220E+00
  2.6693E+00
  2.7165E+00
  2.7638E+00
  2.8110E+00
  2.8583E+00
  2.9055E+00
  2.9528E+00
  3.0000E+00


# mu
  5.5286E-02
  2.9341E-01
  7.3088E-01
  1.3853E+00
  2.2877E+00
  3.4931E+00
  5.1107E+00
  7.4232E+00


# trapped boundary
#  mu         vpar      
  5.5286E-02 -1.3503E-01
  5.5286E-02  1.4677E-01
  2.9341E-01 -3.2290E-01
  2.9341E-01  3.3464E-01
  7.3088E-01 -5.1076E-01
  7.3088E-01  5.2251E-01
  1.3853E+00 -7.1037E-01
  1.3853E+00  7.2211E-01
  2.2877E+00 -9.2172E-01
  2.2877E+00  9.3346E-01
  3.4931E+00 -1.1331E+00
  3.4931E+00  1.1448E+00
  5.1107E+00 -1.3679E+00
  5.1107E+00  1.3796E+00
  7.4232E+00 -1.6614E+00
  7.4232E+00  1.6732E+00


# , time = 119.67576, var = <|f|^2>^(1/2) , z = 0
  1.8032E+04  1.4768E+04  1.0248E+04  5.8303E+03  2.7083E+03  1.0082E+03  2.7768E+02  4.3788E+01
  2.3710E+04  1.8961E+04  1.2815E+04  7.2774E+03  3.4199E+03  1.2418E+03  3.2026E+02  4.5772E+01
  3.0848E+04  2.4795E+04  1.6859E+04  9.4796E+03  4.3346E+03  1.5706E+03  4.2239E+02  6.4790E+01
  3.9990E+04  3.2204E+04  2.1952E+04  1.2450E+04  5.8221E+03  2.1431E+03  5.6420E+02  8.3012E+01
  5.1587E+04  4.1629E+04  2.8458E+04  1.6149E+04  7.4757E+03  2.7094E+03  7.1673E+02  1.0779E+02
  6.6234E+04  5.3557E+04  3.6720E+04  2.0917E+04  9.7498E+03  3.5738E+03  9.4505E+02  1.3934E+02
  8.4652E+04  6.8582E+04  4.7159E+04  2.6947E+04  1.2559E+04  4.5769E+03  1.2057E+03  1.7905E+02
  1.0772E+05  8.7428E+04  6.0289E+04  3.4566E+04  1.6155E+04  5.9073E+03  1.5586E+03  2.2957E+02
  1.3648E+05  1.1096E+05  7.6726E+04  4.4139E+04  2.0670E+04  7.5519E+03  1.9869E+03  2.9329E+02
  1.7220E+05  1.4022E+05  9.7209E+04  5.6114E+04  2.6341E+04  9.6343E+03  2.5354E+03  3.7269E+02
  2.1639E+05  1.7645E+05  1.2262E+05  7.1021E+04  3.3419E+04  1.2229E+04  3.2135E+03  4.7155E+02
  2.7080E+05  2.2111E+05  1.5400E+05  8.9491E+04  4.2219E+04  1.5461E+04  4.0604E+03  5.9392E+02
  3.3752E+05  2.7592E+05  1.9257E+05  1.1227E+05  5.3105E+04  1.9463E+04  5.1065E+03  7.4531E+02
  4.1893E+05  3.4289E+05  2.3978E+05  1.4023E+05  6.6510E+04  2.4399E+04  6.3965E+03  9.3086E+02
  5.1783E+05  4.2435E+05  2.9729E+05  1.7439E+05  8.2940E+04  3.0456E+04  7.9777E+03  1.1572E+03
  6.3739E+05  5.2295E+05  3.6705E+05  2.1593E+05  1.0298E+05  3.7857E+04  9.9095E+03  1.4365E+03
  7.8123E+05  6.4176E+05  4.5127E+05  2.6622E+05  1.2732E+05  4.6858E+04  1.2256E+04  1.7694E+03
  9.5347E+05  7.8425E+05  5.5249E+05  3.2681E+05  1.5674E+05  5.7754E+04  1.5096E+04  2.1749E+03
  1.1587E+06  9.5433E+05  6.7359E+05  3.9949E+05  1.9212E+05  7.0883E+04  1.8514E+04  2.6644E+03
  1.4022E+06  1.1564E+06  8.1782E+05  4.8628E+05  2.3448E+05  8.6630E+04  2.2611E+04  3.2384E+03
  1.6896E+06  1.3953E+06  9.8880E+05  5.8943E+05  2.8496E+05  1.0543E+05  2.7501E+04  3.9313E+03
  2.0272E+06  1.6765E+06  1.1906E+06  7.1147E+05  3.4483E+05  1.2776E+05  3.3303E+04  4.7476E+03
  2.4219E+06  2.0060E+06  1.4276E+06  8.5522E+05  4.1551E+05  1.5416E+05  4.0164E+04  5.7008E+03
  2.8809E+06  2.3900E+06  1.7048E+06  1.0238E+06  4.9857E+05  1.8524E+05  4.8234E+04  6.8298E+03
  3.4122E+06  2.8357E+06  2.0273E+06  1.2204E+06  5.9570E+05  2.2164E+05  5.7681E+04  8.1486E+03
  4.0241E+06  3.3503E+06  2.4011E+06  1.4489E+06  7.0877E+05  2.6407E+05  6.8693E+04  9.6688E+03
  4.7255E+06  3.9419E+06  2.8321E+06  1.7131E+06  8.3976E+05  3.1330E+05  8.1456E+04  1.1453E+04
  5.5259E+06  4.6187E+06  3.3268E+06  2.0172E+06  9.9079E+05  3.7012E+05  9.6183E+04  1.3504E+04
  6.4350E+06  5.3895E+06  3.8921E+06  2.3655E+06  1.1641E+06  4.3540E+05  1.1308E+05  1.5842E+04
  7.4631E+06  6.2632E+06  4.5348E+06  2.7625E+06  1.3620E+06  5.1003E+05  1.3240E+05  1.8555E+04
  8.6209E+06  7.2492E+06  5.2623E+06  3.2130E+06  1.5869E+06  5.9492E+05  1.5438E+05  2.1603E+04
  9.9191E+06  8.3567E+06  6.0817E+06  3.7216E+06  1.8413E+06  6.9100E+05  1.7925E+05  2.5058E+04
  1.1369E+07  9.5953E+06  7.0002E+06  4.2931E+06  2.1274E+06  7.9921E+05  2.0735E+05  2.8977E+04
  1.2980E+07  1.0974E+07  8.0250E+06  4.9319E+06  2.4478E+06  9.2044E+05  2.3886E+05  3.3299E+04
  1.4763E+07  1.2502E+07  9.1625E+06  5.6424E+06  2.8046E+06  1.0555E+06  2.7404E+05  3.8142E+04
  1.6727E+07  1.4187E+07  1.0419E+07  6.4287E+06  3.1999E+06  1.2054E+06  3.1315E+05  4.3483E+04
  1.8881E+07  1.6036E+07  1.1800E+07  7.2942E+06  3.6357E+06  1.3706E+06  3.5625E+05  4.9295E+04
  2.1231E+07  1.8056E+07  1.3310E+07  8.2420E+06  4.1133E+06  1.5520E+06  4.0347E+05  5.5688E+04
  2.3783E+07  2.0250E+07  1.4951E+07  9.2741E+06  4.6340E+06  1.7500E+06  4.5492E+05  6.2581E+04
  2.6540E+07  2.2621E+07  1.6727E+07  1.0392E+07  5.1985E+06  1.9651E+06  5.1053E+05  6.9975E+04
  2.9502E+07  2.5169E+07  1.8637E+07  1.1595E+07  5.8070E+06  2.1974E+06  5.7028E+05  7.7964E+04
  3.2666E+07  2.7892E+07  2.0679E+07  1.2883E+07  6.4591E+06  2.4465E+06  6.3419E+05  8.6379E+04
  3.6025E+07  3.0785E+07  2.2849E+07  1.4254E+07  7.1536E+06  2.7120E+06  7.0206E+05  9.5301E+04
  3.9569E+07  3.3838E+07  2.5141E+07  1.5703E+07  7.8888E+06  2.9929E+06  7.7367E+05  1.0475E+05
  4.3284E+07  3.7039E+07  2.7546E+07  1.7225E+07  8.6620E+06  3.2883E+06  8.4899E+05  1.1450E+05
  4.7150E+07  4.0372E+07  3.0052E+07  1.8812E+07  9.4695E+06  3.5966E+06  9.2740E+05  1.2475E+05
  5.1147E+07  4.3818E+07  3.2644E+07  2.0456E+07  1.0307E+07  3.9162E+06  1.0085E+06  1.3531E+05
  5.5244E+07  4.7352E+07  3.5305E+07  2.2144E+07  1.1168E+07  4.2449E+06  1.0922E+06  1.4600E+05
  5.9411E+07  5.0946E+07  3.8012E+07  2.3864E+07  1.2047E+07  4.5805E+06  1.1772E+06  1.5707E+05
  6.3610E+07  5.4568E+07  4.0741E+07  2.5601E+07  1.2937E+07  4.9200E+06  1.2631E+06  1.6798E+05
  6.7798E+07  5.8181E+07  4.3467E+07  2.7338E+07  1.3828E+07  5.2604E+06  1.3495E+06  1.7893E+05
  7.1930E+07  6.1746E+07  4.6158E+07  2.9057E+07  1.4711E+07  5.5985E+06  1.4346E+06  1.8987E+05
  7.5956E+07  6.5220E+07  4.8784E+07  3.0739E+07  1.5577E+07  5.9304E+06  1.5184E+06  2.0024E+05
  7.9824E+07  6.8560E+07  5.1312E+07  3.2362E+07  1.6415E+07  6.2518E+06  1.5996E+06  2.1054E+05
  8.3481E+07  7.1720E+07  5.3710E+07  3.3906E+07  1.7215E+07  6.5593E+06  1.6766E+06  2.2020E+05
  8.6875E+07  7.4658E+07  5.5945E+07  3.5350E+07  1.7966E+07  6.8489E+06  1.7496E+06  2.2906E+05
  8.9957E+07  7.7333E+07  5.7987E+07  3.6676E+07  1.8659E+07  7.1167E+06  1.8173E+06  2.3772E+05
  9.2683E+07  7.9708E+07  5.9811E+07  3.7868E+07  1.9287E+07  7.3606E+06  1.8786E+06  2.4526E+05
  9.5014E+07  8.1752E+07  6.1397E+07  3.8916E+07  1.9845E+07  7.5799E+06  1.9349E+06  2.5230E+05
  9.6921E+07  8.3447E+07  6.2735E+07  3.9819E+07  2.0336E+07  7.7766E+06  1.9864E+06  2.5914E+05
  9.8384E+07  8.4787E+07  6.3840E+07  4.0602E+07  2.0784E+07  7.9655E+06  2.0385E+06  2.6623E+05
  9.9397E+07  8.5807E+07  6.4788E+07  4.1345E+07  2.1238E+07  8.1644E+06  2.0952E+06  2.7459E+05
  1.0002E+08  8.6781E+07  6.6050E+07  4.2545E+07  2.2045E+07  8.5341E+06  2.2022E+06  2.9013E+05
  1.0050E+08  8.8758E+07  6.9280E+07  4.5813E+07  2.4318E+07  9.6198E+06  2.5335E+06  3.4089E+05
  9.8491E+07  8.1809E+07  5.8069E+07  3.4359E+07  1.6278E+07  5.7611E+06  1.3563E+06  1.6158E+05
  9.8010E+07  8.2950E+07  6.0657E+07  3.7212E+07  1.8345E+07  6.7725E+06  1.6698E+06  2.1026E+05
  9.6719E+07  8.2258E+07  6.0641E+07  3.7580E+07  1.8719E+07  6.9779E+06  1.7368E+06  2.2117E+05
  9.4892E+07  8.0805E+07  5.9693E+07  3.7087E+07  1.8525E+07  6.9274E+06  1.7315E+06  2.2215E+05
  9.2617E+07  7.8894E+07  5.8311E+07  3.6253E+07  1.8129E+07  6.7921E+06  1.7029E+06  2.1947E+05
  8.9935E+07  7.6604E+07  5.6607E+07  3.5184E+07  1.7593E+07  6.5946E+06  1.6564E+06  2.1443E+05
  8.6888E+07  7.3984E+07  5.4639E+07  3.3933E+07  1.6958E+07  6.3565E+06  1.5989E+06  2.0759E+05
  8.3521E+07  7.1082E+07  5.2451E+07  3.2539E+07  1.6245E+07  6.0879E+06  1.5326E+06  1.9942E+05
  7.9880E+07  6.7942E+07  5.0084E+07  3.1029E+07  1.5474E+07  5.7964E+06  1.4610E+06  1.9086E+05
  7.6015E+07  6.4611E+07  4.7573E+07  2.9430E+07  1.4659E+07  5.4887E+06  1.3850E+06  1.8118E+05
  7.1978E+07  6.1133E+07  4.4956E+07  2.7768E+07  1.3812E+07  5.1697E+06  1.3054E+06  1.7116E+05
  6.7819E+07  5.7552E+07  4.2267E+07  2.6064E+07  1.2947E+07  4.8435E+06  1.2244E+06  1.6101E+05
  6.3587E+07  5.3911E+07  3.9538E+07  2.4340E+07  1.2073E+07  4.5147E+06  1.1423E+06  1.5029E+05
  5.9329E+07  5.0252E+07  3.6800E+07  2.2614E+07  1.1200E+07  4.1864E+06  1.0598E+06  1.3976E+05
  5.5087E+07  4.6610E+07  3.4081E+07  2.0906E+07  1.0338E+07  3.8620E+06  9.7862E+05  1.2923E+05
  5.0901E+07  4.3019E+07  3.1406E+07  1.9231E+07  9.4943E+06  3.5447E+06  8.9865E+05  1.1868E+05
  4.6804E+07  3.9510E+07  2.8798E+07  1.7602E+07  8.6756E+06  3.2370E+06  8.2085E+05  1.0868E+05
  4.2826E+07  3.6109E+07  2.6277E+07  1.6031E+07  7.8881E+06  2.9412E+06  7.4621E+05  9.8827E+04
  3.8994E+07  3.2838E+07  2.3857E+07  1.4527E+07  7.1367E+06  2.6592E+06  6.7485E+05  8.9441E+04
  3.5330E+07  2.9716E+07  2.1553E+07  1.3100E+07  6.4253E+06  2.3925E+06  6.0730E+05  8.0650E+04
  3.1851E+07  2.6757E+07  1.9375E+07  1.1754E+07  5.7566E+06  2.1421E+06  5.4410E+05  7.2235E+04
  2.8572E+07  2.3974E+07  1.7330E+07  1.0494E+07  5.1322E+06  1.9087E+06  4.8512E+05  6.4506E+04
  2.5503E+07  2.1372E+07  1.5423E+07  9.3222E+06  4.5533E+06  1.6926E+06  4.3058E+05  5.7371E+04
  2.2650E+07  1.8958E+07  1.3656E+07  8.2398E+06  4.0199E+06  1.4938E+06  3.8057E+05  5.0724E+04
  2.0016E+07  1.6731E+07  1.2030E+07  7.2465E+06  3.5318E+06  1.3121E+06  3.3487E+05  4.4755E+04
  1.7599E+07  1.4691E+07  1.0544E+07  6.3406E+06  3.0877E+06  1.1470E+06  2.9330E+05  3.9281E+04
  1.5396E+07  1.2833E+07  9.1928E+06  5.5198E+06  2.6864E+06  9.9790E+05  2.5583E+05  3.4287E+04
  1.3400E+07  1.1152E+07  7.9732E+06  4.7809E+06  2.3259E+06  8.6412E+05  2.2208E+05  2.9878E+04
  1.1602E+07  9.6407E+06  6.8791E+06  4.1197E+06  2.0039E+06  7.4483E+05  1.9183E+05  2.5854E+04
  9.9921E+06  8.2897E+06  5.9038E+06  3.5319E+06  1.7182E+06  6.3907E+05  1.6499E+05  2.2282E+04
  8.5597E+06  7.0894E+06  5.0397E+06  3.0127E+06  1.4660E+06  5.4583E+05  1.4118E+05  1.9161E+04
  7.2924E+06  6.0295E+06  4.2790E+06  2.5567E+06  1.2449E+06  4.6409E+05  1.2024E+05  1.6340E+04
  6.1778E+06  5.0994E+06  3.6137E+06  2.1589E+06  1.0521E+06  3.9281E+05  1.0196E+05  1.3902E+04
  5.2034E+06  4.2884E+06  3.0355E+06  1.8139E+06  8.8493E+05  3.3102E+05  8.6063E+04  1.1777E+04
  4.3571E+06  3.5858E+06  2.5361E+06  1.5165E+06  7.4088E+05  2.7772E+05  7.2334E+04  9.8952E+03
  3.6269E+06  2.9812E+06  2.1078E+06  1.2618E+06  6.1746E+05  2.3201E+05  6.0541E+04  8.2999E+03
  3.0011E+06  2.4643E+06  1.7427E+06  1.0448E+06  5.1230E+05  1.9302E+05  5.0472E+04  6.9279E+03
  2.4686E+06  2.0256E+06  1.4337E+06  8.6124E+05  4.2321E+05  1.5992E+05  4.1895E+04  5.7346E+03
  2.0187E+06  1.6558E+06  1.1738E+06  7.0675E+05  3.4816E+05  1.3197E+05  3.4639E+04  4.7430E+03
  1.6414E+06  1.3465E+06  9.5670E+05  5.7751E+05  2.8528E+05  1.0849E+05  2.8527E+04  3.9050E+03
  1.3275E+06  1.0897E+06  7.7653E+05  4.7003E+05  2.3288E+05  8.8858E+04  2.3392E+04  3.1829E+03
  1.0685E+06  8.7822E+05  6.2794E+05  3.8113E+05  1.8944E+05  7.2519E+04  1.9110E+04  2.6009E+03
  8.5673E+05  7.0536E+05  5.0614E+05  3.0802E+05  1.5360E+05  5.8982E+04  1.5548E+04  2.1109E+03
  6.8501E+05  5.6505E+05  4.0684E+05  2.4819E+05  1.2417E+05  4.7814E+04  1.2602E+04  1.6995E+03
  5.4680E+05  4.5184E+05  3.2628E+05  1.9947E+05  1.0011E+05  3.8637E+04  1.0175E+04  1.3718E+03
  4.3620E+05  3.6094E+05  2.6122E+05  1.5996E+05  8.0519E+04  3.1126E+04  8.1844E+03  1.1001E+03
  3.4803E+05  2.8819E+05  2.0886E+05  1.2806E+05  6.4619E+04  2.5001E+04  6.5600E+03  8.7672E+02
  2.7787E+05  2.3010E+05  1.6686E+05  1.0238E+05  5.1757E+04  2.0021E+04  5.2372E+03  6.9795E+02
  2.2206E+05  1.8376E+05  1.3323E+05  8.1760E+04  4.1378E+04  1.5987E+04  4.1668E+03  5.5489E+02
  1.7761E+05  1.4682E+05  1.0635E+05  6.5236E+04  3.3022E+04  1.2727E+04  3.3026E+03  4.3587E+02
  1.4216E+05  1.1735E+05  8.4877E+04  5.2011E+04  2.6304E+04  1.0101E+04  2.6079E+03  3.4381E+02
  1.1385E+05  9.3825E+04  6.7725E+04  4.1432E+04  2.0912E+04  7.9928E+03  2.0523E+03  2.6902E+02
  9.1180E+04  7.5016E+04  5.4018E+04  3.2972E+04  1.6589E+04  6.3041E+03  1.6083E+03  2.0940E+02
  7.3001E+04  5.9955E+04  4.3054E+04  2.6204E+04  1.3127E+04  4.9564E+03  1.2567E+03  1.6278E+02
  5.8392E+04  4.7873E+04  3.4277E+04  2.0790E+04  1.0358E+04  3.8827E+03  9.7687E+02  1.2571E+02
  4.6632E+04  3.8170E+04  2.7244E+04  1.6458E+04  8.1477E+03  3.0337E+03  7.5825E+02  9.7026E+01
  3.7162E+04  3.0372E+04  2.1609E+04  1.2993E+04  6.3852E+03  2.3567E+03  5.8358E+02  7.4292E+01
  2.9537E+04  2.4107E+04  1.7093E+04  1.0226E+04  4.9918E+03  1.8340E+03  4.5091E+02  5.7098E+01
  2.3405E+04  1.9077E+04  1.3478E+04  8.0141E+03  3.8726E+03  1.4043E+03  3.4230E+02  4.3405E+01
  1.8483E+04  1.5046E+04  1.0590E+04  6.2694E+03  3.0257E+03  1.0979E+03  2.6442E+02  3.2842E+01
  1.4541E+04  1.1819E+04  8.2759E+03  4.8408E+03  2.2869E+03  8.1611E+02  1.9773E+02  2.5236E+01
  1.1390E+04  9.2473E+03  6.4787E+03  3.8281E+03  1.8357E+03  6.4961E+02  1.5072E+02  1.8288E+01
  8.8879E+03  7.1647E+03  4.9003E+03  2.7787E+03  1.2961E+03  4.6697E+02  1.1398E+02  1.4892E+01
  6.8812E+03  5.7092E+03  4.0848E+03  2.4024E+03  1.1093E+03  3.7860E+02  8.6650E+01  1.0385E+01
