# CREATED BY GENE DIAGNOSTICS TOOL on Sat May 17 19:40:41 2025 /home/unix/ottink/gene/diagnostics
# diag: vsp1, run(s): vim010vep040, time window: 310.8-310.86327(1 steps), species: e
# original data path: /Differ/Data/IMT/lottink/RFP_nTEM/vres_scan/v1/
# normalization: L_ref=1.5m
#
# vpar
 -3.0000E+00
 -2.9048E+00
 -2.8095E+00
 -2.7143E+00
 -2.6190E+00
 -2.5238E+00
 -2.4286E+00
 -2.3333E+00
 -2.2381E+00
 -2.1429E+00
 -2.0476E+00
 -1.9524E+00
 -1.8571E+00
 -1.7619E+00
 -1.6667E+00
 -1.5714E+00
 -1.4762E+00
 -1.3810E+00
 -1.2857E+00
 -1.1905E+00
 -1.0952E+00
 -1.0000E+00
 -9.0476E-01
 -8.0952E-01
 -7.1429E-01
 -6.1905E-01
 -5.2381E-01
 -4.2857E-01
 -3.3333E-01
 -2.3810E-01
 -1.4286E-01
 -4.7619E-02
  4.7619E-02
  1.4286E-01
  2.3810E-01
  3.3333E-01
  4.2857E-01
  5.2381E-01
  6.1905E-01
  7.1429E-01
  8.0952E-01
  9.0476E-01
  1.0000E+00
  1.0952E+00
  1.1905E+00
  1.2857E+00
  1.3810E+00
  1.4762E+00
  1.5714E+00
  1.6667E+00
  1.7619E+00
  1.8571E+00
  1.9524E+00
  2.0476E+00
  2.1429E+00
  2.2381E+00
  2.3333E+00
  2.4286E+00
  2.5238E+00
  2.6190E+00
  2.7143E+00
  2.8095E+00
  2.9048E+00
  3.0000E+00


# mu
  1.8108E-02
  9.5589E-02
  2.3573E-01
  4.3989E-01
  7.1007E-01
  1.0491E+00
  1.4607E+00
  1.9499E+00
  2.5234E+00
  3.1901E+00
  3.9625E+00
  4.8582E+00
  5.9041E+00
  7.1447E+00
  8.6646E+00
  1.0681E+01


# trapped boundary
#  mu         vpar      
  1.8108E-02 -7.6321E-02
  1.8108E-02  8.8062E-02
  9.5589E-02 -1.8200E-01
  9.5589E-02  1.9374E-01
  2.3573E-01 -2.8767E-01
  2.3573E-01  2.9941E-01
  4.3989E-01 -4.0509E-01
  4.3989E-01  4.1683E-01
  7.1007E-01 -5.1076E-01
  7.1007E-01  5.2250E-01
  1.0491E+00 -6.1644E-01
  1.0491E+00  6.2818E-01
  1.4607E+00 -7.3386E-01
  1.4607E+00  7.4560E-01
  1.9499E+00 -8.5127E-01
  1.9499E+00  8.6301E-01
  2.5234E+00 -9.6869E-01
  2.5234E+00  9.8043E-01
  3.1901E+00 -1.0861E+00
  3.1901E+00  1.0978E+00
  3.9625E+00 -1.2153E+00
  3.9625E+00  1.2270E+00
  4.8582E+00 -1.3444E+00
  4.8582E+00  1.3562E+00
  5.9041E+00 -1.4736E+00
  5.9041E+00  1.4853E+00
  7.1447E+00 -1.6262E+00
  7.1447E+00  1.6380E+00
  8.6646E+00 -1.7906E+00
  8.6646E+00  1.8023E+00
  1.0681E+01 -1.9902E+00
  1.0681E+01  2.0020E+00


# , time = 310.86327, var = <|f|^2>^(1/2) , z = 0
  8.6790E-02  8.4045E-02  7.9282E-02  7.2784E-02  6.4936E-02  5.6197E-02  4.7061E-02  3.8023E-02  2.9532E-02  2.1954E-02  1.5540E-02  1.0434E-02  6.4725E-03  5.3405E-03  2.5022E-03  1.2441E-02
  1.6478E-01  1.5879E-01  1.4850E-01  1.3466E-01  1.1828E-01  1.0049E-01  8.2423E-02  6.5120E-02  4.9419E-02  3.5893E-02  2.4840E-02  1.6241E-02  1.0513E-02  5.5261E-03  9.9666E-03  1.3229E-02
  3.0770E-01  2.9664E-01  2.7765E-01  2.5216E-01  2.2201E-01  1.8928E-01  1.5601E-01  1.2405E-01  9.4885E-02  6.9562E-02  4.8639E-02  3.2474E-02  1.9255E-02  2.0073E-02  8.4433E-03  4.9038E-03
  5.6435E-01  5.4409E-01  5.0930E-01  4.6256E-01  4.0726E-01  3.4716E-01  2.8602E-01  2.2724E-01  1.7360E-01  1.2703E-01  8.8675E-02  5.8074E-02  4.0898E-02  2.2988E-02  3.1197E-02  2.4236E-02
  1.0168E+00  9.8033E-01  9.1773E-01  8.3365E-01  7.3415E-01  6.2600E-01  5.1598E-01  4.1020E-01  3.1363E-01  2.2980E-01  1.6045E-01  1.0880E-01  6.1413E-02  7.1287E-02  1.7920E-02  7.7894E-02
  1.7995E+00  1.7352E+00  1.6245E+00  1.4759E+00  1.3001E+00  1.1089E+00  9.1428E-01  7.2713E-01  5.5622E-01  4.0773E-01  2.8581E-01  1.8426E-01  1.4794E-01  7.3665E-02  7.3913E-02  5.7535E-02
  3.1288E+00  3.0171E+00  2.8251E+00  2.5671E+00  2.2618E+00  1.9297E+00  1.5917E+00  1.2665E+00  9.6940E-01  7.1130E-01  4.9595E-01  3.5224E-01  1.9102E-01  1.7768E-01  1.9108E-01  1.1764E-01
  5.3445E+00  5.1540E+00  4.8266E+00  4.3867E+00  3.8659E+00  3.2995E+00  2.7227E+00  2.1675E+00  1.6602E+00  1.2187E+00  8.6176E-01  5.4277E-01  4.6844E-01  2.3465E-01  2.7971E-01  4.5250E-01
  8.9690E+00  8.6500E+00  8.1017E+00  7.3649E+00  6.4924E+00  5.5431E+00  4.5762E+00  3.6453E+00  2.7940E+00  2.0549E+00  1.4246E+00  1.0914E+00  5.5406E-01  5.8914E-01  2.4109E-01  8.6927E-01
  1.4789E+01  1.4264E+01  1.3362E+01  1.2149E+01  1.0713E+01  9.1507E+00  7.5584E+00  6.0247E+00  4.6218E+00  3.3964E+00  2.4516E+00  1.5199E+00  1.3057E+00  9.1987E-01  1.9193E+00  1.4395E+00
  2.3960E+01  2.3112E+01  2.1654E+01  1.9694E+01  1.7373E+01  1.4845E+01  1.2269E+01  9.7867E+00  7.5142E+00  5.5508E+00  3.8138E+00  3.0318E+00  1.8855E+00  1.0859E+00  4.7178E+00  2.4170E+00
  3.8146E+01  3.6799E+01  3.4485E+01  3.1373E+01  2.7685E+01  2.3670E+01  1.9575E+01  1.5628E+01  1.2015E+01  8.8272E+00  6.5461E+00  4.0626E+00  2.9667E+00  6.0092E+00  7.6663E+00  3.7422E+00
  5.9684E+01  5.7584E+01  5.3974E+01  4.9119E+01  4.3364E+01  3.7096E+01  3.0702E+01  2.4533E+01  1.8876E+01  1.4052E+01  9.6380E+00  7.6651E+00  4.9422E+00  1.4799E+01  1.1150E+01  5.5186E+00
  9.1782E+01  8.8564E+01  8.3032E+01  7.5591E+01  6.6769E+01  5.7155E+01  4.7344E+01  3.7880E+01  2.9213E+01  2.1454E+01  1.6448E+01  1.0301E+01  1.9232E+01  2.4348E+01  1.6123E+01  9.8572E+00
  1.3874E+02  1.3390E+02  1.2557E+02  1.1437E+02  1.0108E+02  8.6589E+01  7.1798E+01  5.7501E+01  4.4353E+01  3.3569E+01  2.3861E+01  2.0671E+01  4.2507E+01  3.5196E+01  2.4038E+01  1.7800E+01
  2.0620E+02  1.9904E+02  1.8672E+02  1.7014E+02  1.5047E+02  1.2902E+02  1.0710E+02  8.5965E+01  6.6684E+01  4.9797E+01  3.4704E+01  5.6035E+01  6.8084E+01  5.1299E+01  4.5127E+01  2.7252E+01
  3.0136E+02  2.9094E+02  2.7304E+02  2.4893E+02  2.2033E+02  1.8912E+02  1.5724E+02  1.2632E+02  9.8245E+01  7.3890E+01  6.6977E+01  1.1190E+02  9.8528E+01  8.6578E+01  8.4599E+01  3.8797E+01
  4.3320E+02  4.1833E+02  3.9276E+02  3.5833E+02  3.1746E+02  2.7285E+02  2.2719E+02  1.8344E+02  1.4397E+02  1.0807E+02  1.5511E+02  1.7179E+02  1.5174E+02  1.7166E+02  1.3288E+02  5.4512E+01
  6.1271E+02  5.9184E+02  5.5596E+02  5.0764E+02  4.5026E+02  3.8760E+02  3.2369E+02  2.6216E+02  2.0407E+02  2.0228E+02  2.6480E+02  2.4347E+02  2.8915E+02  2.9621E+02  1.8864E+02  7.3972E+01
  8.5301E+02  8.2423E+02  7.7477E+02  7.0815E+02  6.2902E+02  5.4263E+02  4.5435E+02  3.6965E+02  3.0348E+02  3.6485E+02  3.6706E+02  4.2594E+02  5.2720E+02  4.3031E+02  2.5873E+02  9.7624E+01
  1.1695E+03  1.1306E+03  1.0636E+03  9.7337E+02  8.6620E+02  7.4925E+02  6.3121E+02  5.1668E+02  5.0294E+02  5.3580E+02  5.7408E+02  7.9386E+02  7.8761E+02  5.8301E+02  3.3998E+02  1.2699E+02
  1.5804E+03  1.5285E+03  1.4395E+03  1.3195E+03  1.1770E+03  1.0226E+03  8.6510E+02  7.5054E+02  7.5897E+02  7.5739E+02  1.0601E+03  1.2174E+03  1.0471E+03  7.6330E+02  4.2888E+02  1.6160E+02
  2.1067E+03  2.0389E+03  1.9227E+03  1.7662E+03  1.5812E+03  1.3824E+03  1.1943E+03  1.1214E+03  1.0825E+03  1.3302E+03  1.6528E+03  1.5938E+03  1.3494E+03  9.4943E+02  5.2862E+02  2.0101E+02
  2.7739E+03  2.6871E+03  2.5384E+03  2.3391E+03  2.1066E+03  1.8660E+03  1.6845E+03  1.5662E+03  1.6158E+03  2.0391E+03  2.1426E+03  2.0128E+03  1.6616E+03  1.1446E+03  6.3518E+02  2.4475E+02
  3.6127E+03  3.5045E+03  3.3203E+03  3.0767E+03  2.8055E+03  2.5668E+03  2.4021E+03  2.2921E+03  2.5494E+03  2.6821E+03  2.6643E+03  2.4601E+03  1.9595E+03  1.3511E+03  7.4520E+02  2.9126E+02
  4.6664E+03  4.5363E+03  4.3218E+03  4.0491E+03  3.7917E+03  3.5920E+03  3.3451E+03  3.2669E+03  3.3106E+03  3.3016E+03  3.2383E+03  2.8496E+03  2.2707E+03  1.5510E+03  8.5648E+02  3.3935E+02
  6.0299E+03  5.8750E+03  5.6486E+03  5.4364E+03  5.3028E+03  5.0482E+03  4.6460E+03  4.3024E+03  4.0165E+03  3.9708E+03  3.7000E+03  3.2413E+03  2.5596E+03  1.7448E+03  9.6297E+02  3.8683E+02
  7.9142E+03  7.7311E+03  7.5864E+03  7.6329E+03  7.4211E+03  6.6745E+03  5.8465E+03  5.1612E+03  4.8194E+03  4.4951E+03  4.1378E+03  3.5986E+03  2.8190E+03  1.9181E+03  1.0625E+03  4.3173E+02
  1.0771E+04  1.0656E+04  1.0905E+04  1.0898E+04  9.6578E+03  8.0753E+03  6.7631E+03  5.9391E+03  5.3842E+03  4.9404E+03  4.5179E+03  3.8744E+03  3.0350E+03  2.0672E+03  1.1492E+03  4.7201E+02
  1.6888E+04  1.6627E+04  1.6172E+04  1.3833E+04  1.0970E+04  8.8564E+03  7.3746E+03  6.3244E+03  5.6490E+03  5.2334E+03  4.7294E+03  4.0882E+03  3.1974E+03  2.1906E+03  1.2199E+03  5.0526E+02
  3.2773E+04  2.7318E+04  2.0277E+04  1.4302E+04  1.0795E+04  8.5999E+03  7.1126E+03  6.1441E+03  5.6524E+03  5.2665E+03  4.8953E+03  4.2110E+03  3.3248E+03  2.2736E+03  1.2729E+03  5.2996E+02
  2.1445E+04  2.1942E+04  1.4416E+04  9.9836E+03  7.7696E+03  6.5014E+03  5.8476E+03  5.5378E+03  5.2549E+03  5.2345E+03  4.8724E+03  4.2746E+03  3.3767E+03  2.3243E+03  1.3020E+03  5.4393E+02
  1.1634E+04  1.2180E+04  5.2213E+03  1.8072E+03  2.4796E+03  3.4084E+03  3.9794E+03  4.4819E+03  4.7852E+03  4.9676E+03  4.7602E+03  4.2407E+03  3.3746E+03  2.3306E+03  1.3074E+03  5.4624E+02
  2.3077E+04  1.7733E+04  1.0851E+04  5.0881E+03  1.8012E+03  1.4148E+03  2.6652E+03  3.6997E+03  4.4407E+03  4.7170E+03  4.6804E+03  4.1547E+03  3.3325E+03  2.2951E+03  1.2888E+03  5.3659E+02
  7.5743E+03  7.6326E+03  7.5143E+03  5.0958E+03  2.2585E+03  1.0402E+03  2.1649E+03  3.3063E+03  4.0925E+03  4.5477E+03  4.5132E+03  4.0629E+03  3.2299E+03  2.2290E+03  1.2448E+03  5.1533E+02
  1.8854E+03  2.1453E+03  2.9502E+03  3.2489E+03  2.0443E+03  1.2173E+03  2.0154E+03  3.1203E+03  3.8615E+03  4.2789E+03  4.3019E+03  3.8625E+03  3.0882E+03  2.1185E+03  1.1806E+03  4.8440E+02
  6.5611E+02  4.4449E+02  2.5117E+02  8.4736E+02  1.1216E+03  1.3259E+03  2.0285E+03  2.8267E+03  3.6410E+03  4.0142E+03  4.0027E+03  3.6129E+03  2.8804E+03  1.9756E+03  1.0969E+03  4.4517E+02
  1.8847E+03  1.6962E+03  1.3820E+03  9.3644E+02  5.9715E+02  9.5216E+02  1.8540E+03  2.6302E+03  3.2219E+03  3.6696E+03  3.6449E+03  3.2932E+03  2.6322E+03  1.8029E+03  9.9705E+02  4.0010E+02
  2.6934E+03  2.5232E+03  2.2347E+03  1.8498E+03  1.3952E+03  1.0939E+03  1.3907E+03  2.2579E+03  2.8190E+03  3.1269E+03  3.2447E+03  2.9186E+03  2.3463E+03  1.6064E+03  8.8747E+02  3.5135E+02
  3.1791E+03  3.0139E+03  2.7316E+03  2.3590E+03  1.9247E+03  1.4949E+03  1.2452E+03  1.5137E+03  2.2645E+03  2.6359E+03  2.7191E+03  2.5361E+03  2.0272E+03  1.3989E+03  7.7110E+02  3.0114E+02
  3.4128E+03  3.2519E+03  2.9774E+03  2.6141E+03  2.1928E+03  1.7511E+03  1.3941E+03  1.2108E+03  1.5339E+03  2.1068E+03  2.2172E+03  2.0860E+03  1.7170E+03  1.1810E+03  6.5458E+02  2.5207E+02
  3.4510E+03  3.2971E+03  3.0349E+03  2.6876E+03  2.2843E+03  1.8561E+03  1.4496E+03  1.1763E+03  1.0167E+03  1.3397E+03  1.7111E+03  1.6468E+03  1.3888E+03  9.7324E+02  5.4119E+02  2.0574E+02
  3.3415E+03  3.1978E+03  2.9528E+03  2.6280E+03  2.2502E+03  1.8490E+03  1.4525E+03  1.1246E+03  9.3399E+02  8.3376E+02  1.1019E+03  1.2453E+03  1.0671E+03  7.7550E+02  4.3480E+02  1.6393E+02
  3.1254E+03  2.9942E+03  2.7705E+03  2.4736E+03  2.1279E+03  1.7597E+03  1.3949E+03  1.0577E+03  8.2407E+02  6.7271E+02  6.2297E+02  8.0835E+02  7.9101E+02  5.8464E+02  3.4053E+02  1.2735E+02
  2.8381E+03  2.7211E+03  2.5215E+03  2.2562E+03  1.9469E+03  1.6171E+03  1.2895E+03  9.8356E+02  7.2482E+02  5.7876E+02  4.4939E+02  4.3487E+02  5.2060E+02  4.2366E+02  2.5551E+02  9.6490E+01
  2.5102E+03  2.4081E+03  2.2337E+03  2.0019E+03  1.7313E+03  1.4423E+03  1.1548E+03  8.8575E+02  6.4756E+02  4.7103E+02  3.7591E+02  2.7440E+02  2.7834E+02  2.8513E+02  1.8266E+02  7.1966E+01
  2.1669E+03  2.0796E+03  1.9306E+03  1.7323E+03  1.5006E+03  1.2529E+03  1.0060E+03  7.7459E+02  5.6952E+02  3.9852E+02  2.9543E+02  2.2249E+02  1.5409E+02  1.5962E+02  1.2572E+02  5.2157E+01
  1.8283E+03  1.7553E+03  1.6305E+03  1.4644E+03  1.2702E+03  1.0623E+03  8.5483E+02  6.5997E+02  4.8714E+02  3.4143E+02  2.3139E+02  1.7540E+02  1.1802E+02  8.0021E+01  7.7794E+01  3.6491E+01
  1.5092E+03  1.4494E+03  1.3470E+03  1.2107E+03  1.0512E+03  8.8032E+02  7.0961E+02  5.4905E+02  4.0625E+02  2.8652E+02  1.9000E+02  1.2931E+02  9.3553E+01  5.5231E+01  4.0040E+01  2.5302E+01
  1.2198E+03  1.1717E+03  1.0894E+03  9.7979E+02  8.5141E+02  7.1378E+02  5.7615E+02  4.4655E+02  3.3113E+02  2.3355E+02  1.5628E+02  9.8087E+01  6.8943E+01  4.3728E+01  2.2856E+01  1.6339E+01
  9.6591E+02  9.2798E+02  8.6312E+02  7.7664E+02  6.7534E+02  5.6668E+02  4.5793E+02  3.5542E+02  2.6400E+02  1.8698E+02  1.2491E+02  7.8278E+01  4.8534E+01  3.3029E+01  1.7849E+01  9.0725E+00
  7.4959E+02  7.2027E+02  6.7013E+02  6.0325E+02  5.2487E+02  4.4075E+02  3.5650E+02  2.7701E+02  2.0606E+02  1.4594E+02  9.8258E+01  6.1653E+01  3.5861E+01  2.3405E+01  1.3567E+01  5.5290E+00
  5.7032E+02  5.4809E+02  5.1006E+02  4.5933E+02  3.9985E+02  3.3599E+02  2.7198E+02  2.1154E+02  1.5755E+02  1.1187E+02  7.4993E+01  4.7652E+01  2.7680E+01  1.5693E+01  9.8506E+00  4.1483E+00
  4.2553E+02  4.0900E+02  3.8070E+02  3.4295E+02  2.9867E+02  2.5110E+02  2.0341E+02  1.5834E+02  1.1805E+02  8.3873E+01  5.6569E+01  3.5506E+01  2.0972E+01  1.1068E+01  6.7473E+00  2.9102E+00
  3.1142E+02  2.9936E+02  2.7870E+02  2.5113E+02  2.1879E+02  1.8404E+02  1.4917E+02  1.1620E+02  8.6708E+01  6.1693E+01  4.1533E+01  2.6447E+01  1.5353E+01  8.1875E+00  4.2516E+00  1.9216E+00
  2.2359E+02  2.1495E+02  2.0015E+02  1.8040E+02  1.5722E+02  1.3230E+02  1.0729E+02  8.3635E+01  6.2454E+01  4.4471E+01  3.0029E+01  1.8945E+01  1.1247E+01  5.9477E+00  2.7554E+00  1.2927E+00
  1.5751E+02  1.5143E+02  1.4103E+02  1.2714E+02  1.1084E+02  9.3304E+01  7.5701E+01  5.9044E+01  4.4121E+01  3.1444E+01  2.1232E+01  1.3513E+01  7.8668E+00  4.2554E+00  1.9586E+00  8.5378E-01
  1.0888E+02  1.0468E+02  9.7505E+01  8.7920E+01  7.6668E+01  6.4563E+01  5.2404E+01  4.0894E+01  3.0577E+01  2.1808E+01  1.4746E+01  9.3504E+00  5.5514E+00  2.9187E+00  1.3809E+00  5.2021E-01
  7.3857E+01  7.1018E+01  6.6157E+01  5.9664E+01  5.2041E+01  4.3838E+01  3.5595E+01  2.7789E+01  2.0789E+01  1.4835E+01  1.0035E+01  6.3855E+00  3.7436E+00  2.0340E+00  9.3707E-01  3.3814E-01
  4.9173E+01  4.7285E+01  4.4054E+01  3.9737E+01  3.4667E+01  2.9211E+01  2.3728E+01  1.8533E+01  1.3874E+01  9.9096E+00  6.7125E+00  4.2721E+00  2.5333E+00  1.3427E+00  6.3767E-01  2.3295E-01
  3.2133E+01  3.0901E+01  2.8792E+01  2.5975E+01  2.2664E+01  1.9100E+01  1.5517E+01  1.2119E+01  9.0698E+00  6.4740E+00  4.3804E+00  2.7857E+00  1.6395E+00  8.8751E-01  4.1134E-01  1.5377E-01
  2.0611E+01  1.9822E+01  1.8472E+01  1.6669E+01  1.4552E+01  1.2275E+01  9.9865E+00  7.8179E+00  5.8700E+00  4.2087E+00  2.8637E+00  1.8328E+00  1.0907E+00  5.8594E-01  2.8030E-01  1.1244E-01
  1.2976E+01  1.2473E+01  1.1612E+01  1.0460E+01  9.1051E+00  7.6466E+00  6.1825E+00  4.8003E+00  3.5674E+00  2.5271E+00  1.6965E+00  1.0706E+00  6.2665E-01  3.3537E-01  1.5617E-01  5.5277E-02
  8.0313E+00  7.7661E+00  7.3061E+00  6.6798E+00  5.9257E+00  5.0896E+00  4.2209E+00  3.3684E+00  2.5761E+00  1.8783E+00  1.2972E+00  8.4127E-01  5.0613E-01  2.7634E-01  1.3340E-01  5.9885E-02
