# CREATED BY GENE DIAGNOSTICS TOOL on Sat May 17 18:11:05 2025 /home/unix/ottink/gene/diagnostics
# diag: vsp1, run(s): vip010vem020, time window: 253-253.2222(1 steps), species: i
# original data path: /Differ/Data/IMT/lottink/Tokamak_ITG/vres_scan/v2/
# normalization: L_ref=1.65m
#
# vpar
 -3.0000E+00
 -2.9528E+00
 -2.9055E+00
 -2.8583E+00
 -2.8110E+00
 -2.7638E+00
 -2.7165E+00
 -2.6693E+00
 -2.6220E+00
 -2.5748E+00
 -2.5276E+00
 -2.4803E+00
 -2.4331E+00
 -2.3858E+00
 -2.3386E+00
 -2.2913E+00
 -2.2441E+00
 -2.1969E+00
 -2.1496E+00
 -2.1024E+00
 -2.0551E+00
 -2.0079E+00
 -1.9606E+00
 -1.9134E+00
 -1.8661E+00
 -1.8189E+00
 -1.7717E+00
 -1.7244E+00
 -1.6772E+00
 -1.6299E+00
 -1.5827E+00
 -1.5354E+00
 -1.4882E+00
 -1.4409E+00
 -1.3937E+00
 -1.3465E+00
 -1.2992E+00
 -1.2520E+00
 -1.2047E+00
 -1.1575E+00
 -1.1102E+00
 -1.0630E+00
 -1.0157E+00
 -9.6850E-01
 -9.2126E-01
 -8.7402E-01
 -8.2677E-01
 -7.7953E-01
 -7.3228E-01
 -6.8504E-01
 -6.3780E-01
 -5.9055E-01
 -5.4331E-01
 -4.9606E-01
 -4.4882E-01
 -4.0157E-01
 -3.5433E-01
 -3.0709E-01
 -2.5984E-01
 -2.1260E-01
 -1.6535E-01
 -1.1811E-01
 -7.0866E-02
 -2.3622E-02
  2.3622E-02
  7.0866E-02
  1.1811E-01
  1.6535E-01
  2.1260E-01
  2.5984E-01
  3.0709E-01
  3.5433E-01
  4.0157E-01
  4.4882E-01
  4.9606E-01
  5.4331E-01
  5.9055E-01
  6.3780E-01
  6.8504E-01
  7.3228E-01
  7.7953E-01
  8.2677E-01
  8.7402E-01
  9.2126E-01
  9.6850E-01
  1.0157E+00
  1.0630E+00
  1.1102E+00
  1.1575E+00
  1.2047E+00
  1.2520E+00
  1.2992E+00
  1.3465E+00
  1.3937E+00
  1.4409E+00
  1.4882E+00
  1.5354E+00
  1.5827E+00
  1.6299E+00
  1.6772E+00
  1.7244E+00
  1.7717E+00
  1.8189E+00
  1.8661E+00
  1.9134E+00
  1.9606E+00
  2.0079E+00
  2.0551E+00
  2.1024E+00
  2.1496E+00
  2.1969E+00
  2.2441E+00
  2.2913E+00
  2.3386E+00
  2.3858E+00
  2.4331E+00
  2.4803E+00
  2.5276E+00
  2.5748E+00
  2.6220E+00
  2.6693E+00
  2.7165E+00
  2.7638E+00
  2.8110E+00
  2.8583E+00
  2.9055E+00
  2.9528E+00
  3.0000E+00


# mu
  1.3581E-02
  7.1692E-02
  1.7680E-01
  3.2992E-01
  5.3256E-01
  7.8681E-01
  1.0955E+00
  1.4624E+00
  1.8925E+00
  2.3926E+00
  2.9718E+00
  3.6436E+00
  4.4281E+00
  5.3585E+00
  6.4984E+00
  8.0108E+00


# trapped boundary
#  mu         vpar      
  1.3581E-02 -6.4579E-02
  1.3581E-02  7.6321E-02
  7.1692E-02 -1.5851E-01
  7.1692E-02  1.7025E-01
  1.7680E-01 -2.5245E-01
  1.7680E-01  2.6419E-01
  3.2992E-01 -3.4638E-01
  3.2992E-01  3.5812E-01
  5.3256E-01 -4.4031E-01
  5.3256E-01  4.5205E-01
  7.8681E-01 -5.3425E-01
  7.8681E-01  5.4599E-01
  1.0955E+00 -6.2818E-01
  1.0955E+00  6.3992E-01
  1.4624E+00 -7.3386E-01
  1.4624E+00  7.4560E-01
  1.8925E+00 -8.2779E-01
  1.8925E+00  8.3953E-01
  2.3926E+00 -9.3346E-01
  2.3926E+00  9.4521E-01
  2.9718E+00 -1.0509E+00
  2.9718E+00  1.0626E+00
  3.6436E+00 -1.1566E+00
  3.6436E+00  1.1683E+00
  4.4281E+00 -1.2740E+00
  4.4281E+00  1.2857E+00
  5.3585E+00 -1.4031E+00
  5.3585E+00  1.4149E+00
  6.4984E+00 -1.5440E+00
  6.4984E+00  1.5558E+00
  8.0108E+00 -1.7202E+00
  8.0108E+00  1.7319E+00


# , time = 253.2222, var = <|f|^2>^(1/2) , z = 0
  6.2520E+03  5.8482E+03  5.2466E+03  4.5007E+03  3.6723E+03  2.8181E+03  1.9984E+03  1.2819E+03  7.3503E+02  3.8718E+02  2.2052E+02  1.5406E+02  1.0796E+02  6.4171E+01  5.1142E+01  3.0020E+01
  9.4751E+03  8.8220E+03  7.8223E+03  6.5984E+03  5.3112E+03  4.1110E+03  3.0956E+03  2.2838E+03  1.6397E+03  1.1214E+03  7.2143E+02  4.3577E+02  2.4194E+02  1.2291E+02  4.5595E+01  3.7006E+01
  1.3849E+04  1.2930E+04  1.1499E+04  9.7126E+03  7.7700E+03  5.8576E+03  4.1281E+03  2.6943E+03  1.6293E+03  9.3739E+02  5.5019E+02  3.4292E+02  2.1125E+02  1.1848E+02  3.0364E+01  3.8121E+01
  1.9951E+04  1.8663E+04  1.6637E+04  1.4103E+04  1.1351E+04  8.6615E+03  6.2600E+03  4.2944E+03  2.8245E+03  1.8043E+03  1.1241E+03  6.7061E+02  3.7589E+02  1.9965E+02  8.7608E+01  3.9582E+01
  2.8293E+04  2.6515E+04  2.3692E+04  2.0141E+04  1.6266E+04  1.2451E+04  9.0051E+03  6.1271E+03  3.9131E+03  2.3543E+03  1.3665E+03  7.8485E+02  4.3838E+02  2.1513E+02  8.5280E+01  6.6446E+01
  3.9534E+04  3.7120E+04  3.3253E+04  2.8358E+04  2.2985E+04  1.7671E+04  1.2856E+04  8.8257E+03  5.7138E+03  3.4979E+03  2.0537E+03  1.1746E+03  6.4335E+02  3.0509E+02  1.7894E+02  3.6246E+01
  5.4476E+04  5.1250E+04  4.6042E+04  3.9401E+04  3.2057E+04  2.4745E+04  1.8077E+04  1.2457E+04  8.0761E+03  4.9124E+03  2.8186E+03  1.5582E+03  8.3573E+02  4.1596E+02  1.9704E+02  6.3791E+01
  7.4095E+04  6.9848E+04  6.2939E+04  5.4064E+04  4.4169E+04  3.4240E+04  2.5120E+04  1.7387E+04  1.1324E+04  6.9176E+03  3.9718E+03  2.1732E+03  1.1428E+03  5.6501E+02  2.6841E+02  2.2860E+01
  9.9597E+04  9.4069E+04  8.5022E+04  7.3319E+04  6.0164E+04  4.6850E+04  3.4521E+04  2.3992E+04  1.5679E+04  9.5956E+03  5.4909E+03  2.9581E+03  1.5245E+03  8.0132E+02  3.1252E+02  6.8398E+01
  1.3249E+05  1.2536E+05  1.1362E+05  9.8356E+04  8.1068E+04  6.3424E+04  4.6949E+04  3.2769E+04  2.1493E+04  1.3190E+04  7.5523E+03  4.0418E+03  2.0515E+03  1.0048E+03  3.4021E+02  1.0896E+02
  1.7470E+05  1.6554E+05  1.5041E+05  1.3065E+05  1.0814E+05  8.5002E+04  6.3220E+04  4.4324E+04  2.9183E+04  1.7958E+04  1.0288E+04  5.4723E+03  2.7509E+03  1.2574E+03  5.1550E+02  2.0128E+02
  2.2866E+05  2.1692E+05  1.9749E+05  1.7205E+05  1.4295E+05  1.1286E+05  8.4335E+04  5.9402E+04  3.9273E+04  2.4243E+04  1.3904E+04  7.3696E+03  3.6744E+03  1.6297E+03  6.3368E+02  2.5407E+02
  2.9740E+05  2.8240E+05  2.5752E+05  2.2488E+05  1.8746E+05  1.4858E+05  1.1152E+05  7.8910E+04  5.2400E+04  3.2462E+04  1.8644E+04  9.8521E+03  4.8237E+03  2.0629E+03  9.9018E+02  4.1715E+02
  3.8461E+05  3.6551E+05  3.3376E+05  2.9203E+05  2.4409E+05  1.9412E+05  1.4627E+05  1.0396E+05  6.9345E+04  4.3136E+04  2.4816E+04  1.3085E+04  6.3388E+03  3.0037E+03  1.2716E+03  4.4426E+02
  4.9455E+05  4.7038E+05  4.3009E+05  3.7700E+05  3.1584E+05  2.5191E+05  1.9047E+05  1.3590E+05  9.1052E+04  5.6895E+04  3.2795E+04  1.7254E+04  8.3591E+03  3.8959E+03  1.6721E+03  5.3529E+02
  6.3180E+05  6.0153E+05  5.5086E+05  4.8381E+05  4.0625E+05  3.2488E+05  2.4638E+05  1.7640E+05  1.1867E+05  7.4506E+04  4.3036E+04  2.2597E+04  1.0950E+04  5.1821E+03  1.9982E+03  6.2902E+02
  8.0084E+05  7.6349E+05  7.0059E+05  6.1686E+05  5.1936E+05  4.1647E+05  3.1672E+05  2.2746E+05  1.5358E+05  9.6890E+04  5.6082E+04  2.9405E+04  1.4345E+04  6.2724E+03  2.4415E+03  6.9147E+02
  1.0056E+06  9.6030E+05  8.8356E+05  7.8052E+05  6.5944E+05  5.3055E+05  4.0468E+05  2.9145E+05  1.9745E+05  1.2515E+05  7.2571E+04  3.8025E+04  1.8239E+04  7.5870E+03  2.8555E+03  7.3162E+02
  1.2489E+06  1.1951E+06  1.1033E+06  9.7877E+05  8.3069E+05  6.7117E+05  5.1379E+05  3.7115E+05  2.5222E+05  1.6058E+05  9.3246E+04  4.8826E+04  2.3095E+04  9.4965E+03  3.5749E+03  1.0133E+03
  1.5330E+06  1.4702E+06  1.3624E+06  1.2148E+06  1.0369E+06  8.4237E+05  6.4783E+05  4.6965E+05  3.2014E+05  2.0468E+05  1.1896E+05  6.2272E+04  2.9559E+04  1.2325E+04  4.6379E+03  1.3034E+03
  1.8607E+06  1.7881E+06  1.6632E+06  1.4911E+06  1.2811E+06  1.0478E+06  8.1058E+05  5.9031E+05  4.0379E+05  2.5914E+05  1.5066E+05  7.8930E+04  3.7779E+04  1.6574E+04  6.2015E+03  1.7305E+03
  2.2379E+06  2.1534E+06  2.0088E+06  1.8099E+06  1.5658E+06  1.2906E+06  1.0056E+06  7.3651E+05  5.0596E+05  3.2583E+05  1.8944E+05  9.9520E+04  4.8782E+04  2.1687E+04  7.7900E+03  2.4560E+03
  2.6748E+06  2.5748E+06  2.4054E+06  2.1751E+06  1.8935E+06  1.5734E+06  1.2362E+06  9.1160E+05  6.2955E+05  4.0678E+05  2.3649E+05  1.2495E+05  6.0641E+04  2.6877E+04  1.0225E+04  3.0688E+03
  3.1824E+06  3.0635E+06  2.8627E+06  2.5929E+06  2.2676E+06  1.8988E+06  1.5052E+06  1.1188E+06  7.7748E+05  5.0402E+05  2.9313E+05  1.5521E+05  7.4223E+04  3.2265E+04  1.2366E+04  3.8716E+03
  3.7642E+06  3.6262E+06  3.3903E+06  3.0724E+06  2.6938E+06  2.2698E+06  1.8154E+06  1.3613E+06  9.5272E+05  6.1953E+05  3.6079E+05  1.9163E+05  9.0076E+04  3.7527E+04  1.4535E+04  4.8239E+03
  4.4094E+06  4.2570E+06  3.9901E+06  3.6212E+06  3.1791E+06  2.6902E+06  2.1693E+06  1.6420E+06  1.1583E+06  7.5519E+05  4.4103E+05  2.3568E+05  1.1163E+05  4.4234E+04  1.7252E+04  5.5492E+03
  5.0963E+06  4.9366E+06  4.6502E+06  4.2388E+06  3.7295E+06  3.1646E+06  2.5692E+06  1.9634E+06  1.3970E+06  9.1288E+05  5.3565E+05  2.8966E+05  1.4111E+05  5.4785E+04  2.0008E+04  6.4877E+03
  5.7993E+06  5.6390E+06  5.3470E+06  4.9114E+06  4.3444E+06  3.6970E+06  3.0174E+06  2.3271E+06  1.6712E+06  1.0945E+06  6.4654E+05  3.5474E+05  1.7732E+05  7.0396E+04  2.3296E+04  7.3274E+03
  6.4914E+06  6.3370E+06  6.0521E+06  5.6140E+06  5.0122E+06  4.2874E+06  3.5151E+06  2.7337E+06  1.9822E+06  1.3020E+06  7.7598E+05  4.2736E+05  2.1519E+05  9.0776E+04  2.7998E+04  8.0233E+03
  7.1396E+06  6.9999E+06  6.7361E+06  6.3166E+06  5.7105E+06  4.9291E+06  4.0623E+06  3.1833E+06  2.3300E+06  1.5372E+06  9.2505E+05  5.0909E+05  2.5296E+05  1.1328E+05  3.4226E+04  8.8054E+03
  7.6993E+06  7.5879E+06  7.3658E+06  6.9885E+06  6.4101E+06  5.6067E+06  4.6558E+06  3.6747E+06  2.7134E+06  1.8020E+06  1.0975E+06  6.0802E+05  2.9113E+05  1.3682E+05  4.1956E+04  9.6909E+03
  8.1126E+06  8.0494E+06  7.8993E+06  7.5967E+06  7.0796E+06  6.2967E+06  5.2877E+06  4.2059E+06  3.1301E+06  2.0983E+06  1.2975E+06  7.3509E+05  3.4294E+05  1.5746E+05  5.2555E+04  1.0618E+04
  8.3135E+06  8.3222E+06  8.2839E+06  8.1021E+06  7.6878E+06  6.9708E+06  5.9443E+06  4.7722E+06  3.5774E+06  2.4282E+06  1.5272E+06  8.8942E+05  4.2197E+05  1.7410E+05  6.5079E+04  1.2264E+04
  8.2368E+06  8.3419E+06  8.4603E+06  8.4570E+06  8.2007E+06  7.5988E+06  6.6060E+06  5.3662E+06  4.0528E+06  2.7935E+06  1.7836E+06  1.0530E+06  5.2992E+05  1.9024E+05  7.9737E+04  1.4575E+04
  7.8346E+06  8.0541E+06  8.3704E+06  8.6083E+06  8.5793E+06  8.1504E+06  7.2493E+06  5.9765E+06  4.5546E+06  3.1967E+06  2.0658E+06  1.2066E+06  6.5923E+05  2.0618E+05  9.8680E+04  1.7821E+04
  7.1049E+06  7.4346E+06  7.9700E+06  8.5047E+06  8.7797E+06  8.5941E+06  7.8477E+06  6.5878E+06  5.0823E+06  3.6403E+06  2.3933E+06  1.3675E+06  7.8765E+05  2.3069E+05  1.2073E+05  2.2812E+04
  6.1692E+06  6.5375E+06  7.2514E+06  8.1061E+06  8.7565E+06  8.8958E+06  8.3732E+06  7.1829E+06  5.6359E+06  4.1283E+06  2.7917E+06  1.5917E+06  8.9247E+05  2.7044E+05  1.4814E+05  2.9117E+04
  5.4756E+06  5.6292E+06  6.2980E+06  7.4025E+06  8.4706E+06  9.0195E+06  8.7971E+06  7.7446E+06  6.2152E+06  4.6591E+06  3.2390E+06  1.9328E+06  9.6030E+05  3.2341E+05  1.8133E+05  3.7381E+04
  5.9896E+06  5.4550E+06  5.4390E+06  6.4547E+06  7.8996E+06  8.9298E+06  9.0911E+06  8.2575E+06  6.8175E+06  5.2277E+06  3.6610E+06  2.3872E+06  9.8583E+05  3.8724E+05  2.1740E+05  4.7638E+04
  8.3580E+06  6.9615E+06  5.4865E+06  5.5075E+06  7.0579E+06  8.5976E+06  9.2287E+06  8.7091E+06  7.4361E+06  5.8447E+06  4.0353E+06  2.8873E+06  9.8247E+05  4.5056E+05  2.5631E+05  5.9270E+04
  1.2289E+07  1.0180E+07  7.2349E+06  5.2095E+06  6.0445E+06  8.0080E+06  9.1873E+06  9.0863E+06  8.0595E+06  6.5351E+06  4.4979E+06  3.3666E+06  9.7058E+05  5.0090E+05  2.9323E+05  7.2629E+04
  1.7412E+07  1.4671E+07  1.0526E+07  6.3932E+06  5.1665E+06  7.1723E+06  8.9493E+06  9.3737E+06  8.6688E+06  7.2673E+06  5.2961E+06  3.7891E+06  9.8284E+05  5.3289E+05  3.2427E+05  8.6608E+04
  2.3522E+07  2.0152E+07  1.4917E+07  9.0845E+06  5.0978E+06  6.1539E+06  8.5013E+06  9.5511E+06  9.2465E+06  7.9115E+06  6.5428E+06  4.1554E+06  1.0487E+06  5.3992E+05  3.4686E+05  1.0033E+05
  3.0449E+07  2.6432E+07  2.0131E+07  1.2823E+07  6.4386E+06  5.1278E+06  7.8318E+06  9.5944E+06  9.7903E+06  8.3957E+06  8.0949E+06  4.5226E+06  1.1891E+06  5.2752E+05  3.5597E+05  1.1341E+05
  3.7983E+07  3.3320E+07  2.5967E+07  1.7284E+07  8.9953E+06  4.5040E+06  6.9317E+06  9.4769E+06  1.0290E+07  8.9288E+06  9.7168E+06  4.9659E+06  1.4330E+06  5.1288E+05  3.5115E+05  1.2372E+05
  4.5872E+07  4.0599E+07  3.2244E+07  2.2263E+07  1.2338E+07  4.9030E+06  5.8050E+06  9.1744E+06  1.0634E+07  9.9167E+06  1.1229E+07  5.5635E+06  1.7890E+06  5.3014E+05  3.3353E+05  1.3139E+05
  5.3868E+07  4.8061E+07  3.8790E+07  2.7604E+07  1.6202E+07  6.5175E+06  4.5019E+06  8.6727E+06  1.0621E+07  1.1434E+07  1.2539E+07  6.3815E+06  2.2553E+06  6.1628E+05  3.0695E+05  1.3510E+05
  6.1824E+07  5.5558E+07  4.5478E+07  3.3189E+07  2.0437E+07  8.9982E+06  3.2389E+06  7.9459E+06  1.0226E+07  1.3030E+07  1.3652E+07  7.4189E+06  2.8377E+06  7.8875E+05  2.8389E+05  1.3449E+05
  6.9726E+07  6.3027E+07  5.2225E+07  3.8913E+07  2.4907E+07  1.1991E+07  2.7478E+06  6.8973E+06  9.8013E+06  1.4197E+07  1.4626E+07  8.6330E+06  3.5178E+06  1.0398E+06  2.8259E+05  1.3091E+05
  7.7512E+07  7.0359E+07  5.8872E+07  4.4581E+07  2.9402E+07  1.5205E+07  3.6391E+06  5.4224E+06  9.6871E+06  1.4760E+07  1.5463E+07  9.9617E+06  4.2896E+06  1.3467E+06  3.1915E+05  1.2432E+05
  8.4700E+07  7.7079E+07  6.4927E+07  4.9737E+07  3.3566E+07  1.8318E+07  5.0320E+06  3.6548E+06  9.6981E+06  1.4834E+07  1.6122E+07  1.1306E+07  5.1465E+06  1.7011E+06  3.9448E+05  1.1844E+05
  9.0188E+07  8.2146E+07  6.9471E+07  5.3702E+07  3.6940E+07  2.0922E+07  6.4466E+06  2.0594E+06  9.4632E+06  1.4599E+07  1.6553E+07  1.2576E+07  6.0585E+06  2.0903E+06  5.0076E+05  1.1674E+05
  9.2826E+07  8.4510E+07  7.1689E+07  5.5973E+07  3.9111E+07  2.2594E+07  8.2254E+06  1.0440E+06  8.9089E+06  1.4188E+07  1.6719E+07  1.3707E+07  7.0085E+06  2.4973E+06  6.2154E+05  1.2148E+05
  9.2493E+07  8.4078E+07  7.1583E+07  5.6495E+07  3.9959E+07  2.3180E+07  1.0312E+07  8.9522E+05  8.1770E+06  1.3680E+07  1.6630E+07  1.4621E+07  7.9699E+06  2.9242E+06  7.5403E+05  1.3526E+05
  9.0094E+07  8.1664E+07  6.9799E+07  5.5594E+07  4.0070E+07  2.2997E+07  1.1857E+07  1.7029E+06  7.4161E+06  1.3120E+07  1.6355E+07  1.5288E+07  8.8964E+06  3.3519E+06  8.9128E+05  1.5585E+05
  8.6791E+07  7.8458E+07  6.7485E+07  5.4428E+07  4.0422E+07  2.2698E+07  1.2446E+07  2.6332E+06  6.7122E+06  1.2535E+07  1.5951E+07  1.5712E+07  9.7690E+06  3.7717E+06  1.0240E+06  1.7931E+05
  8.4714E+07  7.6866E+07  6.6834E+07  5.4383E+07  4.1092E+07  2.2843E+07  1.2609E+07  3.4069E+06  6.0835E+06  1.1960E+07  1.5471E+07  1.5901E+07  1.0561E+07  4.1857E+06  1.1577E+06  2.0615E+05
  8.5842E+07  7.8586E+07  6.8345E+07  5.5052E+07  4.1661E+07  2.3369E+07  1.2779E+07  3.9659E+06  5.5210E+06  1.1399E+07  1.4979E+07  1.5887E+07  1.1227E+07  4.5631E+06  1.2779E+06  2.3117E+05
  8.8455E+07  8.1263E+07  7.0122E+07  5.6102E+07  4.2304E+07  2.4055E+07  1.2906E+07  4.3000E+06  5.0359E+06  1.0854E+07  1.4516E+07  1.5754E+07  1.1783E+07  4.9076E+06  1.3853E+06  2.5468E+05
  9.0424E+07  8.3189E+07  7.1867E+07  5.7752E+07  4.3058E+07  2.5105E+07  1.3151E+07  4.4746E+06  4.6005E+06  1.0335E+07  1.4069E+07  1.5522E+07  1.2212E+07  5.2131E+06  1.4825E+06  2.7712E+05
  9.2506E+07  8.5198E+07  7.3693E+07  5.9405E+07  4.3772E+07  2.6437E+07  1.3782E+07  4.6075E+06  4.1622E+06  9.8524E+06  1.3629E+07  1.5194E+07  1.2468E+07  5.4342E+06  1.5484E+06  2.9349E+05
  9.4689E+07  8.7244E+07  7.5491E+07  6.0837E+07  4.4501E+07  2.7819E+07  1.4829E+07  4.8768E+06  3.7136E+06  9.5035E+06  1.3308E+07  1.4918E+07  1.2647E+07  5.6123E+06  1.6029E+06  3.0911E+05
  9.6602E+07  8.9084E+07  7.7188E+07  6.2248E+07  4.5708E+07  2.9678E+07  1.6530E+07  5.8195E+06  2.8962E+06  8.9925E+06  1.2896E+07  1.4581E+07  1.2675E+07  5.7022E+06  1.6305E+06  3.2050E+05
  9.8138E+07  9.0749E+07  7.9051E+07  6.4319E+07  4.8160E+07  3.2514E+07  1.8886E+07  7.5507E+06  1.9321E+06  7.9027E+06  1.1863E+07  1.3738E+07  1.2229E+07  5.5343E+06  1.5692E+06  3.1098E+05
  9.8978E+07  9.0819E+07  7.7889E+07  6.1667E+07  4.4099E+07  2.6988E+07  1.1732E+07  9.7822E+05  8.6802E+06  1.3491E+07  1.5724E+07  1.6303E+07  1.3835E+07  6.2138E+06  1.8012E+06  3.8001E+05
  9.9597E+07  9.1626E+07  7.9025E+07  6.3194E+07  4.6130E+07  2.9568E+07  1.4062E+07  1.5665E+06  7.2418E+06  1.2348E+07  1.4739E+07  1.5581E+07  1.3239E+07  5.8867E+06  1.6933E+06  3.6175E+05
  9.9702E+07  9.1772E+07  7.9276E+07  6.3551E+07  4.6552E+07  3.0877E+07  1.5542E+07  2.7219E+06  6.6414E+06  1.2031E+07  1.4552E+07  1.5520E+07  1.2962E+07  5.6781E+06  1.6383E+06  3.5778E+05
  9.9363E+07  9.1460E+07  7.9074E+07  6.3523E+07  4.6250E+07  3.1511E+07  1.6284E+07  3.1501E+06  6.5967E+06  1.2046E+07  1.4601E+07  1.5622E+07  1.2657E+07  5.4245E+06  1.5741E+06  3.5069E+05
  9.8599E+07  9.0801E+07  7.8570E+07  6.3326E+07  4.5703E+07  3.1967E+07  1.6625E+07  3.2338E+06  6.6612E+06  1.2053E+07  1.4662E+07  1.5709E+07  1.2216E+07  5.0936E+06  1.4892E+06  3.3688E+05
  9.7994E+07  9.0030E+07  7.7940E+07  6.2982E+07  4.5235E+07  3.2305E+07  1.6667E+07  3.1612E+06  6.8329E+06  1.2140E+07  1.4865E+07  1.5849E+07  1.1713E+07  4.7484E+06  1.4093E+06  3.2197E+05
  9.8125E+07  8.9511E+07  7.7452E+07  6.2689E+07  4.5187E+07  3.2572E+07  1.6544E+07  3.0807E+06  7.0913E+06  1.2314E+07  1.5185E+07  1.5936E+07  1.1093E+07  4.3663E+06  1.3199E+06  3.0235E+05
  9.7986E+07  8.9039E+07  7.7173E+07  6.2667E+07  4.5660E+07  3.2702E+07  1.6301E+07  3.0359E+06  7.4273E+06  1.2581E+07  1.5566E+07  1.5871E+07  1.0341E+07  3.9654E+06  1.2273E+06  2.7958E+05
  9.8187E+07  8.9252E+07  7.7473E+07  6.3127E+07  4.6417E+07  3.2336E+07  1.6002E+07  3.0255E+06  7.8305E+06  1.2919E+07  1.5965E+07  1.5624E+07  9.5036E+06  3.5770E+06  1.1379E+06  2.5709E+05
  1.0018E+08  9.1172E+07  7.8836E+07  6.4031E+07  4.7138E+07  3.1421E+07  1.5772E+07  3.0742E+06  8.2740E+06  1.3298E+07  1.6329E+07  1.5147E+07  8.5810E+06  3.1930E+06  1.0412E+06  2.3318E+05
  1.0375E+08  9.4526E+07  8.1141E+07  6.5054E+07  4.7451E+07  3.0340E+07  1.5369E+07  3.2227E+06  8.7280E+06  1.3694E+07  1.6567E+07  1.4404E+07  7.6136E+06  2.8380E+06  9.4664E+05  2.1288E+05
  1.0709E+08  9.7689E+07  8.3393E+07  6.5863E+07  4.7167E+07  2.9232E+07  1.4374E+07  3.5357E+06  9.1552E+06  1.4062E+07  1.6595E+07  1.3418E+07  6.6584E+06  2.5194E+06  8.5141E+05  1.9675E+05
  1.0801E+08  9.8610E+07  8.3943E+07  6.5678E+07  4.6201E+07  2.7863E+07  1.2791E+07  3.9303E+06  9.4712E+06  1.4351E+07  1.6380E+07  1.2239E+07  5.7492E+06  2.2298E+06  7.5626E+05  1.8523E+05
  1.0558E+08  9.6393E+07  8.1866E+07  6.3724E+07  4.4305E+07  2.6032E+07  1.1002E+07  4.2145E+06  9.5887E+06  1.4502E+07  1.5898E+07  1.0917E+07  4.9271E+06  1.9771E+06  6.7015E+05  1.7943E+05
  1.0060E+08  9.1737E+07  7.7609E+07  6.0071E+07  4.1370E+07  2.3727E+07  9.2889E+06  4.4436E+06  9.5627E+06  1.4391E+07  1.5171E+07  9.5593E+06  4.2313E+06  1.7516E+06  5.9425E+05  1.7642E+05
  9.4381E+07  8.5853E+07  7.2193E+07  5.5403E+07  3.7666E+07  2.1055E+07  7.7031E+06  4.8513E+06  9.5747E+06  1.3849E+07  1.4280E+07  8.2612E+06  3.6552E+06  1.5465E+06  5.3617E+05  1.7427E+05
  8.7678E+07  7.9478E+07  6.6334E+07  5.0337E+07  3.3619E+07  1.8201E+07  6.2743E+06  5.4468E+06  9.6687E+06  1.2798E+07  1.3285E+07  7.1028E+06  3.1970E+06  1.3668E+06  4.9902E+05  1.7153E+05
  8.0661E+07  7.2806E+07  6.0283E+07  4.5163E+07  2.9526E+07  1.5376E+07  5.1362E+06  6.0489E+06  9.6920E+06  1.1402E+07  1.2196E+07  6.1608E+06  2.8347E+06  1.2092E+06  4.7872E+05  1.6549E+05
  7.3252E+07  6.5833E+07  5.4080E+07  3.9966E+07  2.5521E+07  1.2734E+07  4.4702E+06  6.5507E+06  9.5357E+06  1.0052E+07  1.1005E+07  5.4573E+06  2.5325E+06  1.0795E+06  4.6844E+05  1.5651E+05
  6.5455E+07  5.8597E+07  4.7762E+07  3.4789E+07  2.1653E+07  1.0352E+07  4.3523E+06  6.9461E+06  9.2385E+06  9.1047E+06  9.6951E+06  4.9571E+06  2.2800E+06  9.8077E+05  4.5954E+05  1.4424E+05
  5.7429E+07  5.1227E+07  4.1416E+07  2.9695E+07  1.7963E+07  8.2719E+06  4.6532E+06  7.2508E+06  8.8791E+06  8.5247E+06  8.3017E+06  4.6097E+06  2.0642E+06  9.0613E+05  4.4461E+05  1.2919E+05
  4.9418E+07  4.3908E+07  3.5174E+07  2.4770E+07  1.4509E+07  6.5783E+06  5.1629E+06  7.4727E+06  8.4962E+06  8.0144E+06  6.9581E+06  4.3258E+06  1.8781E+06  8.4744E+05  4.2022E+05  1.1319E+05
  4.1661E+07  3.6835E+07  2.9183E+07  2.0119E+07  1.1378E+07  5.4235E+06  5.7338E+06  7.6192E+06  8.0973E+06  7.4078E+06  5.8415E+06  4.0273E+06  1.7285E+06  7.9282E+05  3.8713E+05  9.6857E+04
  3.4348E+07  3.0178E+07  2.3583E+07  1.5854E+07  8.6913E+06  4.9504E+06  6.2860E+06  7.6985E+06  7.6865E+06  6.7554E+06  5.0650E+06  3.6754E+06  1.6050E+06  7.3387E+05  3.4603E+05  8.1751E+04
  2.7622E+07  2.4071E+07  1.8494E+07  1.2088E+07  6.6230E+06  5.1005E+06  6.7701E+06  7.7139E+06  7.2728E+06  6.1451E+06  4.5674E+06  3.2578E+06  1.4994E+06  6.6693E+05  3.0173E+05  6.8956E+04
  2.1588E+07  1.8621E+07  1.4025E+07  8.9573E+06  5.3940E+06  5.6025E+06  7.1500E+06  7.6614E+06  6.8643E+06  5.5974E+06  4.1616E+06  2.8091E+06  1.3989E+06  5.9588E+05  2.5813E+05  5.8292E+04
  1.6333E+07  1.3922E+07  1.0293E+07  6.6517E+06  5.0931E+06  6.1900E+06  7.4019E+06  7.5327E+06  6.4656E+06  5.0949E+06  3.7309E+06  2.3896E+06  1.2880E+06  5.2557E+05  2.1747E+05  5.0285E+04
  1.1940E+07  1.0077E+07  7.4552E+06  5.3982E+06  5.4431E+06  6.7044E+06  7.5165E+06  7.3219E+06  6.0752E+06  4.6287E+06  3.2926E+06  2.0449E+06  1.1621E+06  4.6055E+05  1.8414E+05  4.4060E+04
  8.5257E+06  7.2444E+06  5.7363E+06  5.2016E+06  6.0212E+06  7.0725E+06  7.4970E+06  7.0299E+06  5.6867E+06  4.2005E+06  2.8992E+06  1.7880E+06  1.0218E+06  4.0649E+05  1.5673E+05  3.8642E+04
  6.2876E+06  5.6442E+06  5.2268E+06  5.6286E+06  6.5545E+06  7.2699E+06  7.3538E+06  6.6651E+06  5.2928E+06  3.8089E+06  2.5655E+06  1.5844E+06  8.7859E+05  3.6069E+05  1.3473E+05  3.4359E+04
  5.3763E+06  5.2844E+06  5.5338E+06  6.1973E+06  6.9255E+06  7.2997E+06  7.1010E+06  6.2413E+06  4.8888E+06  3.4501E+06  2.2730E+06  1.3952E+06  7.4568E+05  3.2106E+05  1.1779E+05  3.0043E+04
  5.4894E+06  5.6579E+06  6.0831E+06  6.6539E+06  7.1016E+06  7.1793E+06  6.7545E+06  5.7746E+06  4.4752E+06  3.1179E+06  2.0066E+06  1.2110E+06  6.3048E+05  2.8646E+05  1.0197E+05  2.6280E+04
  5.9861E+06  6.1874E+06  6.5437E+06  6.9104E+06  7.0909E+06  6.9311E+06  6.3313E+06  5.2819E+06  4.0572E+06  2.8087E+06  1.7645E+06  1.0391E+06  5.3992E+05  2.5093E+05  8.8455E+04  2.3071E+04
  6.4393E+06  6.5833E+06  6.7993E+06  6.9579E+06  6.9193E+06  6.5780E+06  5.8494E+06  4.7791E+06  3.6431E+06  2.5181E+06  1.5494E+06  8.9113E+05  4.6686E+05  2.1664E+05  7.6589E+04  1.9989E+04
  6.6909E+06  6.7589E+06  6.8363E+06  6.8222E+06  6.6182E+06  6.1414E+06  5.3282E+06  4.2808E+06  3.2417E+06  2.2440E+06  1.3588E+06  7.6798E+05  4.0334E+05  1.8435E+05  6.5155E+04  1.7530E+04
  6.7168E+06  6.7172E+06  6.6829E+06  6.5401E+06  6.2168E+06  5.6416E+06  4.7884E+06  3.7991E+06  2.8607E+06  1.9851E+06  1.1881E+06  6.6162E+05  3.4597E+05  1.5358E+05  5.5968E+04  1.5328E+04
  6.5466E+06  6.4961E+06  6.3812E+06  6.1483E+06  5.7400E+06  5.1001E+06  4.2502E+06  3.3438E+06  2.5055E+06  1.7419E+06  1.0356E+06  5.6594E+05  2.9180E+05  1.2805E+05  4.7645E+04  1.3166E+04
  6.2271E+06  6.1416E+06  5.9721E+06  5.6772E+06  5.2098E+06  4.5397E+06  3.7316E+06  2.9213E+06  2.1790E+06  1.5152E+06  8.9880E+05  4.8193E+05  2.4395E+05  1.0719E+05  4.0166E+04  1.1408E+04
  5.8032E+06  5.6949E+06  5.4887E+06  5.1512E+06  4.6483E+06  3.9841E+06  3.2465E+06  2.5353E+06  1.8825E+06  1.3064E+06  7.7623E+05  4.0859E+05  2.0408E+05  9.0430E+04  3.3947E+04  9.7119E+03
  5.3107E+06  5.1872E+06  4.9562E+06  4.5918E+06  4.0797E+06  3.4550E+06  2.8040E+06  2.1868E+06  1.6157E+06  1.1164E+06  6.6628E+05  3.4590E+05  1.7115E+05  7.6726E+04  2.8564E+04  8.0733E+03
  4.7750E+06  4.6414E+06  4.3953E+06  4.0217E+06  3.5289E+06  2.9688E+06  2.4078E+06  1.8750E+06  1.3775E+06  9.4592E+05  5.6789E+05  2.9198E+05  1.4351E+05  6.4577E+04  2.3728E+04  6.8375E+03
  4.2156E+06  4.0774E+06  3.8279E+06  3.4662E+06  3.0180E+06  2.5347E+06  2.0575E+06  1.5982E+06  1.1664E+06  7.9480E+05  4.8023E+05  2.4498E+05  1.1976E+05  5.3801E+04  1.9716E+04  5.6030E+03
  3.6529E+06  3.5171E+06  3.2787E+06  2.9493E+06  2.5616E+06  2.1547E+06  1.7500E+06  1.3536E+06  9.8073E+05  6.6246E+05  4.0269E+05  2.0469E+05  9.8459E+04  4.3941E+04  1.6527E+04  4.4947E+03
  3.1107E+06  2.9853E+06  2.7719E+06  2.4887E+06  2.1650E+06  1.8256E+06  1.4809E+06  1.1387E+06  8.1844E+05  5.4785E+05  3.3471E+05  1.7006E+05  8.1060E+04  3.5643E+04  1.3302E+04  3.7863E+03
  2.6135E+06  2.5053E+06  2.3253E+06  2.0917E+06  1.8255E+06  1.5410E+06  1.2456E+06  9.5079E+05  6.7765E+05  4.4966E+05  2.7575E+05  1.4055E+05  6.6183E+04  2.9059E+04  1.0992E+04  2.9651E+03
  2.1797E+06  2.0911E+06  1.9452E+06  1.7556E+06  1.5357E+06  1.2944E+06  1.0401E+06  7.8743E+05  5.5655E+05  3.6641E+05  2.2519E+05  1.1544E+05  5.4134E+04  2.3650E+04  8.9706E+03  2.4325E+03
  1.8152E+06  1.7443E+06  1.6270E+06  1.4717E+06  1.2869E+06  1.0800E+06  8.6147E+05  6.4654E+05  4.5338E+05  2.9651E+05  1.8234E+05  9.4180E+04  4.4101E+04  1.9390E+04  7.2116E+03  2.0872E+03
  1.5134E+06  1.4562E+06  1.3600E+06  1.2298E+06  1.0719E+06  8.9391E+05  7.0710E+05  5.2621E+05  3.6642E+05  2.3836E+05  1.4644E+05  7.6312E+04  3.5542E+04  1.5868E+04  5.8628E+03  1.6018E+03
  1.2618E+06  1.2141E+06  1.1330E+06  1.0216E+06  8.8562E+05  7.3302E+05  5.7498E+05  4.2458E+05  2.9391E+05  1.9040E+05  1.1672E+05  6.1402E+04  2.8603E+04  1.2581E+04  4.7920E+03  1.3943E+03
  1.0483E+06  1.0075E+06  9.3760E+05  8.4153E+05  7.2472E+05  5.9518E+05  4.6320E+05  3.3975E+05  2.3406E+05  1.5115E+05  9.2369E+04  4.9053E+04  2.2853E+04  1.0172E+04  3.7793E+03  1.1226E+03
  8.6439E+05  8.2912E+05  7.6875E+05  6.8621E+05  5.8692E+05  4.7845E+05  3.6979E+05  2.6975E+05  1.8516E+05  1.1929E+05  7.2627E+04  3.8910E+04  1.8202E+04  7.8882E+03  3.0905E+03  8.8547E+02
  7.0556E+05  6.7520E+05  6.2349E+05  5.5347E+05  4.7035E+05  3.8094E+05  2.9274E+05  2.1264E+05  1.4557E+05  9.3611E+04  5.6774E+04  3.0646E+04  1.4437E+04  6.3448E+03  2.3757E+03  6.7052E+02
  5.6931E+05  5.4355E+05  4.9996E+05  4.4156E+05  3.7314E+05  3.0058E+05  2.2997E+05  1.6652E+05  1.1378E+05  7.3072E+04  4.4141E+04  2.3983E+04  1.1370E+04  5.0167E+03  1.9415E+03  5.8024E+02
  4.5399E+05  4.3253E+05  3.9647E+05  3.4864E+05  2.9327E+05  2.3526E+05  1.7941E+05  1.2963E+05  8.8455E+04  5.6737E+04  3.4146E+04  1.8637E+04  8.9026E+03  3.9454E+03  1.4779E+03  3.8377E+02
  3.5799E+05  3.4045E+05  3.1118E+05  2.7270E+05  2.2859E+05  1.8282E+05  1.3911E+05  1.0037E+05  6.8436E+04  4.3851E+04  2.6306E+04  1.4421E+04  6.9541E+03  3.1330E+03  1.1819E+03  3.2611E+02
  2.7941E+05  2.6535E+05  2.4200E+05  2.1153E+05  1.7687E+05  1.4118E+05  1.0727E+05  7.7317E+04  5.2660E+04  3.3694E+04  2.0146E+04  1.1059E+04  5.3827E+03  2.3860E+03  9.4051E+02  2.5131E+02
  2.1613E+05  2.0503E+05  1.8670E+05  1.6291E+05  1.3601E+05  1.0843E+05  8.2318E+04  5.9309E+04  4.0383E+04  2.5826E+04  1.5422E+04  8.5005E+03  4.1846E+03  1.8689E+03  6.9570E+02  2.0708E+02
  1.6588E+05  1.5725E+05  1.4305E+05  1.2470E+05  1.0402E+05  8.2863E+04  6.2857E+04  4.5224E+04  3.0726E+04  1.9593E+04  1.1654E+04  6.4194E+03  3.1930E+03  1.4320E+03  5.8657E+02  1.4833E+02
  1.2649E+05  1.1986E+05  1.0898E+05  9.4952E+04  7.9172E+04  6.3053E+04  4.7832E+04  3.4437E+04  2.3430E+04  1.4974E+04  8.9413E+03  4.9661E+03  2.4903E+03  1.1182E+03  4.0963E+02  1.4750E+02
  9.5920E+04  9.0870E+04  8.2609E+04  7.1965E+04  5.9987E+04  4.7729E+04  3.6120E+04  2.5890E+04  1.7506E+04  1.1115E+04  6.6044E+03  3.6639E+03  1.8451E+03  8.4143E+02  3.3504E+02  8.8616E+01
  7.2395E+04  6.8578E+04  6.2344E+04  5.4311E+04  4.5278E+04  3.6058E+04  2.7366E+04  1.9725E+04  1.3452E+04  8.6377E+03  5.1973E+03  2.9016E+03  1.4663E+03  6.6409E+02  2.5350E+02  9.4123E+01
  5.4413E+04  5.1539E+04  4.6848E+04  4.0792E+04  3.3951E+04  2.6931E+04  2.0302E+04  1.4509E+04  9.8107E+03  6.2512E+03  3.7312E+03  2.0714E+03  1.0463E+03  4.7377E+02  1.8753E+02  4.9723E+01
  4.0847E+04  3.8651E+04  3.5078E+04  3.0488E+04  2.5358E+04  2.0170E+04  1.5316E+04  1.1061E+04  7.5599E+03  4.8533E+03  2.9027E+03  1.6125E+03  8.2551E+02  3.7724E+02  1.5654E+02  5.3724E+01
  3.0068E+04  2.8764E+04  2.6622E+04  2.3771E+04  2.0394E+04  1.6716E+04  1.3006E+04  9.5411E+03  6.5605E+03  4.2053E+03  2.5064E+03  1.3867E+03  7.0635E+02  3.2803E+02  1.2636E+02  4.3815E+01
