# CREATED BY GENE DIAGNOSTICS TOOL on Sat May 17 20:38:26 2025 /home/unix/ottink/gene/diagnostics
# diag: vsp1, run(s): ky03v1, time window: 98.6-98.61576(1 steps), species: i
# original data path: /Differ/Data/IMT/lottink/Tokamak_nTEM/vgrid/
# normalization: L_ref=1.65m
#
# vpar
 -3.0000E+00
 -2.9528E+00
 -2.9055E+00
 -2.8583E+00
 -2.8110E+00
 -2.7638E+00
 -2.7165E+00
 -2.6693E+00
 -2.6220E+00
 -2.5748E+00
 -2.5276E+00
 -2.4803E+00
 -2.4331E+00
 -2.3858E+00
 -2.3386E+00
 -2.2913E+00
 -2.2441E+00
 -2.1969E+00
 -2.1496E+00
 -2.1024E+00
 -2.0551E+00
 -2.0079E+00
 -1.9606E+00
 -1.9134E+00
 -1.8661E+00
 -1.8189E+00
 -1.7717E+00
 -1.7244E+00
 -1.6772E+00
 -1.6299E+00
 -1.5827E+00
 -1.5354E+00
 -1.4882E+00
 -1.4409E+00
 -1.3937E+00
 -1.3465E+00
 -1.2992E+00
 -1.2520E+00
 -1.2047E+00
 -1.1575E+00
 -1.1102E+00
 -1.0630E+00
 -1.0157E+00
 -9.6850E-01
 -9.2126E-01
 -8.7402E-01
 -8.2677E-01
 -7.7953E-01
 -7.3228E-01
 -6.8504E-01
 -6.3780E-01
 -5.9055E-01
 -5.4331E-01
 -4.9606E-01
 -4.4882E-01
 -4.0157E-01
 -3.5433E-01
 -3.0709E-01
 -2.5984E-01
 -2.1260E-01
 -1.6535E-01
 -1.1811E-01
 -7.0866E-02
 -2.3622E-02
  2.3622E-02
  7.0866E-02
  1.1811E-01
  1.6535E-01
  2.1260E-01
  2.5984E-01
  3.0709E-01
  3.5433E-01
  4.0157E-01
  4.4882E-01
  4.9606E-01
  5.4331E-01
  5.9055E-01
  6.3780E-01
  6.8504E-01
  7.3228E-01
  7.7953E-01
  8.2677E-01
  8.7402E-01
  9.2126E-01
  9.6850E-01
  1.0157E+00
  1.0630E+00
  1.1102E+00
  1.1575E+00
  1.2047E+00
  1.2520E+00
  1.2992E+00
  1.3465E+00
  1.3937E+00
  1.4409E+00
  1.4882E+00
  1.5354E+00
  1.5827E+00
  1.6299E+00
  1.6772E+00
  1.7244E+00
  1.7717E+00
  1.8189E+00
  1.8661E+00
  1.9134E+00
  1.9606E+00
  2.0079E+00
  2.0551E+00
  2.1024E+00
  2.1496E+00
  2.1969E+00
  2.2441E+00
  2.2913E+00
  2.3386E+00
  2.3858E+00
  2.4331E+00
  2.4803E+00
  2.5276E+00
  2.5748E+00
  2.6220E+00
  2.6693E+00
  2.7165E+00
  2.7638E+00
  2.8110E+00
  2.8583E+00
  2.9055E+00
  2.9528E+00
  3.0000E+00


# mu
  5.5286E-02
  2.9341E-01
  7.3088E-01
  1.3853E+00
  2.2877E+00
  3.4931E+00
  5.1107E+00
  7.4232E+00


# trapped boundary
#  mu         vpar      
  5.5286E-02 -1.3503E-01
  5.5286E-02  1.4677E-01
  2.9341E-01 -3.2290E-01
  2.9341E-01  3.3464E-01
  7.3088E-01 -5.1076E-01
  7.3088E-01  5.2251E-01
  1.3853E+00 -7.1037E-01
  1.3853E+00  7.2211E-01
  2.2877E+00 -9.2172E-01
  2.2877E+00  9.3346E-01
  3.4931E+00 -1.1331E+00
  3.4931E+00  1.1448E+00
  5.1107E+00 -1.3679E+00
  5.1107E+00  1.3796E+00
  7.4232E+00 -1.6614E+00
  7.4232E+00  1.6732E+00


# , time = 98.61576, var = <|f|^2>^(1/2) , z = 0
  6.8921E+07  4.8999E+07  3.1625E+07  1.6706E+07  1.1165E+07  6.6091E+06  2.5136E+06  4.2557E+05
  9.2993E+07  5.7273E+07  3.8893E+07  3.4566E+07  2.4986E+07  1.1767E+07  3.5469E+06  4.8865E+05
  1.2900E+08  8.2228E+07  4.8700E+07  3.2401E+07  2.3932E+07  1.2410E+07  4.1380E+06  6.5439E+05
  1.8088E+08  1.1913E+08  7.2897E+07  5.1071E+07  3.7464E+07  1.8971E+07  6.0583E+06  8.9200E+05
  2.5342E+08  1.7233E+08  1.0571E+08  6.7785E+07  4.6338E+07  2.3289E+07  7.5160E+06  1.1844E+06
  3.5251E+08  2.4714E+08  1.5403E+08  9.6337E+07  6.3780E+07  3.1911E+07  1.0242E+07  1.5701E+06
  4.8511E+08  3.4990E+08  2.2178E+08  1.3449E+08  8.4246E+07  4.1269E+07  1.3200E+07  2.0449E+06
  6.5945E+08  4.8843E+08  3.1541E+08  1.8811E+08  1.1303E+08  5.4598E+07  1.7364E+07  2.6858E+06
  8.8546E+08  6.7233E+08  4.4271E+08  2.6121E+08  1.5068E+08  7.1174E+07  2.2494E+07  3.4527E+06
  1.1759E+09  9.1374E+08  6.1358E+08  3.6028E+08  2.0083E+08  9.2958E+07  2.9198E+07  4.5049E+06
  1.5479E+09  1.2283E+09  8.4045E+08  4.9294E+08  2.6673E+08  1.2078E+08  3.7612E+07  5.6851E+06
  2.0253E+09  1.6365E+09  1.1389E+09  6.6895E+08  3.5305E+08  1.5653E+08  4.8390E+07  7.4195E+06
  2.6407E+09  2.1648E+09  1.5282E+09  9.0019E+08  4.6532E+08  2.0206E+08  6.1817E+07  9.3270E+06
  3.4381E+09  2.8474E+09  2.0322E+09  1.2012E+09  6.1041E+08  2.5986E+08  7.8774E+07  1.1876E+07
  4.4753E+09  3.7281E+09  2.6800E+09  1.5897E+09  7.9665E+08  3.3286E+08  9.9875E+07  1.5228E+07
  5.8256E+09  4.8618E+09  3.5076E+09  2.0868E+09  1.0341E+09  4.2462E+08  1.2607E+08  1.8966E+07
  7.5779E+09  6.3166E+09  4.5583E+09  2.7178E+09  1.3347E+09  5.3934E+08  1.5872E+08  2.3747E+07
  9.8353E+09  8.1732E+09  5.8843E+09  3.5124E+09  1.7128E+09  6.8198E+08  1.9857E+08  2.9887E+07
  1.2715E+10  1.0526E+10  7.5474E+09  4.5058E+09  2.1849E+09  8.5841E+08  2.4769E+08  3.6745E+07
  1.6347E+10  1.3484E+10  9.6200E+09  5.7385E+09  2.7703E+09  1.0754E+09  3.0704E+08  4.4820E+07
  2.0877E+10  1.7167E+10  1.2185E+10  7.2572E+09  3.4914E+09  1.3409E+09  3.7922E+08  5.5858E+07
  2.6469E+10  2.1713E+10  1.5339E+10  9.1157E+09  4.3734E+09  1.6638E+09  4.6638E+08  6.7503E+07
  3.3312E+10  2.7275E+10  1.9188E+10  1.1375E+10  5.4454E+09  2.0543E+09  5.7109E+08  8.1625E+07
  4.1612E+10  3.4025E+10  2.3855E+10  1.4106E+10  6.7396E+09  2.5240E+09  6.9698E+08  1.0060E+08
  5.1600E+10  4.2154E+10  2.9476E+10  1.7385E+10  8.2923E+09  3.0857E+09  8.4520E+08  1.2047E+08
  6.3523E+10  5.1871E+10  3.6198E+10  2.1299E+10  1.0144E+10  3.7539E+09  1.0211E+09  1.4523E+08
  7.7637E+10  6.3401E+10  4.4187E+10  2.5944E+10  1.2338E+10  4.5437E+09  1.2268E+09  1.7630E+08
  9.4205E+10  7.6981E+10  5.3619E+10  3.1424E+10  1.4922E+10  5.4720E+09  1.4658E+09  2.0953E+08
  1.1349E+11  9.2857E+10  6.4680E+10  3.7853E+10  1.7949E+10  6.5576E+09  1.7471E+09  2.4984E+08
  1.3579E+11  1.1129E+11  7.7571E+10  4.5350E+10  2.1474E+10  7.8192E+09  2.0747E+09  2.9819E+08
  1.6138E+11  1.3253E+11  9.2500E+10  5.4045E+10  2.5555E+10  9.2804E+09  2.4546E+09  3.4960E+08
  1.9057E+11  1.5688E+11  1.0968E+11  6.4069E+10  3.0253E+10  1.0962E+10  2.8977E+09  4.1117E+08
  2.2370E+11  1.8460E+11  1.2934E+11  7.5561E+10  3.5630E+10  1.2883E+10  3.4107E+09  4.8267E+08
  2.6110E+11  2.1598E+11  1.5170E+11  8.8657E+10  4.1751E+10  1.5064E+10  3.9923E+09  5.5804E+08
  3.0311E+11  2.5133E+11  1.7698E+11  1.0349E+11  4.8678E+10  1.7526E+10  4.6532E+09  6.4902E+08
  3.5006E+11  2.9093E+11  2.0540E+11  1.2021E+11  5.6473E+10  2.0302E+10  5.4041E+09  7.4868E+08
  4.0229E+11  3.3507E+11  2.3716E+11  1.3893E+11  6.5195E+10  2.3436E+10  6.2281E+09  8.5434E+08
  4.6014E+11  3.8403E+11  2.7248E+11  1.5978E+11  7.4897E+10  2.6970E+10  7.1398E+09  9.7814E+08
  5.2393E+11  4.3809E+11  3.1154E+11  1.8286E+11  8.5631E+10  3.0947E+10  8.1437E+09  1.1046E+09
  5.9397E+11  4.9747E+11  3.5449E+11  2.0826E+11  9.7431E+10  3.5375E+10  9.2085E+09  1.2394E+09
  6.7050E+11  5.6236E+11  4.0145E+11  2.3605E+11  1.1033E+11  4.0234E+10  1.0347E+10  1.3887E+09
  7.5373E+11  6.3288E+11  4.5250E+11  2.6626E+11  1.2437E+11  4.5491E+10  1.1563E+10  1.5332E+09
  8.4373E+11  7.0911E+11  5.0766E+11  2.9891E+11  1.3964E+11  5.1084E+10  1.2823E+10  1.6895E+09
  9.4050E+11  7.9102E+11  5.6693E+11  3.3398E+11  1.5621E+11  5.6965E+10  1.4150E+10  1.8536E+09
  1.0439E+12  8.7853E+11  6.3022E+11  3.7142E+11  1.7410E+11  6.3132E+10  1.5561E+10  2.0106E+09
  1.1537E+12  9.7144E+11  6.9739E+11  4.1112E+11  1.9320E+11  6.9589E+10  1.7021E+10  2.1894E+09
  1.2694E+12  1.0694E+12  7.6821E+11  4.5295E+11  2.1327E+11  7.6346E+10  1.8558E+10  2.3670E+09
  1.3905E+12  1.1721E+12  8.4234E+11  4.9679E+11  2.3411E+11  8.3419E+10  2.0198E+10  2.5462E+09
  1.5164E+12  1.2788E+12  9.1933E+11  5.4247E+11  2.5565E+11  9.0826E+10  2.1877E+10  2.7509E+09
  1.6461E+12  1.3887E+12  9.9866E+11  5.8977E+11  2.7787E+11  9.8513E+10  2.3629E+10  2.9387E+09
  1.7785E+12  1.5009E+12  1.0797E+12  6.3828E+11  3.0069E+11  1.0640E+11  2.5461E+10  3.1429E+09
  1.9124E+12  1.6144E+12  1.1618E+12  6.8749E+11  3.2391E+11  1.1447E+11  2.7260E+10  3.3576E+09
  2.0462E+12  1.7279E+12  1.2441E+12  7.3695E+11  3.4732E+11  1.2259E+11  2.9090E+10  3.5469E+09
  2.1783E+12  1.8401E+12  1.3259E+12  7.8621E+11  3.7066E+11  1.3058E+11  3.0917E+10  3.7626E+09
  2.3069E+12  1.9495E+12  1.4061E+12  8.3472E+11  3.9361E+11  1.3843E+11  3.2614E+10  3.9543E+09
  2.4299E+12  2.0544E+12  1.4835E+12  8.8180E+11  4.1584E+11  1.4601E+11  3.4295E+10  4.1282E+09
  2.5450E+12  2.1529E+12  1.5567E+12  9.2667E+11  4.3703E+11  1.5313E+11  3.5892E+10  4.3254E+09
  2.6500E+12  2.2433E+12  1.6242E+12  9.6851E+11  4.5684E+11  1.5980E+11  3.7309E+10  4.4804E+09
  2.7424E+12  2.3235E+12  1.6847E+12  1.0066E+12  4.7500E+11  1.6605E+11  3.8716E+10  4.6396E+09
  2.8200E+12  2.3916E+12  1.7372E+12  1.0403E+12  4.9141E+11  1.7177E+11  4.0048E+10  4.8076E+09
  2.8808E+12  2.4464E+12  1.7811E+12  1.0700E+12  5.0659E+11  1.7736E+11  4.1390E+10  4.9728E+09
  2.9236E+12  2.4882E+12  1.8183E+12  1.0974E+12  5.2152E+11  1.8314E+11  4.2895E+10  5.1880E+09
  2.9494E+12  2.5250E+12  1.8628E+12  1.1365E+12  5.4530E+11  1.9300E+11  4.5542E+10  5.5499E+09
  2.9633E+12  2.5782E+12  1.9459E+12  1.2165E+12  5.9764E+11  2.1654E+11  5.2358E+10  6.5390E+09
  2.9004E+12  2.3786E+12  1.6373E+12  9.1656E+11  3.9946E+11  1.2747E+11  2.6956E+10  2.9199E+09
  2.8738E+12  2.3968E+12  1.6944E+12  9.8070E+11  4.4445E+11  1.4850E+11  3.3189E+10  3.8400E+09
  2.8199E+12  2.3646E+12  1.6874E+12  9.8854E+11  4.5394E+11  1.5386E+11  3.4957E+10  4.1194E+09
  2.7461E+12  2.3056E+12  1.6495E+12  9.7035E+11  4.4796E+11  1.5301E+11  3.5140E+10  4.2043E+09
  2.6566E+12  2.2309E+12  1.5972E+12  9.4159E+11  4.3632E+11  1.5000E+11  3.4731E+10  4.1893E+09
  2.5540E+12  2.1443E+12  1.5349E+12  9.0592E+11  4.2084E+11  1.4546E+11  3.3960E+10  4.1388E+09
  2.4408E+12  2.0483E+12  1.4652E+12  8.6543E+11  4.0291E+11  1.4001E+11  3.2945E+10  4.0424E+09
  2.3193E+12  1.9452E+12  1.3902E+12  8.2150E+11  3.8331E+11  1.3383E+11  3.1649E+10  3.9025E+09
  2.1917E+12  1.8371E+12  1.3113E+12  7.7511E+11  3.6254E+11  1.2714E+11  3.0283E+10  3.7727E+09
  2.0600E+12  1.7257E+12  1.2301E+12  7.2705E+11  3.4096E+11  1.2019E+11  2.8800E+10  3.5928E+09
  1.9261E+12  1.6126E+12  1.1480E+12  6.7796E+11  3.1888E+11  1.1296E+11  2.7154E+10  3.4017E+09
  1.7917E+12  1.4992E+12  1.0660E+12  6.2847E+11  2.9648E+11  1.0552E+11  2.5507E+10  3.2184E+09
  1.6583E+12  1.3868E+12  9.8511E+11  5.7921E+11  2.7395E+11  9.7985E+10  2.3784E+10  2.9936E+09
  1.5273E+12  1.2764E+12  9.0597E+11  5.3091E+11  2.5157E+11  9.0384E+10  2.1986E+10  2.7859E+09
  1.3998E+12  1.1691E+12  8.2918E+11  4.8429E+11  2.2957E+11  8.2771E+10  2.0231E+10  2.5707E+09
  1.2767E+12  1.0656E+12  7.5527E+11  4.3989E+11  2.0816E+11  7.5309E+10  1.8464E+10  2.3426E+09
  1.1589E+12  9.6665E+11  6.8464E+11  3.9796E+11  1.8756E+11  6.8085E+10  1.6722E+10  2.1432E+09
  1.0470E+12  8.7272E+11  6.1763E+11  3.5853E+11  1.6801E+11  6.1170E+10  1.5086E+10  1.9335E+09
  9.4134E+11  7.8420E+11  5.5450E+11  3.2155E+11  1.4976E+11  5.4647E+10  1.3513E+10  1.7373E+09
  8.4239E+11  7.0135E+11  4.9541E+11  2.8702E+11  1.3293E+11  4.8564E+10  1.2037E+10  1.5625E+09
  7.5040E+11  6.2434E+11  4.4047E+11  2.5493E+11  1.1758E+11  4.2929E+10  1.0694E+10  1.3833E+09
  6.6547E+11  5.5323E+11  3.8973E+11  2.2531E+11  1.0364E+11  3.7742E+10  9.4472E+09  1.2290E+09
  5.8757E+11  4.8798E+11  3.4317E+11  1.9814E+11  9.1039E+10  3.3011E+10  8.3022E+09  1.0860E+09
  5.1655E+11  4.2845E+11  3.0070E+11  1.7338E+11  7.9652E+10  2.8726E+10  7.2825E+09  9.4739E+08
  4.5214E+11  3.7443E+11  2.6219E+11  1.5095E+11  6.9370E+10  2.4862E+10  6.3525E+09  8.3277E+08
  3.9400E+11  3.2568E+11  2.2747E+11  1.3077E+11  6.0117E+10  2.1419E+10  5.5115E+09  7.2294E+08
  3.4175E+11  2.8189E+11  1.9635E+11  1.1272E+11  5.1839E+10  1.8382E+10  4.7757E+09  6.2329E+08
  2.9499E+11  2.4277E+11  1.6860E+11  9.6659E+10  4.4478E+10  1.5722E+10  4.1121E+09  5.4240E+08
  2.5334E+11  2.0798E+11  1.4401E+11  8.2464E+10  3.7974E+10  1.3411E+10  3.5166E+09  4.6327E+08
  2.1641E+11  1.7721E+11  1.2235E+11  6.9991E+10  3.2259E+10  1.1401E+10  2.9989E+09  3.9702E+08
  1.8384E+11  1.5014E+11  1.0337E+11  5.9096E+10  2.7264E+10  9.6519E+09  2.5368E+09  3.4212E+08
  1.5525E+11  1.2646E+11  8.6850E+10  4.9637E+10  2.2923E+10  8.1315E+09  2.1299E+09  2.8825E+08
  1.3027E+11  1.0585E+11  7.2551E+10  4.1472E+10  1.9173E+10  6.8141E+09  1.7821E+09  2.4551E+08
  1.0859E+11  8.8034E+10  6.0253E+10  3.4465E+10  1.5951E+10  5.6820E+09  1.4856E+09  2.0796E+08
  8.9874E+10  7.2736E+10  4.9743E+10  2.8486E+10  1.3201E+10  4.7157E+09  1.2322E+09  1.7193E+08
  7.3847E+10  5.9694E+10  4.0820E+10  2.3416E+10  1.0865E+10  3.8951E+09  1.0207E+09  1.4398E+08
  6.0231E+10  4.8658E+10  3.3294E+10  1.9140E+10  8.8933E+09  3.2030E+09  8.4503E+08  1.1954E+08
  4.8759E+10  3.9387E+10  2.6989E+10  1.5556E+10  7.2391E+09  2.6208E+09  6.9527E+08  9.6415E+07
  3.9173E+10  3.1657E+10  2.1744E+10  1.2570E+10  5.8597E+09  2.1342E+09  5.7068E+08  7.9788E+07
  3.1228E+10  2.5261E+10  1.7410E+10  1.0097E+10  4.7166E+09  1.7300E+09  4.6635E+08  6.5219E+07
  2.4697E+10  2.0012E+10  1.3855E+10  8.0607E+09  3.7753E+09  1.3958E+09  3.7833E+08  5.1410E+07
  1.9375E+10  1.5742E+10  1.0959E+10  6.3952E+09  3.0054E+09  1.1214E+09  3.0598E+08  4.2527E+07
  1.5083E+10  1.2302E+10  8.6162E+09  5.0420E+09  2.3797E+09  8.9695E+08  2.4595E+08  3.4225E+07
  1.1661E+10  9.5563E+09  6.7346E+09  3.9501E+09  1.8746E+09  7.1446E+08  1.9721E+08  2.6829E+07
  8.9639E+09  7.3853E+09  5.2335E+09  3.0754E+09  1.4695E+09  5.6683E+08  1.5748E+08  2.2071E+07
  6.8632E+09  5.6824E+09  4.0436E+09  2.3798E+09  1.1467E+09  4.4799E+08  1.2530E+08  1.7729E+07
  5.2425E+09  4.3556E+09  3.1062E+09  1.8308E+09  8.9113E+08  3.5281E+08  9.9549E+07  1.3800E+07
  4.0000E+09  3.3267E+09  2.3722E+09  1.4007E+09  6.8996E+08  2.7692E+08  7.8413E+07  1.1112E+07
  3.0495E+09  2.5312E+09  1.8010E+09  1.0662E+09  5.3253E+08  2.1668E+08  6.1789E+07  8.9080E+06
  2.3216E+09  1.9176E+09  1.3594E+09  8.0813E+08  4.0997E+08  1.6904E+08  4.8223E+07  6.7287E+06
  1.7626E+09  1.4455E+09  1.0205E+09  6.1040E+08  3.1502E+08  1.3151E+08  3.7645E+07  5.3418E+06
  1.3323E+09  1.0835E+09  7.6237E+08  4.5997E+08  2.4176E+08  1.0206E+08  2.9256E+07  4.1524E+06
  1.0012E+09  8.0741E+08  5.6734E+08  3.4624E+08  1.8543E+08  7.9001E+07  2.2636E+07  3.1024E+06
  7.4718E+08  5.9827E+08  4.2117E+08  2.6072E+08  1.4222E+08  6.0999E+07  1.7513E+07  2.4456E+06
  5.5396E+08  4.4137E+08  3.1250E+08  1.9669E+08  1.0914E+08  4.6987E+07  1.3436E+07  1.8218E+06
  4.0878E+08  3.2501E+08  2.3233E+08  1.4887E+08  8.3798E+07  3.6091E+07  1.0315E+07  1.4328E+06
  3.0128E+08  2.3974E+08  1.7355E+08  1.1320E+08  6.4410E+07  2.7660E+07  7.8762E+06  1.0588E+06
  2.2276E+08  1.7788E+08  1.3058E+08  8.6502E+07  4.9466E+07  2.1126E+07  5.9892E+06  8.3218E+05
  1.6599E+08  1.3326E+08  9.9167E+07  6.6511E+07  3.8073E+07  1.6107E+07  4.5613E+06  6.2981E+05
  1.2509E+08  1.0105E+08  7.6014E+07  5.1248E+07  2.9125E+07  1.2229E+07  3.4181E+06  4.5728E+05
  9.5516E+07  7.7640E+07  5.8925E+07  3.9880E+07  2.2468E+07  9.3532E+06  2.6426E+06  3.8128E+05
  7.3871E+07  6.0329E+07  4.5741E+07  3.0642E+07  1.6971E+07  6.9352E+06  1.8963E+06  2.2759E+05
  5.7745E+07  4.7602E+07  3.6573E+07  2.4658E+07  1.3585E+07  5.5730E+06  1.5220E+06  2.1907E+05
  4.5435E+07  3.7170E+07  2.8189E+07  1.8333E+07  9.5827E+06  3.9153E+06  1.1018E+06  1.2094E+05
