# CREATED BY GENE DIAGNOSTICS TOOL on Sat May 17 19:52:55 2025 /home/unix/ottink/gene/diagnostics
# diag: vsp1, run(s): none_ve0, time window: 147.3-147.33976(1 steps), species: i
# original data path: /Differ/Data/IMT/lottink/Tokamak_nTEM/dFdvp/v1/
# normalization: L_ref=1.65m
#
# vpar
 -3.0000E+00
 -2.9528E+00
 -2.9055E+00
 -2.8583E+00
 -2.8110E+00
 -2.7638E+00
 -2.7165E+00
 -2.6693E+00
 -2.6220E+00
 -2.5748E+00
 -2.5276E+00
 -2.4803E+00
 -2.4331E+00
 -2.3858E+00
 -2.3386E+00
 -2.2913E+00
 -2.2441E+00
 -2.1969E+00
 -2.1496E+00
 -2.1024E+00
 -2.0551E+00
 -2.0079E+00
 -1.9606E+00
 -1.9134E+00
 -1.8661E+00
 -1.8189E+00
 -1.7717E+00
 -1.7244E+00
 -1.6772E+00
 -1.6299E+00
 -1.5827E+00
 -1.5354E+00
 -1.4882E+00
 -1.4409E+00
 -1.3937E+00
 -1.3465E+00
 -1.2992E+00
 -1.2520E+00
 -1.2047E+00
 -1.1575E+00
 -1.1102E+00
 -1.0630E+00
 -1.0157E+00
 -9.6850E-01
 -9.2126E-01
 -8.7402E-01
 -8.2677E-01
 -7.7953E-01
 -7.3228E-01
 -6.8504E-01
 -6.3780E-01
 -5.9055E-01
 -5.4331E-01
 -4.9606E-01
 -4.4882E-01
 -4.0157E-01
 -3.5433E-01
 -3.0709E-01
 -2.5984E-01
 -2.1260E-01
 -1.6535E-01
 -1.1811E-01
 -7.0866E-02
 -2.3622E-02
  2.3622E-02
  7.0866E-02
  1.1811E-01
  1.6535E-01
  2.1260E-01
  2.5984E-01
  3.0709E-01
  3.5433E-01
  4.0157E-01
  4.4882E-01
  4.9606E-01
  5.4331E-01
  5.9055E-01
  6.3780E-01
  6.8504E-01
  7.3228E-01
  7.7953E-01
  8.2677E-01
  8.7402E-01
  9.2126E-01
  9.6850E-01
  1.0157E+00
  1.0630E+00
  1.1102E+00
  1.1575E+00
  1.2047E+00
  1.2520E+00
  1.2992E+00
  1.3465E+00
  1.3937E+00
  1.4409E+00
  1.4882E+00
  1.5354E+00
  1.5827E+00
  1.6299E+00
  1.6772E+00
  1.7244E+00
  1.7717E+00
  1.8189E+00
  1.8661E+00
  1.9134E+00
  1.9606E+00
  2.0079E+00
  2.0551E+00
  2.1024E+00
  2.1496E+00
  2.1969E+00
  2.2441E+00
  2.2913E+00
  2.3386E+00
  2.3858E+00
  2.4331E+00
  2.4803E+00
  2.5276E+00
  2.5748E+00
  2.6220E+00
  2.6693E+00
  2.7165E+00
  2.7638E+00
  2.8110E+00
  2.8583E+00
  2.9055E+00
  2.9528E+00
  3.0000E+00


# mu
  5.5286E-02
  2.9341E-01
  7.3088E-01
  1.3853E+00
  2.2877E+00
  3.4931E+00
  5.1107E+00
  7.4232E+00


# trapped boundary
#  mu         vpar      
  5.5286E-02 -1.3503E-01
  5.5286E-02  1.4677E-01
  2.9341E-01 -3.2290E-01
  2.9341E-01  3.3464E-01
  7.3088E-01 -5.1076E-01
  7.3088E-01  5.2251E-01
  1.3853E+00 -7.1037E-01
  1.3853E+00  7.2211E-01
  2.2877E+00 -9.2172E-01
  2.2877E+00  9.3346E-01
  3.4931E+00 -1.1331E+00
  3.4931E+00  1.1448E+00
  5.1107E+00 -1.3679E+00
  5.1107E+00  1.3796E+00
  7.4232E+00 -1.6614E+00
  7.4232E+00  1.6732E+00


# , time = 147.33976, var = <|f|^2>^(1/2) , z = 0
  3.5298E-02  2.7788E-02  2.0916E-02  1.3714E-02  7.6180E-03  3.4515E-03  1.1096E-03  1.7070E-04
  4.4024E-02  3.3059E-02  2.5524E-02  1.9272E-02  1.2044E-02  5.3168E-03  1.5382E-03  2.0235E-04
  5.6051E-02  4.1521E-02  3.0694E-02  2.1937E-02  1.3661E-02  6.1262E-03  1.8316E-03  2.6071E-04
  7.3175E-02  5.3772E-02  3.9667E-02  2.8985E-02  1.8683E-02  8.6052E-03  2.6030E-03  3.6316E-04
  9.7712E-02  7.1536E-02  5.1591E-02  3.6737E-02  2.3497E-02  1.0860E-02  3.2664E-03  4.7525E-04
  1.3254E-01  9.7310E-02  6.8906E-02  4.8152E-02  3.0835E-02  1.4395E-02  4.3690E-03  6.4147E-04
  1.8100E-01  1.3402E-01  9.3388E-02  6.3272E-02  3.9787E-02  1.8589E-02  5.6463E-03  8.1993E-04
  2.4686E-01  1.8514E-01  1.2780E-01  8.4110E-02  5.1831E-02  2.4217E-02  7.3625E-03  1.0890E-03
  3.3439E-01  2.5482E-01  1.7542E-01  1.1240E-01  6.7424E-02  3.1290E-02  9.5142E-03  1.3818E-03
  4.4863E-01  3.4805E-01  2.4037E-01  1.5071E-01  8.7904E-02  4.0430E-02  1.2285E-02  1.8107E-03
  5.9577E-01  4.7095E-01  3.2773E-01  2.0216E-01  1.1461E-01  5.2046E-02  1.5774E-02  2.2876E-03
  7.8398E-01  6.3125E-01  4.4382E-01  2.7070E-01  1.4937E-01  6.6858E-02  2.0214E-02  2.9898E-03
  1.0245E+00  8.3886E-01  5.9643E-01  3.6118E-01  1.9441E-01  8.5631E-02  2.5751E-02  3.7605E-03
  1.3333E+00  1.1067E+00  7.9515E-01  4.7959E-01  2.5250E-01  1.0936E-01  3.2719E-02  4.8070E-03
  1.7325E+00  1.4518E+00  1.0518E+00  6.3319E-01  3.2701E-01  1.3923E-01  4.1403E-02  6.1624E-03
  2.2518E+00  1.8960E+00  1.3808E+00  8.3070E-01  4.2200E-01  1.7666E-01  5.2138E-02  7.6439E-03
  2.9293E+00  2.4671E+00  1.7998E+00  1.0825E+00  5.4237E-01  2.2335E-01  6.5507E-02  9.6130E-03
  3.8114E+00  3.1992E+00  2.3300E+00  1.4009E+00  6.9390E-01  2.8132E-01  8.1749E-02  1.2075E-02
  4.9509E+00  4.1329E+00  2.9966E+00  1.8002E+00  8.8341E-01  3.5293E-01  1.0178E-01  1.4768E-02
  6.4064E+00  5.3153E+00  3.8295E+00  2.2971E+00  1.1188E+00  4.4092E-01  1.2599E-01  1.8117E-02
  8.2414E+00  6.7990E+00  4.8633E+00  2.9107E+00  1.4092E+00  5.4850E-01  1.5542E-01  2.2551E-02
  1.0524E+01  8.6424E+00  6.1378E+00  3.6630E+00  1.7650E+00  6.7930E-01  1.9100E-01  2.7202E-02
  1.3331E+01  1.0910E+01  7.6980E+00  4.5790E+00  2.1980E+00  8.3745E-01  2.3365E-01  3.3050E-02
  1.6745E+01  1.3672E+01  9.5942E+00  5.6869E+00  2.7214E+00  1.0276E+00  2.8485E-01  4.0795E-02
  2.0861E+01  1.7007E+01  1.1882E+01  7.0182E+00  3.3500E+00  1.2550E+00  3.4511E-01  4.8796E-02
  2.5782E+01  2.0999E+01  1.4624E+01  8.6084E+00  4.0999E+00  1.5255E+00  4.1654E-01  5.9034E-02
  3.1616E+01  2.5743E+01  1.7887E+01  1.0496E+01  4.9890E+00  1.8452E+00  5.0009E-01  7.1687E-02
  3.8477E+01  3.1337E+01  2.1744E+01  1.2724E+01  6.0366E+00  2.2210E+00  5.9717E-01  8.5058E-02
  4.6474E+01  3.7883E+01  2.6271E+01  1.5338E+01  7.2636E+00  2.6604E+00  7.1185E-01  1.0157E-01
  5.5722E+01  4.5489E+01  3.1550E+01  1.8387E+01  8.6923E+00  3.1712E+00  8.4522E-01  1.2105E-01
  6.6333E+01  5.4259E+01  3.7666E+01  2.1924E+01  1.0346E+01  3.7626E+00  9.9996E-01  1.4168E-01
  7.8429E+01  6.4305E+01  4.4708E+01  2.6002E+01  1.2250E+01  4.4430E+00  1.1809E+00  1.6663E-01
  9.2135E+01  7.5737E+01  5.2764E+01  3.0676E+01  1.4428E+01  5.2199E+00  1.3893E+00  1.9532E-01
  1.0758E+02  8.8670E+01  6.1924E+01  3.6003E+01  1.6907E+01  6.1021E+00  1.6248E+00  2.2557E-01
  1.2491E+02  1.0322E+02  7.2276E+01  4.2038E+01  1.9710E+01  7.0986E+00  1.8925E+00  2.6245E-01
  1.4425E+02  1.1950E+02  8.3909E+01  4.8835E+01  2.2864E+01  8.2239E+00  2.1956E+00  3.0254E-01
  1.6574E+02  1.3763E+02  9.6907E+01  5.6446E+01  2.6391E+01  9.4953E+00  2.5277E+00  3.4521E-01
  1.8950E+02  1.5772E+02  1.1135E+02  6.4919E+01  3.0314E+01  1.0930E+01  2.8959E+00  3.9554E-01
  2.1567E+02  1.7988E+02  1.2731E+02  7.4294E+01  3.4653E+01  1.2544E+01  3.3016E+00  4.4650E-01
  2.4438E+02  2.0419E+02  1.4484E+02  8.4606E+01  3.9421E+01  1.4339E+01  3.7307E+00  5.0110E-01
  2.7574E+02  2.3074E+02  1.6399E+02  9.5881E+01  4.4633E+01  1.6308E+01  4.1896E+00  5.6157E-01
  3.0982E+02  2.5958E+02  1.8480E+02  1.0814E+02  5.0310E+01  1.8435E+01  4.6782E+00  6.1933E-01
  3.4668E+02  2.9073E+02  2.0728E+02  1.2137E+02  5.6486E+01  2.0691E+01  5.1814E+00  6.8237E-01
  3.8631E+02  3.2420E+02  2.3142E+02  1.3558E+02  6.3191E+01  2.3053E+01  5.7099E+00  7.4768E-01
  4.2865E+02  3.5994E+02  2.5718E+02  1.5074E+02  7.0425E+01  2.5521E+01  6.2691E+00  8.0968E-01
  4.7358E+02  3.9787E+02  2.8449E+02  1.6680E+02  7.8126E+01  2.8095E+01  6.8441E+00  8.8076E-01
  5.2093E+02  4.3785E+02  3.1326E+02  1.8371E+02  8.6198E+01  3.0779E+01  7.4493E+00  9.5003E-01
  5.7044E+02  4.7969E+02  3.4334E+02  2.0142E+02  9.4563E+01  3.3585E+01  8.0948E+00  1.0201E+00
  6.2183E+02  5.2312E+02  3.7456E+02  2.1987E+02  1.0318E+02  3.6522E+01  8.7538E+00  1.1003E+00
  6.7472E+02  5.6785E+02  4.0670E+02  2.3895E+02  1.1205E+02  3.9569E+01  9.4446E+00  1.1726E+00
  7.2866E+02  6.1349E+02  4.3952E+02  2.5850E+02  1.2114E+02  4.2698E+01  1.0169E+01  1.2525E+00
  7.8316E+02  6.5962E+02  4.7272E+02  2.7833E+02  1.3040E+02  4.5900E+01  1.0879E+01  1.3361E+00
  8.3761E+02  7.0575E+02  5.0600E+02  2.9826E+02  1.3975E+02  4.9126E+01  1.1605E+01  1.4093E+00
  8.9136E+02  7.5131E+02  5.3899E+02  3.1812E+02  1.4908E+02  5.2301E+01  1.2330E+01  1.4945E+00
  9.4362E+02  7.9567E+02  5.7128E+02  3.3766E+02  1.5825E+02  5.5414E+01  1.3001E+01  1.5691E+00
  9.9354E+02  8.3816E+02  6.0243E+02  3.5662E+02  1.6713E+02  5.8419E+01  1.3668E+01  1.6375E+00
  1.0402E+03  8.7804E+02  6.3190E+02  3.7466E+02  1.7560E+02  6.1232E+01  1.4300E+01  1.7157E+00
  1.0827E+03  9.1457E+02  6.5916E+02  3.9147E+02  1.8351E+02  6.3865E+01  1.4858E+01  1.7765E+00
  1.1200E+03  9.4696E+02  6.8365E+02  4.0674E+02  1.9077E+02  6.6330E+01  1.5415E+01  1.8399E+00
  1.1514E+03  9.7450E+02  7.0488E+02  4.2027E+02  1.9732E+02  6.8590E+01  1.5941E+01  1.9067E+00
  1.1759E+03  9.9661E+02  7.2266E+02  4.3214E+02  2.0339E+02  7.0802E+01  1.6471E+01  1.9720E+00
  1.1930E+03  1.0134E+03  7.3770E+02  4.4313E+02  2.0936E+02  7.3105E+01  1.7068E+01  2.0581E+00
  1.2032E+03  1.0281E+03  7.5570E+02  4.5887E+02  2.1891E+02  7.7070E+01  1.8129E+01  2.2038E+00
  1.2084E+03  1.0493E+03  7.8910E+02  4.9085E+02  2.3980E+02  8.6468E+01  2.0842E+01  2.5975E+00
  1.1823E+03  9.6775E+02  6.6373E+02  3.6943E+02  1.5991E+02  5.0715E+01  1.0670E+01  1.1522E+00
  1.1708E+03  9.7457E+02  6.8644E+02  3.9492E+02  1.7778E+02  5.9079E+01  1.3142E+01  1.5174E+00
  1.1482E+03  9.6100E+02  6.8336E+02  3.9793E+02  1.8158E+02  6.1249E+01  1.3855E+01  1.6302E+00
  1.1174E+03  9.3643E+02  6.6770E+02  3.9040E+02  1.7916E+02  6.0918E+01  1.3932E+01  1.6650E+00
  1.0802E+03  9.0544E+02  6.4615E+02  3.7859E+02  1.7446E+02  5.9720E+01  1.3772E+01  1.6595E+00
  1.0376E+03  8.6957E+02  6.2058E+02  3.6401E+02  1.6825E+02  5.7911E+01  1.3470E+01  1.6404E+00
  9.9075E+02  8.2990E+02  5.9202E+02  3.4753E+02  1.6107E+02  5.5747E+01  1.3073E+01  1.6030E+00
  9.4052E+02  7.8739E+02  5.6123E+02  3.2971E+02  1.5322E+02  5.3286E+01  1.2562E+01  1.5477E+00
  8.8788E+02  7.4290E+02  5.2887E+02  3.1093E+02  1.4491E+02  5.0628E+01  1.2025E+01  1.4971E+00
  8.3370E+02  6.9719E+02  4.9556E+02  2.9150E+02  1.3629E+02  4.7866E+01  1.1441E+01  1.4256E+00
  7.7874E+02  6.5090E+02  4.6190E+02  2.7168E+02  1.2745E+02  4.4989E+01  1.0789E+01  1.3497E+00
  7.2366E+02  6.0458E+02  4.2844E+02  2.5169E+02  1.1847E+02  4.2019E+01  1.0139E+01  1.2772E+00
  6.6907E+02  5.5872E+02  3.9554E+02  2.3175E+02  1.0943E+02  3.9013E+01  9.4549E+00  1.1874E+00
  6.1552E+02  5.1375E+02  3.6345E+02  2.1216E+02  1.0042E+02  3.5973E+01  8.7393E+00  1.1051E+00
  5.6347E+02  4.7008E+02  3.3238E+02  1.9326E+02  9.1548E+01  3.2924E+01  8.0421E+00  1.0193E+00
  5.1334E+02  4.2803E+02  3.0251E+02  1.7531E+02  8.2901E+01  2.9934E+01  7.3377E+00  9.2831E-01
  4.6543E+02  3.8788E+02  2.7400E+02  1.5843E+02  7.4581E+01  2.7038E+01  6.6427E+00  8.4951E-01
  4.1999E+02  3.4983E+02  2.4698E+02  1.4263E+02  6.6686E+01  2.4265E+01  5.9905E+00  7.6596E-01
  3.7721E+02  3.1404E+02  2.2156E+02  1.2785E+02  5.9313E+01  2.1651E+01  5.3622E+00  6.8842E-01
  3.3722E+02  2.8060E+02  1.9781E+02  1.1406E+02  5.2538E+01  1.9216E+01  4.7728E+00  6.1924E-01
  3.0012E+02  2.4958E+02  1.7575E+02  1.0127E+02  4.6389E+01  1.6961E+01  4.2371E+00  5.4787E-01
  2.6593E+02  2.2098E+02  1.5541E+02  8.9464E+01  4.0846E+01  1.4886E+01  3.7388E+00  4.8684E-01
  2.3461E+02  1.9478E+02  1.3676E+02  7.8644E+01  3.5860E+01  1.2996E+01  3.2817E+00  4.2972E-01
  2.0610E+02  1.7090E+02  1.1976E+02  6.8788E+01  3.1368E+01  1.1286E+01  2.8752E+00  3.7433E-01
  1.8028E+02  1.4926E+02  1.0437E+02  5.9867E+01  2.7315E+01  9.7474E+00  2.5041E+00  3.2870E-01
  1.5700E+02  1.2975E+02  9.0504E+01  5.1841E+01  2.3667E+01  8.3798E+00  2.1689E+00  2.8457E-01
  1.3610E+02  1.1224E+02  7.8087E+01  4.4667E+01  2.0403E+01  7.1784E+00  1.8766E+00  2.4488E-01
  1.1742E+02  9.6622E+01  6.7029E+01  3.8290E+01  1.7501E+01  6.1314E+00  1.6128E+00  2.1274E-01
  1.0079E+02  8.2747E+01  5.7237E+01  3.2657E+01  1.4938E+01  5.2263E+00  1.3763E+00  1.8122E-01
  8.6072E+01  7.0487E+01  4.8615E+01  2.7709E+01  1.2686E+01  4.4420E+00  1.1715E+00  1.5519E-01
  7.3097E+01  5.9710E+01  4.1068E+01  2.3389E+01  1.0718E+01  3.7599E+00  9.8858E-01  1.3359E-01
  6.1719E+01  5.0288E+01  3.4501E+01  1.9640E+01  9.0092E+00  3.1664E+00  8.2783E-01  1.1231E-01
  5.1794E+01  4.2097E+01  2.8821E+01  1.6405E+01  7.5329E+00  2.6515E+00  6.9122E-01  9.5706E-02
  4.3184E+01  3.5021E+01  2.3938E+01  1.3630E+01  6.2651E+00  2.2090E+00  5.7513E-01  8.0938E-02
  3.5761E+01  2.8949E+01  1.9768E+01  1.1264E+01  5.1827E+00  1.8316E+00  4.7629E-01  6.6769E-02
  2.9406E+01  2.3773E+01  1.6228E+01  9.2580E+00  4.2638E+00  1.5115E+00  3.9429E-01  5.5954E-02
  2.4007E+01  1.9394E+01  1.3242E+01  7.5670E+00  3.4884E+00  1.2416E+00  3.2633E-01  4.6306E-02
  1.9456E+01  1.5716E+01  1.0741E+01  6.1499E+00  2.8379E+00  1.0146E+00  2.6835E-01  3.7251E-02
  1.5654E+01  1.2649E+01  8.6600E+00  4.9694E+00  2.2955E+00  8.2499E-01  2.2013E-01  3.0889E-02
  1.2504E+01  1.0112E+01  6.9393E+00  3.9917E+00  1.8460E+00  6.6750E-01  1.7971E-01  2.5157E-02
  9.9153E+00  8.0281E+00  5.5264E+00  3.1868E+00  1.4759E+00  5.3743E-01  1.4550E-01  1.9805E-02
  7.8040E+00  6.3297E+00  4.3743E+00  2.5283E+00  1.1731E+00  4.3071E-01  1.1747E-01  1.6491E-02
  6.0966E+00  4.9570E+00  3.4412E+00  1.9930E+00  9.2692E-01  3.4354E-01  9.4248E-02  1.3223E-02
  4.7285E+00  3.8571E+00  2.6907E+00  1.5607E+00  7.2820E-01  2.7275E-01  7.5449E-02  1.0365E-02
  3.6433E+00  2.9836E+00  2.0911E+00  1.2140E+00  5.6886E-01  2.1558E-01  6.0176E-02  8.6200E-03
  2.7918E+00  2.2957E+00  1.6152E+00  9.3789E-01  4.4195E-01  1.6965E-01  4.7759E-02  6.8724E-03
  2.1306E+00  1.7582E+00  1.2399E+00  7.1964E-01  3.4155E-01  1.3296E-01  3.7852E-02  5.3516E-03
  1.6216E+00  1.3408E+00  9.4566E-01  5.4842E-01  2.6265E-01  1.0380E-01  2.9715E-02  4.3345E-03
  1.2320E+00  1.0183E+00  7.1648E-01  4.1513E-01  2.0106E-01  8.0727E-02  2.3339E-02  3.4475E-03
  9.3468E-01  7.6993E-01  5.3907E-01  3.1219E-01  1.5327E-01  6.2566E-02  1.8178E-02  2.5915E-03
  7.0753E-01  5.7904E-01  4.0262E-01  2.3333E-01  1.1642E-01  4.8332E-02  1.4138E-02  2.0623E-03
  5.3355E-01  4.3267E-01  2.9841E-01  1.7340E-01  8.8163E-02  3.7223E-02  1.0960E-02  1.5994E-03
  3.9997E-01  3.2079E-01  2.1945E-01  1.2822E-01  6.6611E-02  2.8588E-02  8.4452E-03  1.1825E-03
  2.9741E-01  2.3570E-01  1.6013E-01  9.4434E-02  5.0249E-02  2.1895E-02  6.5037E-03  9.4612E-04
  2.1894E-01  1.7147E-01  1.1600E-01  6.9370E-02  3.7882E-02  1.6734E-02  4.9733E-03  6.9934E-04
  1.5937E-01  1.2347E-01  8.3518E-02  5.0910E-02  2.8552E-02  1.2746E-02  3.7935E-03  5.5123E-04
  1.1469E-01  8.8062E-02  5.9891E-02  3.7416E-02  2.1558E-02  9.7077E-03  2.8905E-03  4.1039E-04
  8.1692E-02  6.2335E-02  4.2908E-02  2.7579E-02  1.6253E-02  7.3365E-03  2.1795E-03  3.1688E-04
  5.7779E-02  4.3968E-02  3.0856E-02  2.0500E-02  1.2364E-02  5.5908E-03  1.6622E-03  2.4456E-04
  4.0806E-02  3.1098E-02  2.2356E-02  1.5237E-02  9.2434E-03  4.1532E-03  1.2253E-03  1.6998E-04
  2.9012E-02  2.2248E-02  1.6523E-02  1.1713E-02  7.2299E-03  3.2372E-03  9.5853E-04  1.4759E-04
  2.0959E-02  1.6198E-02  1.2140E-02  8.4897E-03  5.1381E-03  2.2677E-03  6.6808E-04  8.3892E-05
  1.5491E-02  1.2308E-02  9.9900E-03  7.4976E-03  4.5259E-03  1.9442E-03  5.5121E-04  8.4631E-05
  1.1772E-02  9.0307E-03  6.7822E-03  4.6423E-03  2.6858E-03  1.2164E-03  3.8634E-04  4.9456E-05
