# CREATED BY GENE DIAGNOSTICS TOOL on Sat May 17 20:38:26 2025 /home/unix/ottink/gene/diagnostics
# diag: vsp1, run(s): ky03v1, time window: 98.6-98.61576(1 steps), species: e
# original data path: /Differ/Data/IMT/lottink/Tokamak_nTEM/vgrid/
# normalization: L_ref=1.65m
#
# vpar
 -3.0000E+00
 -2.9528E+00
 -2.9055E+00
 -2.8583E+00
 -2.8110E+00
 -2.7638E+00
 -2.7165E+00
 -2.6693E+00
 -2.6220E+00
 -2.5748E+00
 -2.5276E+00
 -2.4803E+00
 -2.4331E+00
 -2.3858E+00
 -2.3386E+00
 -2.2913E+00
 -2.2441E+00
 -2.1969E+00
 -2.1496E+00
 -2.1024E+00
 -2.0551E+00
 -2.0079E+00
 -1.9606E+00
 -1.9134E+00
 -1.8661E+00
 -1.8189E+00
 -1.7717E+00
 -1.7244E+00
 -1.6772E+00
 -1.6299E+00
 -1.5827E+00
 -1.5354E+00
 -1.4882E+00
 -1.4409E+00
 -1.3937E+00
 -1.3465E+00
 -1.2992E+00
 -1.2520E+00
 -1.2047E+00
 -1.1575E+00
 -1.1102E+00
 -1.0630E+00
 -1.0157E+00
 -9.6850E-01
 -9.2126E-01
 -8.7402E-01
 -8.2677E-01
 -7.7953E-01
 -7.3228E-01
 -6.8504E-01
 -6.3780E-01
 -5.9055E-01
 -5.4331E-01
 -4.9606E-01
 -4.4882E-01
 -4.0157E-01
 -3.5433E-01
 -3.0709E-01
 -2.5984E-01
 -2.1260E-01
 -1.6535E-01
 -1.1811E-01
 -7.0866E-02
 -2.3622E-02
  2.3622E-02
  7.0866E-02
  1.1811E-01
  1.6535E-01
  2.1260E-01
  2.5984E-01
  3.0709E-01
  3.5433E-01
  4.0157E-01
  4.4882E-01
  4.9606E-01
  5.4331E-01
  5.9055E-01
  6.3780E-01
  6.8504E-01
  7.3228E-01
  7.7953E-01
  8.2677E-01
  8.7402E-01
  9.2126E-01
  9.6850E-01
  1.0157E+00
  1.0630E+00
  1.1102E+00
  1.1575E+00
  1.2047E+00
  1.2520E+00
  1.2992E+00
  1.3465E+00
  1.3937E+00
  1.4409E+00
  1.4882E+00
  1.5354E+00
  1.5827E+00
  1.6299E+00
  1.6772E+00
  1.7244E+00
  1.7717E+00
  1.8189E+00
  1.8661E+00
  1.9134E+00
  1.9606E+00
  2.0079E+00
  2.0551E+00
  2.1024E+00
  2.1496E+00
  2.1969E+00
  2.2441E+00
  2.2913E+00
  2.3386E+00
  2.3858E+00
  2.4331E+00
  2.4803E+00
  2.5276E+00
  2.5748E+00
  2.6220E+00
  2.6693E+00
  2.7165E+00
  2.7638E+00
  2.8110E+00
  2.8583E+00
  2.9055E+00
  2.9528E+00
  3.0000E+00


# mu
  5.5286E-02
  2.9341E-01
  7.3088E-01
  1.3853E+00
  2.2877E+00
  3.4931E+00
  5.1107E+00
  7.4232E+00


# trapped boundary
#  mu         vpar      
  5.5286E-02 -1.3503E-01
  5.5286E-02  1.4677E-01
  2.9341E-01 -3.2290E-01
  2.9341E-01  3.3464E-01
  7.3088E-01 -5.1076E-01
  7.3088E-01  5.2251E-01
  1.3853E+00 -7.1037E-01
  1.3853E+00  7.2211E-01
  2.2877E+00 -9.2172E-01
  2.2877E+00  9.3346E-01
  3.4931E+00 -1.1331E+00
  3.4931E+00  1.1448E+00
  5.1107E+00 -1.3679E+00
  5.1107E+00  1.3796E+00
  7.4232E+00 -1.6614E+00
  7.4232E+00  1.6732E+00


# , time = 98.61576, var = <|f|^2>^(1/2) , z = 0
  2.9309E+08  2.6214E+08  2.0723E+08  1.3572E+08  6.8598E+07  2.5866E+07  7.8630E+06  8.9799E+06
  3.8173E+08  3.1151E+08  2.1231E+08  1.1891E+08  5.3352E+07  1.8681E+07  4.8884E+06  1.2608E+07
  5.0566E+08  4.1898E+08  2.9891E+08  1.8316E+08  9.3690E+07  3.6529E+07  9.7896E+06  7.6307E+06
  6.6551E+08  5.5045E+08  3.8835E+08  2.2908E+08  1.0907E+08  3.9645E+07  1.1994E+07  8.4556E+06
  8.7198E+08  7.2120E+08  5.0983E+08  3.0404E+08  1.4924E+08  5.7589E+07  1.8787E+07  7.9913E+06
  1.1373E+09  9.4043E+08  6.6440E+08  3.9519E+08  1.9162E+08  7.1558E+07  1.7782E+07  2.0004E+07
  1.4765E+09  1.2207E+09  8.6228E+08  5.1321E+08  2.4997E+08  9.4948E+07  2.6365E+07  2.4061E+07
  1.9082E+09  1.5774E+09  1.1139E+09  6.6292E+08  3.2290E+08  1.2188E+08  4.2015E+07  2.1886E+07
  2.4547E+09  2.0289E+09  1.4325E+09  8.5252E+08  4.1559E+08  1.5746E+08  5.0350E+07  2.2181E+07
  3.1434E+09  2.5979E+09  1.8339E+09  1.0914E+09  5.3242E+08  2.0197E+08  4.9193E+07  2.9717E+07
  4.0068E+09  3.3112E+09  2.3371E+09  1.3908E+09  6.7890E+08  2.5790E+08  7.8469E+07  3.3610E+07
  5.0840E+09  4.2012E+09  2.9650E+09  1.7644E+09  8.6181E+08  3.2799E+08  1.1640E+08  3.8714E+07
  6.4216E+09  5.3064E+09  3.7446E+09  2.2284E+09  1.0890E+09  4.1501E+08  1.1932E+08  3.8853E+07
  8.0742E+09  6.6721E+09  4.7081E+09  2.8017E+09  1.3699E+09  5.2289E+08  1.2686E+08  3.9819E+07
  1.0106E+10  8.3514E+09  5.8930E+09  3.5070E+09  1.7156E+09  6.5577E+08  1.9625E+08  3.9256E+07
  1.2592E+10  1.0407E+10  7.3434E+09  4.3704E+09  2.1390E+09  8.1878E+08  2.5772E+08  4.0238E+07
  1.5620E+10  1.2909E+10  9.1102E+09  5.4224E+09  2.6551E+09  1.0174E+09  2.7874E+08  3.0977E+07
  1.9289E+10  1.5943E+10  1.1252E+10  6.6981E+09  3.2813E+09  1.2594E+09  3.7967E+08  5.1175E+07
  2.3714E+10  1.9603E+10  1.3836E+10  8.2377E+09  4.0373E+09  1.5521E+09  4.0264E+08  7.3853E+07
  2.9024E+10  2.3995E+10  1.6940E+10  1.0087E+10  4.9460E+09  1.9015E+09  6.0557E+08  1.1667E+08
  3.5366E+10  2.9243E+10  2.0648E+10  1.2298E+10  6.0330E+09  2.3234E+09  6.4791E+08  1.4209E+08
  4.2905E+10  3.5482E+10  2.5059E+10  1.4929E+10  7.3273E+09  2.8310E+09  8.3757E+08  1.5521E+08
  5.1823E+10  4.2864E+10  3.0280E+10  1.8045E+10  8.8612E+09  3.4216E+09  9.4304E+08  1.8370E+08
  6.2321E+10  5.1557E+10  3.6430E+10  2.1717E+10  1.0671E+10  4.1120E+09  1.1150E+09  2.4409E+08
  7.4620E+10  6.1744E+10  4.3641E+10  2.6025E+10  1.2795E+10  4.9713E+09  1.2878E+09  3.1465E+08
  8.8959E+10  7.3625E+10  5.2055E+10  3.1056E+10  1.5278E+10  5.9524E+09  1.6214E+09  4.0567E+08
  1.0560E+11  8.7413E+10  6.1826E+10  3.6902E+10  1.8167E+10  7.0203E+09  2.2120E+09  4.2648E+08
  1.2480E+11  1.0334E+11  7.3118E+10  4.3663E+10  2.1509E+10  8.3835E+09  2.9060E+09  4.2042E+08
  1.4687E+11  1.2164E+11  8.6106E+10  5.1447E+10  2.5374E+10  9.9960E+09  3.3539E+09  3.3718E+08
  1.7211E+11  1.4258E+11  1.0097E+11  6.0366E+10  2.9773E+10  1.1670E+10  3.4927E+09  2.4391E+08
  2.0082E+11  1.6642E+11  1.1791E+11  7.0536E+10  3.4887E+10  1.3486E+10  4.1127E+09  2.0549E+08
  2.3333E+11  1.9342E+11  1.3711E+11  8.2080E+10  4.0504E+10  1.5511E+10  5.3396E+09  2.7754E+08
  2.6996E+11  2.2385E+11  1.5877E+11  9.5122E+10  4.7269E+10  1.8828E+10  6.4914E+09  3.3164E+08
  3.1102E+11  2.5799E+11  1.8308E+11  1.0978E+11  5.4169E+10  2.3077E+10  6.9462E+09  4.2652E+08
  3.5684E+11  2.9610E+11  2.1026E+11  1.2621E+11  6.3083E+10  2.7056E+10  5.8603E+09  5.1264E+08
  4.0769E+11  3.3842E+11  2.4047E+11  1.4447E+11  7.1443E+10  2.8899E+10  4.4540E+09  5.6811E+08
  4.6385E+11  3.8520E+11  2.7391E+11  1.6481E+11  8.2600E+10  3.2014E+10  4.2708E+09  6.8321E+08
  5.2557E+11  4.3664E+11  3.1074E+11  1.8706E+11  9.2883E+10  3.9459E+10  5.5533E+09  7.6522E+08
  5.9306E+11  4.9293E+11  3.5111E+11  2.1202E+11  1.0669E+11  4.7419E+10  6.5194E+09  8.8202E+08
  6.6647E+11  5.5422E+11  3.9514E+11  2.3830E+11  1.2130E+11  4.5732E+10  7.5765E+09  1.0650E+09
  7.4592E+11  6.2062E+11  4.4296E+11  2.6888E+11  1.3660E+11  3.5827E+10  8.7435E+09  1.2095E+09
  8.3146E+11  6.9221E+11  4.9463E+11  2.9909E+11  1.4954E+11  3.7879E+10  9.6997E+09  1.4558E+09
  9.2310E+11  7.6900E+11  5.5026E+11  3.3598E+11  1.7149E+11  4.5655E+10  1.1242E+10  1.6821E+09
  1.0208E+12  8.5098E+11  6.0977E+11  3.7096E+11  1.9698E+11  5.3425E+10  1.3071E+10  1.8923E+09
  1.1243E+12  9.3806E+11  6.7354E+11  4.1223E+11  1.9205E+11  5.9540E+10  1.4847E+10  2.2274E+09
  1.2335E+12  1.0301E+12  7.4077E+11  4.5313E+11  1.7324E+11  6.5891E+10  1.7384E+10  2.4321E+09
  1.3482E+12  1.1271E+12  8.1336E+11  5.0303E+11  2.1700E+11  7.5446E+10  1.9734E+10  2.8389E+09
  1.4679E+12  1.2287E+12  8.8807E+11  5.5973E+11  2.4555E+11  8.6146E+10  2.1942E+10  3.1848E+09
  1.5924E+12  1.3349E+12  9.7029E+11  5.9206E+11  2.5994E+11  9.6958E+10  2.5222E+10  3.5753E+09
  1.7212E+12  1.4455E+12  1.0537E+12  5.7316E+11  2.9510E+11  1.0960E+11  2.7720E+10  4.0995E+09
  1.8540E+12  1.5606E+12  1.1504E+12  6.6938E+11  3.2864E+11  1.2230E+11  3.1399E+10  4.4334E+09
  1.9905E+12  1.6804E+12  1.2590E+12  7.9195E+11  3.6663E+11  1.3356E+11  3.5360E+10  4.9874E+09
  2.1307E+12  1.8058E+12  1.3447E+12  7.9633E+11  4.0438E+11  1.4996E+11  3.8436E+10  5.3445E+09
  2.2745E+12  1.9384E+12  1.3628E+12  8.7074E+11  4.3536E+11  1.6609E+11  4.2917E+10  5.7926E+09
  2.4226E+12  2.0859E+12  1.5382E+12  9.8471E+11  4.8162E+11  1.8021E+11  4.5744E+10  6.2397E+09
  2.5763E+12  2.2633E+12  1.7565E+12  1.0301E+12  5.2128E+11  1.9814E+11  4.9188E+10  6.6446E+09
  2.7382E+12  2.4472E+12  1.7287E+12  1.1144E+12  5.6017E+11  2.0937E+11  5.2510E+10  7.0407E+09
  2.9133E+12  2.5405E+12  1.8473E+12  1.1723E+12  6.0388E+11  2.2141E+11  5.5580E+10  7.5978E+09
  3.1128E+12  2.7752E+12  2.0353E+12  1.2314E+12  6.2697E+11  2.3321E+11  5.7825E+10  7.6738E+09
  3.3790E+12  2.9723E+12  1.9959E+12  1.3131E+12  6.5127E+11  2.4553E+11  6.2453E+10  8.4494E+09
  3.7779E+12  2.7977E+12  2.1047E+12  1.3220E+12  6.6913E+11  2.4802E+11  6.1483E+10  8.1263E+09
  4.1280E+12  2.9355E+12  2.1143E+12  1.3713E+12  7.0742E+11  2.6662E+11  6.6644E+10  8.7898E+09
  4.2233E+12  2.9060E+12  2.0860E+12  1.3374E+12  6.8169E+11  2.5347E+11  6.2344E+10  8.0949E+09
  3.4093E+12  2.6546E+12  2.1253E+12  1.3228E+12  6.5024E+11  2.3311E+11  5.4861E+10  6.7137E+09
  2.6160E+12  2.5743E+12  2.1309E+12  1.4150E+12  7.5409E+11  2.9548E+11  7.7432E+10  1.0875E+10
  2.5878E+12  2.5421E+12  1.9910E+12  1.3472E+12  7.0867E+11  2.7091E+11  6.8750E+10  9.3291E+09
  1.9994E+12  2.4448E+12  1.9856E+12  1.3184E+12  6.6617E+11  2.4900E+11  6.2355E+10  8.3776E+09
  1.2651E+12  2.1477E+12  1.9266E+12  1.2771E+12  6.6860E+11  2.5544E+11  6.4508E+10  8.6829E+09
  1.4605E+12  2.2925E+12  1.7941E+12  1.2499E+12  6.4882E+11  2.4159E+11  5.9550E+10  7.8674E+09
  1.6437E+12  2.0475E+12  1.8272E+12  1.1804E+12  6.2008E+11  2.3462E+11  5.9439E+10  8.0579E+09
  1.7479E+12  1.3595E+12  1.6369E+12  1.1310E+12  5.8753E+11  2.2405E+11  5.6213E+10  7.4450E+09
  1.8089E+12  1.2704E+12  1.5068E+12  1.0675E+12  5.5838E+11  2.1137E+11  5.3285E+10  7.2487E+09
  1.8376E+12  1.4135E+12  1.5770E+12  9.8552E+11  5.1817E+11  1.9535E+11  5.0142E+10  6.8287E+09
  1.8415E+12  1.4654E+12  1.3347E+12  9.5199E+11  4.7776E+11  1.8397E+11  4.6788E+10  6.3820E+09
  1.8257E+12  1.4695E+12  9.4556E+11  8.4212E+11  4.3988E+11  1.6741E+11  4.2533E+10  5.9467E+09
  1.7942E+12  1.4551E+12  9.1587E+11  7.7259E+11  4.0793E+11  1.5246E+11  3.9780E+10  5.4989E+09
  1.7499E+12  1.4259E+12  9.5659E+11  7.8585E+11  3.6976E+11  1.3996E+11  3.5606E+10  4.9482E+09
  1.6952E+12  1.3860E+12  9.5091E+11  6.5520E+11  3.3569E+11  1.2438E+11  3.2450E+10  4.6045E+09
  1.6321E+12  1.3375E+12  9.2293E+11  4.8070E+11  3.0595E+11  1.1268E+11  2.9435E+10  4.0548E+09
  1.5623E+12  1.2824E+12  8.9162E+11  4.7761E+11  2.7193E+11  1.0206E+11  2.5667E+10  3.7302E+09
  1.4874E+12  1.2224E+12  8.5112E+11  4.8708E+11  2.5696E+11  9.0032E+10  2.3291E+10  3.3212E+09
  1.4087E+12  1.1588E+12  8.0974E+11  4.6750E+11  2.2957E+11  7.9764E+10  2.0318E+10  2.9176E+09
  1.3274E+12  1.0927E+12  7.6414E+11  4.4225E+11  1.7355E+11  7.1047E+10  1.7904E+10  2.6446E+09
  1.2447E+12  1.0252E+12  7.1804E+11  4.1950E+11  1.7604E+11  6.3217E+10  1.6048E+10  2.2226E+09
  1.1616E+12  9.5712E+11  6.7082E+11  3.9285E+11  1.8766E+11  5.7634E+10  1.3783E+10  1.9957E+09
  1.0789E+12  8.8931E+11  6.2373E+11  3.6765E+11  1.7432E+11  5.1706E+10  1.2029E+10  1.6993E+09
  9.9754E+11  8.2243E+11  5.7708E+11  3.3871E+11  1.5896E+11  4.2123E+10  1.0552E+10  1.4685E+09
  9.1806E+11  7.5707E+11  5.3141E+11  3.1350E+11  1.4871E+11  3.9102E+10  9.0635E+09  1.3126E+09
  8.4110E+11  6.9373E+11  4.8708E+11  2.8647E+11  1.3706E+11  4.7072E+10  8.2459E+09  1.0985E+09
  7.6716E+11  6.3283E+11  4.4442E+11  2.6203E+11  1.2581E+11  4.9733E+10  7.4298E+09  9.6969E+08
  6.9662E+11  5.7471E+11  4.0365E+11  2.3774E+11  1.1393E+11  4.3110E+10  6.2304E+09  8.2195E+08
  6.2979E+11  5.1962E+11  3.6499E+11  2.1512E+11  1.0380E+11  3.6961E+10  5.4655E+09  6.7615E+08
  5.6689E+11  4.6775E+11  3.2858E+11  1.9360E+11  9.2902E+10  3.4430E+10  5.5810E+09  6.0717E+08
  5.0805E+11  4.1923E+11  2.9450E+11  1.7353E+11  8.3740E+10  3.2301E+10  6.9134E+09  5.0869E+08
  4.5337E+11  3.7411E+11  2.6280E+11  1.5483E+11  7.4294E+10  2.8516E+10  7.6479E+09  4.5780E+08
  4.0284E+11  3.3241E+11  2.3349E+11  1.3755E+11  6.6284E+10  2.4735E+10  7.2986E+09  4.1647E+08
  3.5641E+11  2.9410E+11  2.0656E+11  1.2166E+11  5.8428E+10  2.1560E+10  5.9981E+09  3.4263E+08
  3.1400E+11  2.5909E+11  1.8195E+11  1.0713E+11  5.1533E+10  1.9215E+10  4.9465E+09  3.3131E+08
  2.7547E+11  2.2728E+11  1.5959E+11  9.3937E+10  4.5120E+10  1.6904E+10  4.5723E+09  3.6932E+08
  2.4065E+11  1.9853E+11  1.3937E+11  8.2011E+10  3.9393E+10  1.4772E+10  4.3383E+09  4.4723E+08
  2.0935E+11  1.7269E+11  1.2120E+11  7.1290E+10  3.4217E+10  1.2849E+10  3.8174E+09  4.9467E+08
  1.8136E+11  1.4958E+11  1.0495E+11  6.1704E+10  2.9601E+10  1.0993E+10  3.0487E+09  5.0827E+08
  1.5646E+11  1.2902E+11  9.0499E+10  5.3177E+10  2.5493E+10  9.5399E+09  2.4311E+09  4.3202E+08
  1.3442E+11  1.1083E+11  7.7704E+10  4.5632E+10  2.1860E+10  8.1689E+09  2.0848E+09  3.6432E+08
  1.1500E+11  9.4797E+10  6.6437E+10  3.8990E+10  1.8663E+10  6.9576E+09  1.8266E+09  2.9705E+08
  9.7987E+10  8.0749E+10  5.6563E+10  3.3171E+10  1.5863E+10  5.9059E+09  1.5462E+09  2.5360E+08
  8.3145E+10  6.8497E+10  4.7954E+10  2.8099E+10  1.3425E+10  4.9973E+09  1.3786E+09  2.4011E+08
  7.0260E+10  5.7862E+10  4.0483E+10  2.3700E+10  1.1312E+10  4.2103E+09  1.1318E+09  2.0314E+08
  5.9127E+10  4.8674E+10  3.4031E+10  1.9903E+10  9.4891E+09  3.5272E+09  9.8118E+08  1.6379E+08
  4.9552E+10  4.0775E+10  2.8486E+10  1.6642E+10  7.9250E+09  2.9431E+09  7.4115E+08  1.1571E+08
  4.1357E+10  3.4014E+10  2.3742E+10  1.3855E+10  6.5894E+09  2.4460E+09  6.8895E+08  8.3056E+07
  3.4373E+10  2.8255E+10  1.9704E+10  1.1484E+10  5.4545E+09  2.0232E+09  5.2700E+08  7.6341E+07
  2.8450E+10  2.3372E+10  1.6282E+10  9.4768E+09  4.4949E+09  1.6659E+09  4.7356E+08  7.9957E+07
  2.3448E+10  1.9251E+10  1.3396E+10  7.7856E+09  3.6875E+09  1.3659E+09  3.7418E+08  6.6295E+07
  1.9244E+10  1.5788E+10  1.0973E+10  6.3677E+09  3.0114E+09  1.1148E+09  2.8901E+08  6.4777E+07
  1.5727E+10  1.2892E+10  8.9484E+09  5.1844E+09  2.4481E+09  9.0591E+08  2.4656E+08  5.3502E+07
  1.2796E+10  1.0481E+10  7.2649E+09  4.2018E+09  1.9810E+09  7.3261E+08  2.0634E+08  4.5775E+07
  1.0367E+10  8.4835E+09  5.8714E+09  3.3898E+09  1.5957E+09  5.9036E+08  1.6113E+08  3.6071E+07
  8.3612E+09  6.8356E+09  4.7235E+09  2.7220E+09  1.2792E+09  4.7250E+08  1.2909E+08  3.2975E+07
  6.7132E+09  5.4828E+09  3.7824E+09  2.1756E+09  1.0213E+09  3.7820E+08  1.0697E+08  2.2910E+07
  5.3655E+09  4.3773E+09  3.0146E+09  1.7305E+09  8.1036E+08  2.9784E+08  8.1719E+07  2.6866E+07
  4.2683E+09  3.4783E+09  2.3913E+09  1.3704E+09  6.4248E+08  2.3865E+08  6.8328E+07  2.3704E+07
  3.3794E+09  2.7507E+09  1.8875E+09  1.0786E+09  5.0051E+08  1.8137E+08  5.1621E+07  2.2169E+07
  2.6628E+09  2.1648E+09  1.4836E+09  8.4931E+08  3.9904E+08  1.5092E+08  4.4402E+07  1.2443E+07
  2.0878E+09  1.6952E+09  1.1572E+09  6.5043E+08  2.9095E+08  1.0412E+08  2.8855E+07  7.7370E+06
  1.6291E+09  1.3237E+09  9.1005E+08  5.2573E+08  2.5458E+08  9.9890E+07  3.0513E+07  9.9611E+06
  1.2638E+09  1.0097E+09  6.5252E+08  3.3449E+08  1.4253E+08  5.1049E+07  1.4486E+07  5.5409E+06
  9.8069E+08  8.2296E+08  6.0041E+08  3.7371E+08  1.8845E+08  7.3481E+07  2.2391E+07  7.9795E+06
