# CREATED BY GENE DIAGNOSTICS TOOL on Sat May 17 18:01:43 2025 /home/unix/ottink/gene/diagnostics
# diag: vsp1, run(s): vim010vep020, time window: 114.7-114.71496(1 steps), species: e
# original data path: /Differ/Data/IMT/lottink/Tokamak_nTEM/vres_scan/v1/
# normalization: L_ref=1.65m
#
# vpar
 -3.0000E+00
 -2.9528E+00
 -2.9055E+00
 -2.8583E+00
 -2.8110E+00
 -2.7638E+00
 -2.7165E+00
 -2.6693E+00
 -2.6220E+00
 -2.5748E+00
 -2.5276E+00
 -2.4803E+00
 -2.4331E+00
 -2.3858E+00
 -2.3386E+00
 -2.2913E+00
 -2.2441E+00
 -2.1969E+00
 -2.1496E+00
 -2.1024E+00
 -2.0551E+00
 -2.0079E+00
 -1.9606E+00
 -1.9134E+00
 -1.8661E+00
 -1.8189E+00
 -1.7717E+00
 -1.7244E+00
 -1.6772E+00
 -1.6299E+00
 -1.5827E+00
 -1.5354E+00
 -1.4882E+00
 -1.4409E+00
 -1.3937E+00
 -1.3465E+00
 -1.2992E+00
 -1.2520E+00
 -1.2047E+00
 -1.1575E+00
 -1.1102E+00
 -1.0630E+00
 -1.0157E+00
 -9.6850E-01
 -9.2126E-01
 -8.7402E-01
 -8.2677E-01
 -7.7953E-01
 -7.3228E-01
 -6.8504E-01
 -6.3780E-01
 -5.9055E-01
 -5.4331E-01
 -4.9606E-01
 -4.4882E-01
 -4.0157E-01
 -3.5433E-01
 -3.0709E-01
 -2.5984E-01
 -2.1260E-01
 -1.6535E-01
 -1.1811E-01
 -7.0866E-02
 -2.3622E-02
  2.3622E-02
  7.0866E-02
  1.1811E-01
  1.6535E-01
  2.1260E-01
  2.5984E-01
  3.0709E-01
  3.5433E-01
  4.0157E-01
  4.4882E-01
  4.9606E-01
  5.4331E-01
  5.9055E-01
  6.3780E-01
  6.8504E-01
  7.3228E-01
  7.7953E-01
  8.2677E-01
  8.7402E-01
  9.2126E-01
  9.6850E-01
  1.0157E+00
  1.0630E+00
  1.1102E+00
  1.1575E+00
  1.2047E+00
  1.2520E+00
  1.2992E+00
  1.3465E+00
  1.3937E+00
  1.4409E+00
  1.4882E+00
  1.5354E+00
  1.5827E+00
  1.6299E+00
  1.6772E+00
  1.7244E+00
  1.7717E+00
  1.8189E+00
  1.8661E+00
  1.9134E+00
  1.9606E+00
  2.0079E+00
  2.0551E+00
  2.1024E+00
  2.1496E+00
  2.1969E+00
  2.2441E+00
  2.2913E+00
  2.3386E+00
  2.3858E+00
  2.4331E+00
  2.4803E+00
  2.5276E+00
  2.5748E+00
  2.6220E+00
  2.6693E+00
  2.7165E+00
  2.7638E+00
  2.8110E+00
  2.8583E+00
  2.9055E+00
  2.9528E+00
  3.0000E+00


# mu
  5.5286E-02
  2.9341E-01
  7.3088E-01
  1.3853E+00
  2.2877E+00
  3.4931E+00
  5.1107E+00
  7.4232E+00


# trapped boundary
#  mu         vpar      
  5.5286E-02 -1.3503E-01
  5.5286E-02  1.4677E-01
  2.9341E-01 -3.2290E-01
  2.9341E-01  3.3464E-01
  7.3088E-01 -5.1076E-01
  7.3088E-01  5.2251E-01
  1.3853E+00 -7.1037E-01
  1.3853E+00  7.2211E-01
  2.2877E+00 -9.2172E-01
  2.2877E+00  9.3346E-01
  3.4931E+00 -1.1331E+00
  3.4931E+00  1.1448E+00
  5.1107E+00 -1.3679E+00
  5.1107E+00  1.3796E+00
  7.4232E+00 -1.6614E+00
  7.4232E+00  1.6732E+00


# , time = 114.71496, var = <|f|^2>^(1/2) , z = 0
  2.3595E+00  2.1000E+00  1.6589E+00  1.0879E+00  5.4674E-01  2.0145E-01  5.6317E-02  9.2776E-02
  3.1090E+00  2.5409E+00  1.7472E+00  1.0035E+00  4.5900E-01  1.5878E-01  3.8652E-02  1.6084E-01
  4.1487E+00  3.4365E+00  2.4502E+00  1.5002E+00  7.6647E-01  2.9123E-01  7.4053E-02  1.3975E-01
  5.5023E+00  4.5509E+00  3.2168E+00  1.9081E+00  9.1849E-01  3.3182E-01  1.0004E-01  1.0979E-01
  7.2639E+00  6.0074E+00  4.2521E+00  2.5404E+00  1.2453E+00  4.7318E-01  1.3827E-01  9.9015E-02
  9.5446E+00  7.8920E+00  5.5832E+00  3.3315E+00  1.6197E+00  6.0122E-01  1.5314E-01  2.7822E-01
  1.2483E+01  1.0320E+01  7.2993E+00  4.3567E+00  2.1226E+00  7.9606E-01  2.5412E-01  4.0659E-01
  1.6250E+01  1.3432E+01  9.4987E+00  5.6702E+00  2.7667E+00  1.0348E+00  3.4199E-01  5.3328E-01
  2.1054E+01  1.7403E+01  1.2304E+01  7.3457E+00  3.5870E+00  1.3446E+00  4.0827E-01  5.7794E-01
  2.7154E+01  2.2443E+01  1.5867E+01  9.4734E+00  4.6324E+00  1.7429E+00  5.2325E-01  6.7136E-01
  3.4859E+01  2.8811E+01  2.0367E+01  1.2162E+01  5.9529E+00  2.2443E+00  7.4559E-01  6.2932E-01
  4.4545E+01  3.6818E+01  2.6027E+01  1.5544E+01  7.6169E+00  2.8818E+00  1.0099E+00  5.5502E-01
  5.6663E+01  4.6837E+01  3.3110E+01  1.9779E+01  9.7015E+00  3.6800E+00  1.0163E+00  4.6663E-01
  7.1750E+01  5.9313E+01  4.1934E+01  2.5055E+01  1.2302E+01  4.6804E+00  1.2635E+00  4.7968E-01
  9.0443E+01  7.4777E+01  5.2873E+01  3.1599E+01  1.5531E+01  5.9245E+00  1.9312E+00  4.5050E-01
  1.1350E+02  9.3851E+01  6.6372E+01  3.9679E+01  1.9521E+01  7.4694E+00  2.4452E+00  5.8161E-01
  1.4179E+02  1.1727E+02  8.2951E+01  4.9607E+01  2.4430E+01  9.3691E+00  2.5206E+00  3.4238E-01
  1.7635E+02  1.4588E+02  1.0322E+02  6.1752E+01  3.0442E+01  1.1710E+01  4.9891E+00  6.4261E-01
  2.1836E+02  1.8068E+02  1.2788E+02  7.6539E+01  3.7769E+01  1.4571E+01  4.5566E+00  7.4210E-01
  2.6919E+02  2.2280E+02  1.5775E+02  9.4461E+01  4.6661E+01  1.8023E+01  7.7021E+00  1.1803E+00
  3.3041E+02  2.7355E+02  1.9376E+02  1.1608E+02  5.7402E+01  2.2250E+01  6.5047E+00  1.4435E+00
  4.0379E+02  3.3440E+02  2.3697E+02  1.4205E+02  7.0318E+01  2.7395E+01  8.6828E+00  1.6317E+00
  4.9133E+02  4.0703E+02  2.8858E+02  1.7310E+02  8.5781E+01  3.3370E+01  9.3694E+00  1.9785E+00
  5.9527E+02  4.9331E+02  3.4993E+02  2.1004E+02  1.0421E+02  4.0623E+01  1.2052E+01  2.9069E+00
  7.1811E+02  5.9533E+02  4.2254E+02  2.5381E+02  1.2608E+02  4.9837E+01  1.3385E+01  3.6898E+00
  8.6260E+02  7.1540E+02  5.0806E+02  3.0542E+02  1.5190E+02  6.0358E+01  1.7017E+01  5.0228E+00
  1.0318E+03  8.5605E+02  6.0834E+02  3.6602E+02  1.8232E+02  7.1797E+01  2.2948E+01  4.9676E+00
  1.2289E+03  1.0201E+03  7.2538E+02  4.3683E+02  2.1781E+02  8.8504E+01  3.1070E+01  4.8133E+00
  1.4575E+03  1.2104E+03  8.6135E+02  5.1923E+02  2.5956E+02  1.0499E+02  3.7425E+01  3.3543E+00
  1.7215E+03  1.4302E+03  1.0186E+03  6.1467E+02  3.0709E+02  1.2228E+02  3.9694E+01  2.0275E+00
  2.0248E+03  1.6831E+03  1.1996E+03  7.2474E+02  3.6438E+02  1.4476E+02  4.8551E+01  1.8300E+00
  2.3717E+03  1.9724E+03  1.4071E+03  8.5111E+02  4.2524E+02  1.6758E+02  6.5210E+01  3.9702E+00
  2.7665E+03  2.3020E+03  1.6437E+03  9.9560E+02  5.0563E+02  2.0771E+02  7.7961E+01  4.5892E+00
  3.2139E+03  2.6758E+03  1.9125E+03  1.1600E+03  5.7871E+02  2.5956E+02  8.3118E+01  6.0806E+00
  3.7184E+03  3.0976E+03  2.2163E+03  1.3466E+03  6.9244E+02  3.1449E+02  6.5400E+01  7.3983E+00
  4.2847E+03  3.5716E+03  2.5583E+03  1.5565E+03  7.7915E+02  3.3690E+02  4.5175E+01  7.9901E+00
  4.9175E+03  4.1018E+03  2.9416E+03  1.7948E+03  9.2551E+02  3.8105E+02  4.4908E+01  9.8789E+00
  5.6213E+03  4.6921E+03  3.3692E+03  2.0559E+03  1.0390E+03  4.7649E+02  6.8516E+01  1.0867E+01
  6.4004E+03  5.3464E+03  3.8445E+03  2.3609E+03  1.2271E+03  5.7537E+02  8.0067E+01  1.2272E+01
  7.2590E+03  6.0684E+03  4.3704E+03  2.6723E+03  1.4143E+03  5.5025E+02  9.5125E+01  1.4898E+01
  8.2009E+03  6.8618E+03  4.9502E+03  3.0693E+03  1.6283E+03  4.1245E+02  1.1262E+02  1.6267E+01
  9.2297E+03  7.7298E+03  5.5868E+03  3.4273E+03  1.7944E+03  4.4161E+02  1.2369E+02  1.9743E+01
  1.0348E+04  8.6757E+03  6.2843E+03  3.9348E+03  2.0961E+03  5.3524E+02  1.4490E+02  2.2642E+01
  1.1560E+04  9.7024E+03  7.0435E+03  4.3706E+03  2.4490E+03  6.4636E+02  1.6924E+02  2.4984E+01
  1.2866E+04  1.0813E+04  7.8761E+03  4.9648E+03  2.4197E+03  7.2914E+02  1.8845E+02  2.9959E+01
  1.4270E+04  1.2010E+04  8.7674E+03  5.5366E+03  2.1323E+03  8.0951E+02  2.2343E+02  3.1525E+01
  1.5772E+04  1.3296E+04  9.7663E+03  6.2727E+03  2.6013E+03  9.3991E+02  2.5275E+02  3.7157E+01
  1.7374E+04  1.4677E+04  1.0802E+04  7.1305E+03  2.9660E+03  1.0769E+03  2.7740E+02  4.0955E+01
  1.9079E+04  1.6156E+04  1.2014E+04  7.7816E+03  3.1629E+03  1.2001E+03  3.2330E+02  4.5255E+01
  2.0890E+04  1.7741E+04  1.3257E+04  7.6092E+03  3.6159E+03  1.3666E+03  3.4669E+02  5.2595E+01
  2.2810E+04  1.9445E+04  1.4803E+04  8.3726E+03  4.0582E+03  1.5291E+03  3.9229E+02  5.5327E+01
  2.4848E+04  2.1285E+04  1.6663E+04  9.7239E+03  4.5323E+03  1.6438E+03  4.4222E+02  6.3248E+01
  2.7014E+04  2.3295E+04  1.8525E+04  9.9604E+03  4.9701E+03  1.8531E+03  4.7073E+02  6.6423E+01
  2.9329E+04  2.5522E+04  1.9298E+04  1.0909E+04  5.3459E+03  2.0382E+03  5.3330E+02  7.1525E+01
  3.1823E+04  2.8148E+04  2.0587E+04  1.2257E+04  5.9267E+03  2.1777E+03  5.5771E+02  7.6448E+01
  3.4547E+04  3.1621E+04  2.2663E+04  1.2853E+04  6.3460E+03  2.4187E+03  5.9592E+02  8.0223E+01
  3.7587E+04  3.6091E+04  2.2667E+04  1.3846E+04  6.7518E+03  2.5140E+03  6.3122E+02  8.4119E+01
  4.1087E+04  3.9155E+04  2.4103E+04  1.4435E+04  7.3147E+03  2.6322E+03  6.6121E+02  9.2241E+01
  4.5350E+04  4.0378E+04  2.6115E+04  1.5098E+04  7.4900E+03  2.7524E+03  6.7721E+02  8.9832E+01
  5.1492E+04  4.1060E+04  2.5539E+04  1.6051E+04  7.6770E+03  2.9035E+03  7.5536E+02  1.0477E+02
  6.1784E+04  3.8783E+04  2.6641E+04  1.5925E+04  7.8147E+03  2.8609E+03  7.0970E+02  9.4246E+01
  7.0672E+04  3.9412E+04  2.6156E+04  1.6455E+04  8.4919E+03  3.2290E+03  8.1436E+02  1.0781E+02
  6.4838E+04  3.7555E+04  2.5655E+04  1.5719E+04  7.8321E+03  2.8745E+03  6.9914E+02  8.9226E+01
  4.7371E+04  3.3237E+04  2.5595E+04  1.5272E+04  7.0540E+03  2.3755E+03  5.1653E+02  5.5680E+01
  2.9082E+04  3.1956E+04  2.5814E+04  1.7341E+04  9.3938E+03  3.7980E+03  1.0402E+03  1.5355E+02
  3.5288E+04  2.9202E+04  2.3563E+04  1.5910E+04  8.3726E+03  3.2301E+03  8.3691E+02  1.1666E+02
  3.9479E+04  2.8569E+04  2.3172E+04  1.5212E+04  7.4838E+03  2.7693E+03  6.9775E+02  9.5200E+01
  2.1464E+04  2.4918E+04  2.2499E+04  1.4846E+04  7.7659E+03  2.9997E+03  7.6951E+02  1.0514E+02
  1.2492E+04  2.6473E+04  2.0936E+04  1.4515E+04  7.5711E+03  2.7922E+03  6.8138E+02  8.9270E+01
  1.2624E+04  2.6079E+04  2.1366E+04  1.3876E+04  7.2604E+03  2.7584E+03  7.1112E+02  9.8115E+01
  1.4318E+04  1.6921E+04  1.9499E+04  1.3411E+04  6.8842E+03  2.6609E+03  6.7149E+02  8.8269E+01
  1.5963E+04  1.0843E+04  1.7780E+04  1.2713E+04  6.6852E+03  2.5314E+03  6.4141E+02  8.8567E+01
  1.7265E+04  1.2202E+04  1.8731E+04  1.1809E+04  6.2448E+03  2.3403E+03  6.0978E+02  8.3789E+01
  1.8207E+04  1.3776E+04  1.6300E+04  1.1496E+04  5.7956E+03  2.2641E+03  5.7649E+02  7.8653E+01
  1.8829E+04  1.4619E+04  1.0534E+04  1.0259E+04  5.4180E+03  2.0663E+03  5.2312E+02  7.4032E+01
  1.9175E+04  1.5147E+04  8.8513E+03  9.4239E+03  5.0547E+03  1.9017E+03  5.0466E+02  6.9408E+01
  1.9287E+04  1.5395E+04  9.6892E+03  9.6135E+03  4.6095E+03  1.7806E+03  4.5034E+02  6.2262E+01
  1.9199E+04  1.5442E+04  1.0183E+04  8.1277E+03  4.2210E+03  1.5788E+03  4.1744E+02  5.9905E+01
  1.8940E+04  1.5312E+04  1.0243E+04  5.6350E+03  3.8814E+03  1.4477E+03  3.8494E+02  5.2178E+01
  1.8535E+04  1.5042E+04  1.0222E+04  5.1784E+03  3.4756E+03  1.3310E+03  3.3291E+02  4.9397E+01
  1.8009E+04  1.4656E+04  9.9933E+03  5.4469E+03  3.2627E+03  1.1726E+03  3.1013E+02  4.4135E+01
  1.7382E+04  1.4175E+04  9.7442E+03  5.4436E+03  2.9351E+03  1.0462E+03  2.7019E+02  3.8744E+01
  1.6672E+04  1.3619E+04  9.3822E+03  5.2912E+03  2.1964E+03  9.4210E+02  2.3908E+02  3.6144E+01
  1.5897E+04  1.3004E+04  8.9915E+03  5.1456E+03  2.0767E+03  8.3473E+02  2.1814E+02  2.9778E+01
  1.5073E+04  1.2343E+04  8.5508E+03  4.9079E+03  2.2382E+03  7.6046E+02  1.8521E+02  2.7644E+01
  1.4215E+04  1.1651E+04  8.0867E+03  4.6946E+03  2.1596E+03  6.8935E+02  1.6268E+02  2.3400E+01
  1.3336E+04  1.0938E+04  7.6027E+03  4.3917E+03  2.0176E+03  5.5194E+02  1.4428E+02  2.0221E+01
  1.2448E+04  1.0216E+04  7.1094E+03  4.1427E+03  1.9208E+03  5.0393E+02  1.2215E+02  1.8416E+01
  1.1561E+04  9.4941E+03  6.6132E+03  3.8405E+03  1.7999E+03  5.9479E+02  1.1221E+02  1.4944E+01
  1.0686E+04  8.7795E+03  6.1205E+03  3.5704E+03  1.6882E+03  6.3782E+02  1.0109E+02  1.3391E+01
  9.8304E+03  8.0797E+03  5.6367E+03  3.2858E+03  1.5506E+03  5.7132E+02  8.1700E+01  1.1284E+01
  9.0009E+03  7.4007E+03  5.1661E+03  3.0168E+03  1.4379E+03  5.0368E+02  7.3458E+01  9.0621E+00
  8.2037E+03  6.7474E+03  4.7125E+03  2.7528E+03  1.3039E+03  4.7214E+02  7.4683E+01  8.4628E+00
  7.4432E+03  6.1237E+03  4.2788E+03  2.5013E+03  1.1950E+03  4.4659E+02  9.3905E+01  6.8027E+00
  6.7232E+03  5.5326E+03  3.8673E+03  2.2617E+03  1.0731E+03  4.0060E+02  1.0448E+02  6.0910E+00
  6.0460E+03  4.9765E+03  3.4796E+03  2.0358E+03  9.7241E+02  3.5727E+02  1.0167E+02  5.5763E+00
  5.4135E+03  4.4566E+03  3.1169E+03  1.8241E+03  8.6764E+02  3.1793E+02  8.5490E+01  4.2261E+00
  4.8262E+03  3.9737E+03  2.7798E+03  1.6271E+03  7.7632E+02  2.8750E+02  7.1482E+01  4.4150E+00
  4.2844E+03  3.5280E+03  2.4683E+03  1.4450E+03  6.8841E+02  2.5504E+02  6.6479E+01  5.1750E+00
  3.7873E+03  3.1190E+03  2.1823E+03  1.2776E+03  6.0916E+02  2.2503E+02  6.3165E+01  6.5144E+00
  3.3340E+03  2.7458E+03  1.9212E+03  1.1247E+03  5.3601E+02  2.0100E+02  5.5964E+01  7.2764E+00
  2.9228E+03  2.4072E+03  1.6842E+03  9.8581E+02  4.6980E+02  1.7264E+02  4.6387E+01  7.6385E+00
  2.5519E+03  2.1016E+03  1.4703E+03  8.6037E+02  4.0988E+02  1.5262E+02  3.8953E+01  6.5362E+00
  2.2190E+03  1.8273E+03  1.2782E+03  7.4770E+02  3.5606E+02  1.3187E+02  3.3850E+01  5.5493E+00
  1.9218E+03  1.5823E+03  1.1065E+03  6.4703E+02  3.0796E+02  1.1391E+02  3.0363E+01  4.5516E+00
  1.6577E+03  1.3647E+03  9.5401E+02  5.5755E+02  2.6521E+02  9.8019E+01  2.5230E+01  3.8000E+00
  1.4242E+03  1.1722E+03  8.1913E+02  4.7842E+02  2.2740E+02  8.4020E+01  2.3151E+01  3.6807E+00
  1.2188E+03  1.0029E+03  7.0044E+02  4.0880E+02  1.9415E+02  7.1736E+01  1.8499E+01  3.1717E+00
  1.0390E+03  8.5461E+02  5.9650E+02  3.4784E+02  1.6504E+02  6.0914E+01  1.7450E+01  2.6719E+00
  8.8216E+02  7.2535E+02  5.0591E+02  2.9472E+02  1.3969E+02  5.1523E+01  1.2607E+01  2.0285E+00
  7.4609E+02  6.1318E+02  4.2732E+02  2.4867E+02  1.1773E+02  4.3410E+01  1.2819E+01  1.5788E+00
  6.2854E+02  5.1629E+02  3.5947E+02  2.0892E+02  9.8790E+01  3.6400E+01  9.0713E+00  1.3141E+00
  5.2742E+02  4.3297E+02  3.0114E+02  1.7478E+02  8.2538E+01  3.0390E+01  8.7117E+00  1.4194E+00
  4.4083E+02  3.6163E+02  2.5122E+02  1.4560E+02  6.8659E+01  2.5268E+01  6.8167E+00  1.0148E+00
  3.6698E+02  3.0082E+02  2.0871E+02  1.2076E+02  5.6864E+01  2.0913E+01  5.2993E+00  1.0667E+00
  3.0427E+02  2.4920E+02  1.7266E+02  9.9730E+01  4.6887E+01  1.7238E+01  4.7010E+00  7.7847E-01
  2.5125E+02  2.0559E+02  1.4222E+02  8.1999E+01  3.8489E+01  1.4141E+01  3.9006E+00  8.1406E-01
  2.0661E+02  1.6889E+02  1.1664E+02  6.7120E+01  3.1455E+01  1.1560E+01  3.0038E+00  5.8217E-01
  1.6918E+02  1.3814E+02  9.5240E+01  5.4695E+01  2.5587E+01  9.3861E+00  2.5281E+00  6.8963E-01
  1.3793E+02  1.1250E+02  7.7419E+01  4.4367E+01  2.0730E+01  7.6146E+00  2.1200E+00  4.2713E-01
  1.1197E+02  9.1210E+01  6.2645E+01  3.5822E+01  1.6696E+01  6.0754E+00  1.6010E+00  5.5595E-01
  9.0477E+01  7.3610E+01  5.0456E+01  2.8799E+01  1.3427E+01  4.9100E+00  1.3599E+00  4.2247E-01
  7.2775E+01  5.9130E+01  4.0445E+01  2.3018E+01  1.0606E+01  3.7865E+00  1.0659E+00  4.6645E-01
  5.8260E+01  4.7272E+01  3.2285E+01  1.8382E+01  8.5015E+00  3.1617E+00  9.0035E-01  2.1794E-01
  4.6415E+01  3.7608E+01  2.5593E+01  1.4284E+01  6.2873E+00  2.2602E+00  6.1053E-01  1.6991E-01
  3.6801E+01  2.9832E+01  2.0347E+01  1.1478E+01  5.4396E+00  2.1383E+00  6.3185E-01  1.8818E-01
  2.9032E+01  2.3156E+01  1.4830E+01  7.5128E+00  3.2609E+00  1.1847E+00  3.2396E-01  1.3444E-01
  2.2695E+01  1.8522E+01  1.3104E+01  8.0741E+00  4.1009E+00  1.5976E+00  4.6740E-01  1.6030E-01
