# CREATED BY GENE DIAGNOSTICS TOOL on Sat May 17 18:09:15 2025 /home/unix/ottink/gene/diagnostics
# diag: vsp1, run(s): vim010vep005, time window: 227.5-227.5818(1 steps), species: e
# original data path: /Differ/Data/IMT/lottink/Tokamak_ITG/vres_scan/v1/
# normalization: L_ref=1.65m
#
# vpar
 -3.0000E+00
 -2.9528E+00
 -2.9055E+00
 -2.8583E+00
 -2.8110E+00
 -2.7638E+00
 -2.7165E+00
 -2.6693E+00
 -2.6220E+00
 -2.5748E+00
 -2.5276E+00
 -2.4803E+00
 -2.4331E+00
 -2.3858E+00
 -2.3386E+00
 -2.2913E+00
 -2.2441E+00
 -2.1969E+00
 -2.1496E+00
 -2.1024E+00
 -2.0551E+00
 -2.0079E+00
 -1.9606E+00
 -1.9134E+00
 -1.8661E+00
 -1.8189E+00
 -1.7717E+00
 -1.7244E+00
 -1.6772E+00
 -1.6299E+00
 -1.5827E+00
 -1.5354E+00
 -1.4882E+00
 -1.4409E+00
 -1.3937E+00
 -1.3465E+00
 -1.2992E+00
 -1.2520E+00
 -1.2047E+00
 -1.1575E+00
 -1.1102E+00
 -1.0630E+00
 -1.0157E+00
 -9.6850E-01
 -9.2126E-01
 -8.7402E-01
 -8.2677E-01
 -7.7953E-01
 -7.3228E-01
 -6.8504E-01
 -6.3780E-01
 -5.9055E-01
 -5.4331E-01
 -4.9606E-01
 -4.4882E-01
 -4.0157E-01
 -3.5433E-01
 -3.0709E-01
 -2.5984E-01
 -2.1260E-01
 -1.6535E-01
 -1.1811E-01
 -7.0866E-02
 -2.3622E-02
  2.3622E-02
  7.0866E-02
  1.1811E-01
  1.6535E-01
  2.1260E-01
  2.5984E-01
  3.0709E-01
  3.5433E-01
  4.0157E-01
  4.4882E-01
  4.9606E-01
  5.4331E-01
  5.9055E-01
  6.3780E-01
  6.8504E-01
  7.3228E-01
  7.7953E-01
  8.2677E-01
  8.7402E-01
  9.2126E-01
  9.6850E-01
  1.0157E+00
  1.0630E+00
  1.1102E+00
  1.1575E+00
  1.2047E+00
  1.2520E+00
  1.2992E+00
  1.3465E+00
  1.3937E+00
  1.4409E+00
  1.4882E+00
  1.5354E+00
  1.5827E+00
  1.6299E+00
  1.6772E+00
  1.7244E+00
  1.7717E+00
  1.8189E+00
  1.8661E+00
  1.9134E+00
  1.9606E+00
  2.0079E+00
  2.0551E+00
  2.1024E+00
  2.1496E+00
  2.1969E+00
  2.2441E+00
  2.2913E+00
  2.3386E+00
  2.3858E+00
  2.4331E+00
  2.4803E+00
  2.5276E+00
  2.5748E+00
  2.6220E+00
  2.6693E+00
  2.7165E+00
  2.7638E+00
  2.8110E+00
  2.8583E+00
  2.9055E+00
  2.9528E+00
  3.0000E+00


# mu
  1.3581E-02
  7.1692E-02
  1.7680E-01
  3.2992E-01
  5.3256E-01
  7.8681E-01
  1.0955E+00
  1.4624E+00
  1.8925E+00
  2.3926E+00
  2.9718E+00
  3.6436E+00
  4.4281E+00
  5.3585E+00
  6.4984E+00
  8.0108E+00


# trapped boundary
#  mu         vpar      
  1.3581E-02 -6.4579E-02
  1.3581E-02  7.6321E-02
  7.1692E-02 -1.5851E-01
  7.1692E-02  1.7025E-01
  1.7680E-01 -2.5245E-01
  1.7680E-01  2.6419E-01
  3.2992E-01 -3.4638E-01
  3.2992E-01  3.5812E-01
  5.3256E-01 -4.4031E-01
  5.3256E-01  4.5205E-01
  7.8681E-01 -5.3425E-01
  7.8681E-01  5.4599E-01
  1.0955E+00 -6.2818E-01
  1.0955E+00  6.3992E-01
  1.4624E+00 -7.3386E-01
  1.4624E+00  7.4560E-01
  1.8925E+00 -8.2779E-01
  1.8925E+00  8.3953E-01
  2.3926E+00 -9.3346E-01
  2.3926E+00  9.4521E-01
  2.9718E+00 -1.0509E+00
  2.9718E+00  1.0626E+00
  3.6436E+00 -1.1566E+00
  3.6436E+00  1.1683E+00
  4.4281E+00 -1.2740E+00
  4.4281E+00  1.2857E+00
  5.3585E+00 -1.4031E+00
  5.3585E+00  1.4149E+00
  6.4984E+00 -1.5440E+00
  6.4984E+00  1.5558E+00
  8.0108E+00 -1.7202E+00
  8.0108E+00  1.7319E+00


# , time = 227.5818, var = <|f|^2>^(1/2) , z = 0
  1.6340E+00  1.5911E+00  1.5136E+00  1.4006E+00  1.2510E+00  1.0668E+00  8.5836E-01  6.4572E-01  4.5313E-01  2.9733E-01  1.8210E-01  1.0303E-01  5.2811E-02  8.9716E-02  7.5466E-02  4.4072E-02
  2.1707E+00  2.0574E+00  1.8658E+00  1.6157E+00  1.3323E+00  1.0428E+00  7.7139E-01  5.3627E-01  3.4946E-01  2.1513E-01  1.2624E-01  6.9728E-02  5.3462E-02  1.3555E-01  1.1063E-01  4.6457E-02
  2.8742E+00  2.7316E+00  2.4925E+00  2.1843E+00  1.8404E+00  1.4940E+00  1.1700E+00  8.8120E-01  6.3033E-01  4.2000E-01  2.5790E-01  1.4602E-01  1.0509E-01  1.5836E-01  7.9010E-02  3.1036E-02
  3.7882E+00  3.6009E+00  3.2852E+00  2.8737E+00  2.4063E+00  1.9245E+00  1.4664E+00  1.0614E+00  7.2647E-01  4.6560E-01  2.7620E-01  1.5148E-01  1.0998E-01  1.4752E-01  3.6382E-02  5.7245E-02
  4.9694E+00  4.7245E+00  4.3118E+00  3.7746E+00  3.1656E+00  2.5397E+00  1.9461E+00  1.4227E+00  9.9133E-01  6.5556E-01  4.0577E-01  2.3022E-01  1.3741E-01  9.1789E-02  1.0585E-01  4.8549E-02
  6.4881E+00  6.1693E+00  5.6320E+00  4.9321E+00  4.1379E+00  3.3199E+00  2.5407E+00  1.8484E+00  1.2732E+00  8.2653E-01  5.0144E-01  2.8033E-01  2.0289E-01  1.2027E-01  1.0494E-01  3.8636E-02
  8.4313E+00  8.0183E+00  7.3221E+00  6.4146E+00  5.3844E+00  4.3228E+00  3.3116E+00  2.4136E+00  1.6675E+00  1.0877E+00  6.6606E-01  3.7847E-01  2.8354E-01  1.5089E-01  9.3394E-02  4.8362E-02
  1.0906E+01  1.0373E+01  9.4750E+00  8.3040E+00  6.9736E+00  5.6015E+00  4.2932E+00  3.1298E+00  2.1611E+00  1.4054E+00  8.5484E-01  4.8020E-01  2.8917E-01  2.1073E-01  1.1303E-01  6.3346E-02
  1.4040E+01  1.3357E+01  1.2204E+01  1.0700E+01  8.9900E+00  7.2250E+00  5.5407E+00  4.0418E+00  2.7931E+00  1.8188E+00  1.1083E+00  6.2616E-01  3.4240E-01  2.5433E-01  1.5514E-01  3.8629E-02
  1.7993E+01  1.7120E+01  1.5647E+01  1.3724E+01  1.1536E+01  9.2761E+00  7.1176E+00  5.1948E+00  3.5914E+00  2.3389E+00  1.4241E+00  8.0405E-01  4.7674E-01  2.3429E-01  2.3468E-01  5.0364E-02
  2.2953E+01  2.1843E+01  1.9969E+01  1.7522E+01  1.4735E+01  1.1855E+01  9.1015E+00  6.6464E+00  4.5974E+00  2.9957E+00  1.8252E+00  1.0287E+00  6.1496E-01  3.1981E-01  1.5976E-01  8.3542E-02
  2.9146E+01  2.7741E+01  2.5369E+01  2.2268E+01  1.8736E+01  1.5082E+01  1.1585E+01  8.4649E+00  5.8582E+00  3.8188E+00  2.3272E+00  1.3072E+00  7.2766E-01  3.1653E-01  2.1487E-01  7.4350E-02
  3.6841E+01  3.5071E+01  3.2081E+01  2.8172E+01  2.3715E+01  1.9100E+01  1.4680E+01  1.0732E+01  7.4311E+00  4.8463E+00  2.9545E+00  1.6681E+00  8.2355E-01  4.2922E-01  2.3300E-01  8.3614E-02
  4.6357E+01  4.4137E+01  4.0387E+01  3.5479E+01  2.9881E+01  2.4079E+01  1.8518E+01  1.3545E+01  9.3838E+00  6.1225E+00  3.7338E+00  2.1243E+00  1.0880E+00  6.0443E-01  2.7726E-01  7.9048E-02
  5.8067E+01  5.5296E+01  5.0612E+01  4.4480E+01  3.7480E+01  3.0219E+01  2.3253E+01  1.7019E+01  1.1796E+01  7.7000E+00  4.6978E+00  2.6398E+00  1.4597E+00  6.5987E-01  2.4873E-01  6.7376E-02
  7.2407E+01  6.8964E+01  6.3141E+01  5.5514E+01  4.6801E+01  3.7755E+01  2.9069E+01  2.1287E+01  1.4763E+01  9.6408E+00  5.8836E+00  3.2887E+00  1.7735E+00  1.1131E+00  4.3264E-01  8.3907E-02
  8.9883E+01  8.5624E+01  7.8418E+01  6.8975E+01  5.8178E+01  4.6959E+01  3.6176E+01  2.6507E+01  1.8393E+01  1.2017E+01  7.3367E+00  4.2105E+00  2.1824E+00  9.5978E-01  5.0480E-01  1.0823E-01
  1.1108E+02  1.0583E+02  9.6957E+01  8.5317E+01  7.1998E+01  5.8147E+01  4.4821E+01  3.2860E+01  2.2813E+01  1.4912E+01  9.1080E+00  5.2022E+00  2.5663E+00  1.3600E+00  6.4922E-01  1.7468E-01
  1.3666E+02  1.3023E+02  1.1935E+02  1.0506E+02  8.8705E+01  7.1680E+01  5.5285E+01  4.0556E+01  2.8171E+01  1.8423E+01  1.1257E+01  6.2464E+00  3.2584E+00  1.4388E+00  7.2216E-01  2.1244E-01
  1.6740E+02  1.5955E+02  1.4626E+02  1.2880E+02  1.0880E+02  8.7972E+01  6.7891E+01  4.9832E+01  3.4633E+01  2.2660E+01  1.3854E+01  7.8472E+00  4.2491E+00  1.8810E+00  7.8661E-01  2.4653E-01
  2.0414E+02  1.9460E+02  1.7844E+02  1.5721E+02  1.3287E+02  1.0749E+02  8.3003E+01  6.0960E+01  4.2390E+01  2.7749E+01  1.6962E+01  9.8271E+00  5.0644E+00  2.3663E+00  8.8846E-01  2.7184E-01
  2.4786E+02  2.3632E+02  2.1676E+02  1.9105E+02  1.6155E+02  1.3076E+02  1.0103E+02  7.4245E+01  5.1657E+01  3.3831E+01  2.0694E+01  1.1667E+01  6.1942E+00  3.0014E+00  1.1510E+00  3.1599E-01
  2.9965E+02  2.8574E+02  2.6216E+02  2.3115E+02  1.9556E+02  1.5838E+02  1.2244E+02  9.0030E+01  6.2673E+01  4.1067E+01  2.5179E+01  1.4212E+01  7.3422E+00  3.8213E+00  1.5020E+00  3.8329E-01
  3.6069E+02  3.4400E+02  3.1570E+02  2.7847E+02  2.3569E+02  1.9099E+02  1.4774E+02  1.0869E+02  7.5708E+01  4.9633E+01  3.0362E+01  1.7000E+01  8.6893E+00  4.4443E+00  1.7234E+00  5.3021E-01
  4.3231E+02  4.1237E+02  3.7854E+02  3.3402E+02  2.8284E+02  2.2932E+02  1.7749E+02  1.3066E+02  9.1056E+01  5.9725E+01  3.6529E+01  2.1409E+01  1.0887E+01  5.1632E+00  2.0326E+00  6.0454E-01
  5.1597E+02  4.9224E+02  4.5196E+02  3.9894E+02  3.3796E+02  2.7415E+02  2.1231E+02  1.5638E+02  1.0904E+02  7.1556E+01  4.3952E+01  2.4771E+01  1.2996E+01  6.1587E+00  2.3009E+00  7.4390E-01
  6.1324E+02  5.8510E+02  5.3734E+02  4.7446E+02  4.0210E+02  3.2634E+02  2.5286E+02  1.8635E+02  1.3002E+02  8.5389E+01  5.2703E+01  3.0151E+01  1.6486E+01  7.6300E+00  2.9354E+00  7.6786E-01
  7.2583E+02  6.9260E+02  6.3619E+02  5.6189E+02  4.7639E+02  3.8680E+02  2.9986E+02  2.2112E+02  1.5436E+02  1.0139E+02  6.1423E+01  3.4390E+01  1.8938E+01  8.7639E+00  3.8501E+00  8.0973E-01
  8.5558E+02  8.1647E+02  7.5009E+02  6.6266E+02  5.6201E+02  4.5652E+02  3.5409E+02  2.6125E+02  1.8248E+02  1.2002E+02  7.4638E+01  4.2604E+01  2.2268E+01  1.0301E+01  4.5192E+00  8.5025E-01
  1.0044E+03  9.5859E+02  8.8077E+02  7.7827E+02  6.6026E+02  5.3653E+02  4.1635E+02  3.0734E+02  2.1478E+02  1.4113E+02  8.6458E+01  4.9745E+01  2.5805E+01  1.2194E+01  5.1701E+00  8.6716E-01
  1.1745E+03  1.1209E+03  1.0300E+03  9.1029E+02  7.7245E+02  6.2792E+02  4.8748E+02  3.6004E+02  2.5180E+02  1.6623E+02  1.0362E+02  6.0367E+01  3.1405E+01  1.5786E+01  5.1798E+00  9.9071E-01
  1.3679E+03  1.3055E+03  1.1997E+03  1.0604E+03  8.9999E+02  7.3182E+02  5.6838E+02  4.1999E+02  2.9379E+02  1.9269E+02  1.1662E+02  6.8229E+01  3.6208E+01  1.9656E+01  5.0922E+00  1.0927E+00
  1.5870E+03  1.5146E+03  1.3918E+03  1.2302E+03  1.0443E+03  8.4939E+02  6.5992E+02  4.8789E+02  3.4180E+02  2.2668E+02  1.4053E+02  7.9985E+01  4.3560E+01  2.1744E+01  5.0696E+00  1.2667E+00
  1.8340E+03  1.7503E+03  1.6083E+03  1.4216E+03  1.2069E+03  9.8180E+02  7.6305E+02  5.6436E+02  3.9499E+02  2.5947E+02  1.6225E+02  9.3962E+01  5.3912E+01  2.2201E+01  5.0743E+00  1.4713E+00
  2.1114E+03  2.0148E+03  1.8513E+03  1.6363E+03  1.3891E+03  1.1302E+03  8.7866E+02  6.5027E+02  4.5671E+02  3.0380E+02  1.8899E+02  1.1249E+02  6.6113E+01  2.0676E+01  5.6433E+00  1.6426E+00
  2.4215E+03  2.3106E+03  2.1228E+03  1.8760E+03  1.5926E+03  1.2958E+03  1.0077E+03  7.4586E+02  5.2222E+02  3.4263E+02  2.1661E+02  1.3062E+02  7.3345E+01  1.9101E+01  6.2632E+00  1.8701E+00
  2.7667E+03  2.6397E+03  2.4247E+03  2.1425E+03  1.8186E+03  1.4798E+03  1.1510E+03  8.5289E+02  6.0057E+02  3.9675E+02  2.5531E+02  1.5899E+02  7.0282E+01  1.9176E+01  7.0584E+00  2.0655E+00
  3.1494E+03  3.0044E+03  2.7591E+03  2.4374E+03  2.0686E+03  1.6832E+03  1.3094E+03  9.6975E+02  6.8104E+02  4.5731E+02  2.9796E+02  1.8807E+02  6.2362E+01  1.9906E+01  7.9911E+00  2.2594E+00
  3.5717E+03  3.4067E+03  3.1278E+03  2.7624E+03  2.3439E+03  1.9070E+03  1.4838E+03  1.1012E+03  7.7309E+02  5.2760E+02  3.4680E+02  1.9854E+02  5.5757E+01  2.2152E+01  8.7150E+00  2.5281E+00
  4.0356E+03  3.8485E+03  3.5325E+03  3.1188E+03  2.6456E+03  2.1523E+03  1.6750E+03  1.2423E+03  8.7346E+02  6.0764E+02  4.0341E+02  1.7896E+02  5.3412E+01  2.4611E+01  9.5523E+00  2.7195E+00
  4.5428E+03  4.3315E+03  3.9747E+03  3.5081E+03  2.9750E+03  2.4199E+03  1.8837E+03  1.3978E+03  9.9068E+02  7.0032E+02  4.5522E+02  1.4404E+02  5.7271E+01  2.6658E+01  1.0473E+01  3.0179E+00
  5.0948E+03  4.8569E+03  4.4556E+03  3.9312E+03  3.3328E+03  2.7109E+03  2.1102E+03  1.5688E+03  1.1387E+03  7.9832E+02  4.4492E+02  1.2576E+02  6.2200E+01  2.8955E+01  1.1189E+01  3.2879E+00
  5.6926E+03  5.4259E+03  4.9761E+03  4.3890E+03  3.7199E+03  3.0248E+03  2.3564E+03  1.7442E+03  1.2950E+03  8.9839E+02  3.5026E+02  1.2819E+02  6.6839E+01  3.1147E+01  1.2295E+01  3.5259E+00
  6.3367E+03  6.0389E+03  5.5369E+03  4.8822E+03  4.1369E+03  3.3652E+03  2.6203E+03  1.9661E+03  1.4602E+03  9.3074E+02  2.6117E+02  1.3584E+02  7.1620E+01  3.2891E+01  1.3175E+01  3.9078E+00
  7.0270E+03  6.6960E+03  6.1382E+03  5.4111E+03  4.5841E+03  3.7264E+03  2.9017E+03  2.2113E+03  1.6321E+03  7.7803E+02  2.5196E+02  1.4453E+02  7.5618E+01  3.5554E+01  1.4021E+01  4.0937E+00
  7.7628E+03  7.3966E+03  6.7797E+03  5.9757E+03  5.0623E+03  4.1202E+03  3.2134E+03  2.4929E+03  1.7210E+03  5.2539E+02  2.6741E+02  1.5158E+02  7.8559E+01  3.7545E+01  1.5282E+01  4.5054E+00
  8.5429E+03  8.1397E+03  7.4605E+03  6.5757E+03  5.5703E+03  4.5282E+03  3.5528E+03  2.7673E+03  1.5027E+03  4.2598E+02  2.7370E+02  1.5660E+02  8.3205E+01  3.9366E+01  1.5817E+01  4.7470E+00
  9.3651E+03  8.9236E+03  8.1797E+03  7.2103E+03  6.1108E+03  4.9739E+03  3.9736E+03  2.9273E+03  9.9681E+02  4.7817E+02  2.8182E+02  1.5921E+02  8.6552E+01  4.2308E+01  1.7154E+01  5.0492E+00
  1.0226E+04  9.7455E+03  8.9350E+03  7.8788E+03  6.6773E+03  5.4447E+03  4.4143E+03  2.6081E+03  6.7603E+02  4.8096E+02  2.8203E+02  1.6464E+02  8.9047E+01  4.3137E+01  1.7839E+01  5.4019E+00
  1.1123E+04  1.0603E+04  9.7246E+03  8.5790E+03  7.2795E+03  5.9946E+03  4.6658E+03  1.7151E+03  7.4577E+02  4.4840E+02  2.7804E+02  1.6927E+02  9.4417E+01  4.5793E+01  1.8614E+01  5.5533E+00
  1.2052E+04  1.1492E+04  1.0546E+04  9.3121E+03  7.9123E+03  6.6257E+03  4.1627E+03  1.0266E+03  7.9628E+02  4.5371E+02  2.8444E+02  1.7055E+02  9.4590E+01  4.6992E+01  1.9625E+01  5.9319E+00
  1.3008E+04  1.2409E+04  1.1396E+04  1.0073E+04  8.6115E+03  7.0110E+03  2.6926E+03  1.0263E+03  6.4052E+02  4.2518E+02  2.8674E+02  1.7731E+02  9.7221E+01  4.7561E+01  1.9758E+01  6.0654E+00
  1.3989E+04  1.3351E+04  1.2274E+04  1.0871E+04  9.4251E+03  6.1527E+03  1.4516E+03  1.2218E+03  6.2818E+02  4.3162E+02  2.8429E+02  1.7311E+02  9.8017E+01  4.9347E+01  2.0677E+01  6.3553E+00
  1.4992E+04  1.4318E+04  1.3181E+04  1.1737E+04  9.9231E+03  3.7020E+03  1.3703E+03  9.0119E+02  6.1786E+02  4.4700E+02  2.8134E+02  1.6870E+02  9.5569E+01  4.8755E+01  2.0898E+01  6.5955E+00
  1.6021E+04  1.5314E+04  1.4128E+04  1.2731E+04  8.7548E+03  1.9309E+03  1.7519E+03  7.6803E+02  5.6647E+02  3.9246E+02  2.6069E+02  1.6596E+02  9.6988E+01  4.9903E+01  2.1412E+01  6.7911E+00
  1.7088E+04  1.6355E+04  1.5159E+04  1.3404E+04  5.0762E+03  1.8711E+03  1.3256E+03  8.8474E+02  6.3417E+02  3.7309E+02  2.4150E+02  1.5763E+02  9.5196E+01  5.0360E+01  2.1980E+01  6.9996E+00
  1.8221E+04  1.7473E+04  1.6393E+04  1.1694E+04  2.6019E+03  2.5054E+03  9.3825E+02  7.0966E+02  4.9092E+02  3.2666E+02  2.2864E+02  1.5528E+02  9.4825E+01  5.0685E+01  2.2387E+01  7.2207E+00
  1.9473E+04  1.8754E+04  1.7270E+04  6.0998E+03  2.6424E+03  1.9138E+03  1.2698E+03  7.8569E+02  3.9722E+02  2.9349E+02  2.2008E+02  1.5217E+02  9.4505E+01  5.0644E+01  2.2215E+01  7.0702E+00
  2.0933E+04  2.0378E+04  1.4663E+04  3.7923E+03  3.4710E+03  1.4512E+03  1.1244E+03  7.4900E+02  4.4057E+02  2.8569E+02  2.0519E+02  1.4748E+02  9.4417E+01  5.1829E+01  2.3183E+01  7.4705E+00
  2.2734E+04  2.1789E+04  7.3553E+03  3.8674E+03  2.9817E+03  1.9515E+03  1.0519E+03  6.9796E+02  3.7043E+02  2.4611E+02  1.9012E+02  1.3690E+02  8.7269E+01  4.7702E+01  2.1342E+01  6.8817E+00
  2.5093E+04  1.8792E+04  5.3249E+03  4.9451E+03  2.6221E+03  2.3127E+03  1.6102E+03  7.1968E+02  3.7751E+02  2.4229E+02  1.8528E+02  1.4059E+02  9.2541E+01  5.1539E+01  2.3323E+01  7.5256E+00
  2.7478E+04  1.0092E+04  6.6561E+03  5.7292E+03  4.2593E+03  1.8870E+03  1.1858E+03  7.6375E+02  4.2680E+02  2.3443E+02  1.6800E+02  1.2189E+02  8.0507E+01  4.5765E+01  2.1215E+01  6.9760E+00
  2.5500E+04  8.4330E+03  9.3281E+03  5.2433E+03  3.8207E+03  2.8411E+03  1.6657E+03  8.0275E+02  3.9532E+02  2.3993E+02  1.7668E+02  1.3797E+02  9.3676E+01  5.3352E+01  2.4564E+01  7.9633E+00
  1.9120E+04  1.3473E+04  6.7042E+03  7.8998E+03  5.0258E+03  2.1844E+03  1.4502E+03  7.4345E+02  3.0985E+02  2.1686E+02  2.1498E+02  1.7482E+02  1.1859E+02  6.7075E+01  3.0663E+01  9.8739E+00
  9.5404E+03  1.0434E+04  5.1420E+03  7.4255E+03  4.6311E+03  1.7646E+03  1.4964E+03  9.0710E+02  4.6030E+02  2.2936E+02  1.3838E+02  9.2990E+01  6.0042E+01  3.3607E+01  1.5369E+01  4.9075E+00
  5.0889E+03  7.8717E+03  9.7118E+03  3.6799E+03  3.8814E+03  2.7844E+03  1.5287E+03  6.5806E+02  3.2805E+02  2.0597E+02  1.5095E+02  1.1646E+02  7.9495E+01  4.5318E+01  2.0812E+01  6.6570E+00
  1.3634E+04  1.0909E+04  4.2859E+03  5.8935E+03  3.9035E+03  1.6030E+03  1.2633E+03  7.2011E+02  3.0984E+02  1.7680E+02  1.7686E+02  1.4291E+02  9.6399E+01  5.3953E+01  2.4332E+01  7.6721E+00
  1.6114E+04  9.2828E+03  6.4033E+03  4.2558E+03  2.6441E+03  2.3928E+03  1.4754E+03  6.2665E+02  2.9303E+02  1.8472E+02  1.5157E+02  1.2109E+02  8.2934E+01  4.7467E+01  2.1865E+01  7.0352E+00
  1.6351E+04  1.3712E+04  7.1501E+03  2.8998E+03  3.2471E+03  1.7958E+03  9.5448E+02  6.4043E+02  3.0257E+02  1.8655E+02  1.6233E+02  1.3159E+02  9.0581E+01  5.1810E+01  2.3780E+01  7.6487E+00
  1.6189E+04  1.4992E+04  8.5663E+03  4.7649E+03  2.7976E+03  1.3871E+03  1.1213E+03  6.7309E+02  3.1727E+02  2.1098E+02  1.6860E+02  1.2830E+02  8.4243E+01  4.7049E+01  2.1365E+01  6.8805E+00
  1.5877E+04  1.4887E+04  1.2261E+04  4.3525E+03  2.0243E+03  2.0165E+03  9.1300E+02  5.3011E+02  2.8587E+02  2.1701E+02  1.7931E+02  1.3215E+02  8.5981E+01  4.8012E+01  2.1872E+01  7.1138E+00
  1.5482E+04  1.4581E+04  1.3013E+04  7.6661E+03  2.8331E+03  1.5465E+03  7.3401E+02  5.0050E+02  3.5100E+02  2.4229E+02  1.8764E+02  1.3767E+02  8.7503E+01  4.7538E+01  2.1043E+01  6.6951E+00
  1.5026E+04  1.4195E+04  1.2779E+04  1.0260E+04  3.7618E+03  1.2607E+03  1.0991E+03  5.4149E+02  3.9967E+02  2.6908E+02  2.0132E+02  1.4211E+02  8.8292E+01  4.7218E+01  2.0737E+01  6.6130E+00
  1.4518E+04  1.3744E+04  1.2421E+04  1.0656E+04  6.2487E+03  1.8489E+03  1.1694E+03  4.6416E+02  3.8484E+02  2.8322E+02  2.0661E+02  1.4067E+02  8.6883E+01  4.6757E+01  2.0515E+01  6.4638E+00
  1.3963E+04  1.3238E+04  1.2005E+04  1.0382E+04  8.0665E+03  2.5786E+03  9.2353E+02  7.1374E+02  4.3014E+02  3.2571E+02  2.1803E+02  1.4487E+02  8.8315E+01  4.6649E+01  2.0125E+01  6.2565E+00
  1.3368E+04  1.2688E+04  1.1535E+04  1.0009E+04  8.2649E+03  4.7449E+03  1.1132E+03  8.8855E+02  4.3878E+02  3.3481E+02  2.3658E+02  1.4908E+02  8.5831E+01  4.4442E+01  1.9301E+01  6.0542E+00
  1.2741E+04  1.2102E+04  1.1019E+04  9.5957E+03  7.9700E+03  5.9665E+03  2.0600E+03  6.8319E+02  5.2358E+02  3.4000E+02  2.3586E+02  1.4804E+02  8.5590E+01  4.4292E+01  1.9057E+01  5.8699E+00
  1.2088E+04  1.1488E+04  1.0471E+04  9.1356E+03  7.6061E+03  6.0681E+03  3.3681E+03  7.5138E+02  6.2604E+02  3.6342E+02  2.3973E+02  1.5338E+02  8.6936E+01  4.2871E+01  1.7913E+01  5.4975E+00
  1.1417E+04  1.0853E+04  9.8994E+03  8.6494E+03  7.2103E+03  5.7591E+03  4.1279E+03  1.3799E+03  5.3890E+02  3.8236E+02  2.4257E+02  1.4958E+02  8.3326E+01  4.1460E+01  1.7500E+01  5.3527E+00
  1.0734E+04  1.0206E+04  9.3118E+03  8.1409E+03  6.8050E+03  5.4078E+03  4.1628E+03  2.1827E+03  5.2219E+02  4.0693E+02  2.4636E+02  1.4644E+02  8.3509E+01  4.1371E+01  1.6837E+01  4.9742E+00
  1.0047E+04  9.5523E+03  8.7166E+03  7.6229E+03  6.3732E+03  5.0821E+03  3.9007E+03  2.6361E+03  8.5047E+02  3.8093E+02  2.5068E+02  1.4680E+02  7.9943E+01  3.8724E+01  1.5894E+01  4.7788E+00
  9.3599E+03  8.8990E+03  8.1200E+03  7.1011E+03  5.9405E+03  4.7349E+03  3.5986E+03  2.6424E+03  1.2942E+03  3.4829E+02  2.4444E+02  1.4376E+02  7.6654E+01  3.7841E+01  1.5589E+01  4.5494E+00
  8.6797E+03  8.2515E+03  7.5281E+03  6.5825E+03  5.5060E+03  4.3959E+03  3.3398E+03  2.4727E+03  1.5554E+03  4.7246E+02  2.3079E+02  1.4051E+02  7.5207E+01  3.5687E+01  1.4326E+01  4.2313E+00
  8.0114E+03  7.6151E+03  6.9458E+03  6.0718E+03  5.0781E+03  4.0533E+03  3.0676E+03  2.2447E+03  1.5563E+03  6.9428E+02  2.1723E+02  1.3437E+02  7.1754E+01  3.3579E+01  1.3754E+01  4.0980E+00
  7.3598E+03  6.9946E+03  6.3782E+03  5.5738E+03  4.6603E+03  3.7198E+03  2.8351E+03  2.0423E+03  1.4469E+03  8.3823E+02  2.4401E+02  1.2384E+02  6.8438E+01  3.2350E+01  1.2770E+01  3.7131E+00
  6.7291E+03  6.3940E+03  5.8289E+03  5.0921E+03  4.2562E+03  3.3969E+03  2.5757E+03  1.8565E+03  1.3103E+03  8.4861E+02  3.2845E+02  1.1651E+02  6.4429E+01  3.0212E+01  1.1841E+01  3.5373E+00
  6.1232E+03  5.8172E+03  5.3015E+03  4.6298E+03  3.8686E+03  3.0869E+03  2.3502E+03  1.6979E+03  1.1783E+03  7.8795E+02  4.0447E+02  1.2132E+02  5.8817E+01  2.8392E+01  1.1234E+01  3.2246E+00
  5.5452E+03  5.2672E+03  4.7989E+03  4.1895E+03  3.4997E+03  2.7921E+03  2.1208E+03  1.5274E+03  1.0476E+03  7.0738E+02  4.2436E+02  1.3992E+02  5.4382E+01  2.6422E+01  1.0301E+01  2.9706E+00
  4.9977E+03  4.7464E+03  4.3232E+03  3.7731E+03  3.1511E+03  2.5136E+03  1.9118E+03  1.3854E+03  9.4156E+02  6.2979E+02  3.9644E+02  1.6815E+02  5.3312E+01  2.3848E+01  9.6036E+00  2.7773E+00
  4.4827E+03  4.2566E+03  3.8762E+03  3.3821E+03  2.8239E+03  2.2525E+03  1.7123E+03  1.2350E+03  8.4715E+02  5.5549E+02  3.5260E+02  1.8698E+02  5.5013E+01  2.1817E+01  8.8244E+00  2.5115E+00
  4.0016E+03  3.7992E+03  3.4590E+03  3.0174E+03  2.5189E+03  2.0091E+03  1.5280E+03  1.1063E+03  7.5672E+02  4.9038E+02  3.0984E+02  1.8099E+02  6.1499E+01  2.0359E+01  7.8861E+00  2.3441E+00
  3.5551E+03  3.3749E+03  3.0721E+03  2.6794E+03  2.2365E+03  1.7839E+03  1.3568E+03  9.8069E+02  6.7241E+02  4.3345E+02  2.7027E+02  1.6120E+02  6.8644E+01  1.9268E+01  7.1764E+00  2.1210E+00
  3.1434E+03  2.9838E+03  2.7157E+03  2.3682E+03  1.9766E+03  1.5767E+03  1.1995E+03  8.6834E+02  5.9586E+02  3.8260E+02  2.3479E+02  1.3929E+02  7.0084E+01  1.9923E+01  6.4340E+00  1.8973E+00
  2.7662E+03  2.6255E+03  2.3894E+03  2.0834E+03  1.7389E+03  1.3872E+03  1.0557E+03  7.6418E+02  5.2393E+02  3.4125E+02  2.0729E+02  1.2031E+02  6.6286E+01  2.0908E+01  5.7915E+00  1.7174E+00
  2.4228E+03  2.2995E+03  2.0925E+03  1.8245E+03  1.5228E+03  1.2151E+03  9.2497E+02  6.7002E+02  4.6029E+02  2.9636E+02  1.8021E+02  1.0212E+02  5.6663E+01  2.1688E+01  5.5552E+00  1.4905E+00
  2.1121E+03  2.0045E+03  1.8240E+03  1.5904E+03  1.3276E+03  1.0595E+03  8.0682E+02  5.8468E+02  4.0152E+02  2.6138E+02  1.5841E+02  8.8830E+01  4.7555E+01  2.1929E+01  5.2443E+00  1.3285E+00
  1.8327E+03  1.7393E+03  1.5827E+03  1.3800E+03  1.1521E+03  9.1968E+02  7.0064E+02  5.0802E+02  3.4926E+02  2.2569E+02  1.3563E+02  7.7227E+01  4.0607E+01  1.9827E+01  5.2971E+00  1.1911E+00
  1.5829E+03  1.5022E+03  1.3670E+03  1.1921E+03  9.9536E+02  7.9479E+02  6.0575E+02  4.3944E+02  3.0223E+02  1.9626E+02  1.2029E+02  6.8190E+01  3.4640E+01  1.7082E+01  5.3523E+00  1.0402E+00
  1.3608E+03  1.2915E+03  1.1753E+03  1.0251E+03  8.5610E+02  6.8381E+02  5.2140E+02  3.7846E+02  2.6047E+02  1.6893E+02  1.0159E+02  5.7446E+01  2.8862E+01  1.3865E+01  5.0968E+00  9.9081E-01
  1.1646E+03  1.1053E+03  1.0060E+03  8.7750E+02  7.3305E+02  5.8573E+02  4.4682E+02  3.2451E+02  2.2347E+02  1.4513E+02  8.9241E+01  5.0086E+01  2.5686E+01  1.1541E+01  4.8322E+00  8.8615E-01
  9.9211E+02  9.4169E+02  8.5716E+02  7.4783E+02  6.2490E+02  4.9951E+02  3.8124E+02  2.7703E+02  1.9089E+02  1.2398E+02  7.4703E+01  4.1494E+01  2.1953E+01  9.8826E+00  4.0380E+00  8.5104E-01
  8.4137E+02  7.9868E+02  7.2708E+02  6.3449E+02  5.3036E+02  4.2412E+02  3.2385E+02  2.3546E+02  1.6234E+02  1.0552E+02  6.4319E+01  3.6551E+01  1.9048E+01  8.4522E+00  3.3238E+00  8.1772E-01
  7.1034E+02  6.7435E+02  6.1400E+02  5.3595E+02  4.4815E+02  3.5853E+02  2.7390E+02  1.9926E+02  1.3746E+02  8.9389E+01  5.4289E+01  3.0361E+01  1.5699E+01  6.9754E+00  2.6827E+00  7.2829E-01
  5.9704E+02  5.6685E+02  5.1622E+02  4.5072E+02  3.7702E+02  3.0175E+02  2.3065E+02  1.6788E+02  1.1588E+02  7.5396E+01  4.5930E+01  2.6110E+01  1.3384E+01  6.1626E+00  2.2208E+00  6.8981E-01
  4.9958E+02  4.7437E+02  4.3209E+02  3.7738E+02  3.1579E+02  2.5287E+02  1.9338E+02  1.4083E+02  9.7257E+01  6.3310E+01  3.8498E+01  2.1547E+01  1.0894E+01  5.1552E+00  1.9338E+00  5.5077E-01
  4.1619E+02  3.9524E+02  3.6009E+02  3.1459E+02  2.6335E+02  2.1098E+02  1.6143E+02  1.1762E+02  8.1272E+01  5.2930E+01  3.2216E+01  1.8212E+01  9.2928E+00  4.4137E+00  1.6479E+00  4.6333E-01
  3.4520E+02  3.2786E+02  2.9877E+02  2.6111E+02  2.1867E+02  1.7526E+02  1.3417E+02  9.7813E+01  6.7617E+01  4.4056E+01  2.6833E+01  1.4979E+01  7.8404E+00  3.6729E+00  1.3380E+00  3.6428E-01
  2.8506E+02  2.7078E+02  2.4681E+02  2.1577E+02  1.8077E+02  1.4496E+02  1.1103E+02  8.0983E+01  5.6009E+01  3.6508E+01  2.2241E+01  1.2555E+01  6.4120E+00  2.9583E+00  1.1433E+00  2.8347E-01
  2.3438E+02  2.2267E+02  2.0301E+02  1.7753E+02  1.4880E+02  1.1938E+02  9.1478E+01  6.6756E+01  4.6190E+01  3.0120E+01  1.8353E+01  1.0368E+01  5.4358E+00  2.4380E+00  9.3573E-01  2.5729E-01
  1.9186E+02  1.8230E+02  1.6625E+02  1.4544E+02  1.2195E+02  9.7881E+01  7.5043E+01  5.4788E+01  3.7926E+01  2.4740E+01  1.5081E+01  8.4705E+00  4.3161E+00  1.9461E+00  8.0652E-01  2.1400E-01
  1.5638E+02  1.4861E+02  1.3556E+02  1.1863E+02  9.9513E+01  7.9908E+01  6.1293E+01  4.4770E+01  3.1004E+01  2.0231E+01  1.2334E+01  6.9330E+00  3.5468E+00  1.7073E+00  7.2004E-01  1.7710E-01
  1.2691E+02  1.2062E+02  1.1006E+02  9.6344E+01  8.0852E+01  6.4953E+01  4.9844E+01  3.6423E+01  2.5233E+01  1.6471E+01  1.0045E+01  5.6642E+00  2.9343E+00  1.2899E+00  5.2996E-01  1.4402E-01
  1.0255E+02  9.7481E+01  8.8964E+01  7.7907E+01  6.5406E+01  5.2567E+01  4.0357E+01  2.9503E+01  2.0447E+01  1.3351E+01  8.1439E+00  4.5859E+00  2.3057E+00  1.2377E+00  4.8599E-01  1.0767E-01
  8.2505E+01  7.8440E+01  7.1604E+01  6.2725E+01  5.2681E+01  4.2358E+01  3.2534E+01  2.3793E+01  1.6495E+01  1.0773E+01  6.5726E+00  3.6993E+00  1.9278E+00  8.2247E-01  3.6456E-01  9.5775E-02
  6.6094E+01  6.2846E+01  5.7383E+01  5.0284E+01  4.2249E+01  3.3984E+01  2.6113E+01  1.9104E+01  1.3249E+01  8.6551E+00  5.2813E+00  2.9780E+00  1.5361E+00  7.7577E-01  3.3165E-01  9.0675E-02
  5.2719E+01  5.0135E+01  4.5788E+01  4.0136E+01  3.3735E+01  2.7147E+01  2.0867E+01  1.5272E+01  1.0594E+01  6.9225E+00  4.2248E+00  2.3795E+00  1.1988E+00  5.4283E-01  2.2061E-01  7.9130E-02
  4.1869E+01  3.9822E+01  3.6378E+01  3.1898E+01  2.6821E+01  2.1591E+01  1.6603E+01  1.2155E+01  8.4342E+00  5.5121E+00  3.3643E+00  1.8930E+00  9.9345E-01  4.6002E-01  2.5351E-01  7.2829E-02
  3.3109E+01  3.1495E+01  2.8777E+01  2.5241E+01  2.1231E+01  1.7097E+01  1.3152E+01  9.6319E+00  6.6850E+00  4.3698E+00  2.6677E+00  1.5047E+00  7.6785E-01  3.7093E-01  1.6205E-01  5.6588E-02
  2.6069E+01  2.4801E+01  2.2666E+01  1.9887E+01  1.6733E+01  1.3480E+01  1.0373E+01  7.5988E+00  5.2750E+00  3.4482E+00  2.1046E+00  1.1854E+00  5.9426E-01  2.7297E-01  1.8197E-01  5.9881E-02
  2.0438E+01  1.9446E+01  1.7776E+01  1.5601E+01  1.3131E+01  1.0582E+01  8.1454E+00  5.9687E+00  4.1445E+00  2.7104E+00  1.6559E+00  9.3295E-01  5.0611E-01  2.5054E-01  1.2965E-01  5.5814E-02
  1.5954E+01  1.5182E+01  1.3881E+01  1.2186E+01  1.0260E+01  8.2706E+00  6.3680E+00  4.6670E+00  3.2402E+00  2.1174E+00  1.2901E+00  7.2279E-01  3.7618E-01  1.8420E-01  1.1800E-01  4.6133E-02
  1.2401E+01  1.1802E+01  1.0793E+01  9.4769E+00  7.9814E+00  6.4361E+00  4.9573E+00  3.6352E+00  2.5269E+00  1.6554E+00  1.0127E+00  5.7166E-01  2.8733E-01  1.5222E-01  6.4132E-02  2.8612E-02
  9.5971E+00  9.1347E+00  8.3552E+00  7.3385E+00  6.1820E+00  4.9859E+00  3.8396E+00  2.8125E+00  1.9487E+00  1.2665E+00  7.6390E-01  4.2426E-01  2.3640E-01  1.1269E-01  7.5776E-02  4.1967E-02
  7.3956E+00  7.0401E+00  6.4405E+00  5.6583E+00  4.7686E+00  3.8494E+00  2.9707E+00  2.1860E+00  1.5273E+00  1.0061E+00  6.1991E-01  3.5446E-01  1.9658E-01  8.2652E-02  6.9812E-02  2.3583E-02
  5.6747E+00  5.4024E+00  4.9428E+00  4.3420E+00  3.6561E+00  2.9430E+00  2.2550E+00  1.6350E+00  1.1142E+00  7.1013E-01  4.2312E-01  2.3557E-01  1.1705E-01  9.6345E-02  3.3486E-02  4.0728E-02
  4.3357E+00  4.1284E+00  3.7802E+00  3.3293E+00  2.8213E+00  2.3007E+00  1.8032E+00  1.3530E+00  9.6557E-01  6.5014E-01  4.0855E-01  2.3435E-01  1.2739E-01  9.4854E-02  4.1427E-02  2.8022E-02
  3.2970E+00  3.1298E+00  2.8444E+00  2.4667E+00  2.0330E+00  1.5872E+00  1.1719E+00  8.1831E-01  5.4064E-01  3.3956E-01  2.0255E-01  1.1218E-01  6.5656E-02  7.3549E-02  5.8061E-02  3.0710E-02
  2.5116E+00  2.4512E+00  2.3397E+00  2.1731E+00  1.9493E+00  1.6736E+00  1.3627E+00  1.0439E+00  7.4687E-01  4.9494E-01  3.0188E-01  1.6940E-01  8.5397E-02  6.1661E-02  4.8347E-02  3.5548E-02
