# CREATED BY GENE DIAGNOSTICS TOOL on Sat May 17 18:09:28 2025 /home/unix/ottink/gene/diagnostics
# diag: vsp1, run(s): vim010vep020, time window: 253.19-253.1946(1 steps), species: e
# original data path: /Differ/Data/IMT/lottink/Tokamak_ITG/vres_scan/v1/
# normalization: L_ref=1.65m
#
# vpar
 -3.0000E+00
 -2.9528E+00
 -2.9055E+00
 -2.8583E+00
 -2.8110E+00
 -2.7638E+00
 -2.7165E+00
 -2.6693E+00
 -2.6220E+00
 -2.5748E+00
 -2.5276E+00
 -2.4803E+00
 -2.4331E+00
 -2.3858E+00
 -2.3386E+00
 -2.2913E+00
 -2.2441E+00
 -2.1969E+00
 -2.1496E+00
 -2.1024E+00
 -2.0551E+00
 -2.0079E+00
 -1.9606E+00
 -1.9134E+00
 -1.8661E+00
 -1.8189E+00
 -1.7717E+00
 -1.7244E+00
 -1.6772E+00
 -1.6299E+00
 -1.5827E+00
 -1.5354E+00
 -1.4882E+00
 -1.4409E+00
 -1.3937E+00
 -1.3465E+00
 -1.2992E+00
 -1.2520E+00
 -1.2047E+00
 -1.1575E+00
 -1.1102E+00
 -1.0630E+00
 -1.0157E+00
 -9.6850E-01
 -9.2126E-01
 -8.7402E-01
 -8.2677E-01
 -7.7953E-01
 -7.3228E-01
 -6.8504E-01
 -6.3780E-01
 -5.9055E-01
 -5.4331E-01
 -4.9606E-01
 -4.4882E-01
 -4.0157E-01
 -3.5433E-01
 -3.0709E-01
 -2.5984E-01
 -2.1260E-01
 -1.6535E-01
 -1.1811E-01
 -7.0866E-02
 -2.3622E-02
  2.3622E-02
  7.0866E-02
  1.1811E-01
  1.6535E-01
  2.1260E-01
  2.5984E-01
  3.0709E-01
  3.5433E-01
  4.0157E-01
  4.4882E-01
  4.9606E-01
  5.4331E-01
  5.9055E-01
  6.3780E-01
  6.8504E-01
  7.3228E-01
  7.7953E-01
  8.2677E-01
  8.7402E-01
  9.2126E-01
  9.6850E-01
  1.0157E+00
  1.0630E+00
  1.1102E+00
  1.1575E+00
  1.2047E+00
  1.2520E+00
  1.2992E+00
  1.3465E+00
  1.3937E+00
  1.4409E+00
  1.4882E+00
  1.5354E+00
  1.5827E+00
  1.6299E+00
  1.6772E+00
  1.7244E+00
  1.7717E+00
  1.8189E+00
  1.8661E+00
  1.9134E+00
  1.9606E+00
  2.0079E+00
  2.0551E+00
  2.1024E+00
  2.1496E+00
  2.1969E+00
  2.2441E+00
  2.2913E+00
  2.3386E+00
  2.3858E+00
  2.4331E+00
  2.4803E+00
  2.5276E+00
  2.5748E+00
  2.6220E+00
  2.6693E+00
  2.7165E+00
  2.7638E+00
  2.8110E+00
  2.8583E+00
  2.9055E+00
  2.9528E+00
  3.0000E+00


# mu
  1.3581E-02
  7.1692E-02
  1.7680E-01
  3.2992E-01
  5.3256E-01
  7.8681E-01
  1.0955E+00
  1.4624E+00
  1.8925E+00
  2.3926E+00
  2.9718E+00
  3.6436E+00
  4.4281E+00
  5.3585E+00
  6.4984E+00
  8.0108E+00


# trapped boundary
#  mu         vpar      
  1.3581E-02 -6.4579E-02
  1.3581E-02  7.6321E-02
  7.1692E-02 -1.5851E-01
  7.1692E-02  1.7025E-01
  1.7680E-01 -2.5245E-01
  1.7680E-01  2.6419E-01
  3.2992E-01 -3.4638E-01
  3.2992E-01  3.5812E-01
  5.3256E-01 -4.4031E-01
  5.3256E-01  4.5205E-01
  7.8681E-01 -5.3425E-01
  7.8681E-01  5.4599E-01
  1.0955E+00 -6.2818E-01
  1.0955E+00  6.3992E-01
  1.4624E+00 -7.3386E-01
  1.4624E+00  7.4560E-01
  1.8925E+00 -8.2779E-01
  1.8925E+00  8.3953E-01
  2.3926E+00 -9.3346E-01
  2.3926E+00  9.4521E-01
  2.9718E+00 -1.0509E+00
  2.9718E+00  1.0626E+00
  3.6436E+00 -1.1566E+00
  3.6436E+00  1.1683E+00
  4.4281E+00 -1.2740E+00
  4.4281E+00  1.2857E+00
  5.3585E+00 -1.4031E+00
  5.3585E+00  1.4149E+00
  6.4984E+00 -1.5440E+00
  6.4984E+00  1.5558E+00
  8.0108E+00 -1.7202E+00
  8.0108E+00  1.7319E+00


# , time = 253.1946, var = <|f|^2>^(1/2) , z = 0
  2.3517E+03  2.2896E+03  2.1794E+03  2.0203E+03  1.8095E+03  1.5474E+03  1.2470E+03  9.3877E+02  6.5959E+02  4.3419E+02  2.6718E+02  1.5206E+02  1.4695E+02  7.3404E+02  6.5423E+02  5.1685E+02
  3.1764E+03  3.0116E+03  2.7331E+03  2.3693E+03  1.9566E+03  1.5339E+03  1.1359E+03  7.9002E+02  5.1493E+02  3.1772E+02  1.8733E+02  1.0356E+02  2.4355E+02  1.0362E+03  9.5650E+02  5.3007E+02
  4.2608E+03  4.0503E+03  3.6973E+03  3.2422E+03  2.7348E+03  2.2238E+03  1.7459E+03  1.3189E+03  9.4608E+02  6.3207E+02  3.8992E+02  2.2320E+02  3.8628E+02  1.2518E+03  6.3139E+02  4.5625E+02
  5.6915E+03  5.4118E+03  4.9404E+03  4.3256E+03  3.6268E+03  2.9058E+03  2.2192E+03  1.6108E+03  1.1055E+03  7.1042E+02  4.2318E+02  2.3406E+02  5.8802E+02  1.1306E+03  4.0952E+02  7.7285E+02
  7.5665E+03  7.1964E+03  6.5727E+03  5.7603E+03  4.8386E+03  3.8897E+03  2.9883E+03  2.1918E+03  1.5333E+03  1.0182E+03  6.3299E+02  3.5924E+02  6.3103E+02  6.1127E+02  1.0892E+03  5.2114E+02
  1.0011E+04  9.5237E+03  8.7020E+03  7.6307E+03  6.4137E+03  5.1579E+03  3.9588E+03  2.8903E+03  1.9994E+03  1.3044E+03  7.9554E+02  4.5109E+02  8.4397E+02  9.9060E+02  8.7216E+02  5.5111E+02
  1.3183E+04  1.2544E+04  1.1467E+04  1.0061E+04  8.4627E+03  6.8122E+03  5.2357E+03  3.8310E+03  2.6593E+03  1.7444E+03  1.0751E+03  6.1614E+02  1.2318E+03  1.0955E+03  9.5882E+02  5.6448E+02
  1.7279E+04  1.6445E+04  1.5039E+04  1.3203E+04  1.1114E+04  8.9533E+03  6.8870E+03  5.0423E+03  3.4993E+03  2.2896E+03  1.4026E+03  7.8701E+02  1.1842E+03  1.5274E+03  1.1950E+03  5.9683E+02
  2.2542E+04  2.1460E+04  1.9633E+04  1.7246E+04  1.4527E+04  1.1713E+04  9.0180E+03  6.6093E+03  4.5926E+03  3.0101E+03  1.8483E+03  1.0632E+03  1.3289E+03  1.5682E+03  1.7763E+03  5.2930E+02
  2.9272E+04  2.7874E+04  2.5512E+04  2.2424E+04  1.8902E+04  1.5253E+04  1.1754E+04  8.6221E+03  5.9961E+03  3.9320E+03  2.4134E+03  1.3755E+03  1.5150E+03  1.1579E+03  2.5370E+03  3.6571E+02
  3.7838E+04  3.6039E+04  3.3000E+04  2.9023E+04  2.4483E+04  1.9772E+04  1.5250E+04  1.1197E+04  7.7941E+03  5.1161E+03  3.1438E+03  1.7901E+03  1.7714E+03  2.1513E+03  2.4315E+03  6.8058E+02
  4.8687E+04  4.6384E+04  4.2491E+04  3.7392E+04  3.1566E+04  2.5515E+04  1.9696E+04  1.4475E+04  1.0085E+04  6.6252E+03  4.0747E+03  2.3426E+03  2.4742E+03  1.6957E+03  2.6678E+03  6.0396E+02
  6.2362E+04  5.9428E+04  5.4464E+04  4.7958E+04  4.0516E+04  3.2776E+04  2.5325E+04  1.8628E+04  1.2991E+04  8.5417E+03  5.2558E+03  2.9458E+03  1.8063E+03  2.9698E+03  2.5471E+03  6.2596E+02
  7.9517E+04  7.5796E+04  6.9496E+04  6.1232E+04  5.1769E+04  4.1915E+04  3.2416E+04  2.3867E+04  1.6659E+04  1.0963E+04  6.7527E+03  3.9634E+03  2.5534E+03  3.5922E+03  2.4166E+03  5.7118E+02
  1.0094E+05  9.6237E+04  8.8280E+04  7.7831E+04  6.5853E+04  5.3364E+04  4.1308E+04  3.0442E+04  2.1269E+04  1.4009E+04  8.6408E+03  5.0904E+03  3.6730E+03  4.3350E+03  2.2976E+03  5.7346E+02
  1.2755E+05  1.2165E+05  1.1164E+05  9.8489E+04  8.3396E+04  6.7639E+04  5.2407E+04  3.8659E+04  2.7034E+04  1.7823E+04  1.0989E+04  5.9311E+03  4.0149E+03  8.0951E+03  2.5381E+03  7.0153E+02
  1.6046E+05  1.5308E+05  1.4055E+05  1.2408E+05  1.0515E+05  8.5356E+04  6.6196E+04  4.8877E+04  3.4212E+04  2.2576E+04  1.3945E+04  8.2653E+03  6.4242E+03  6.5904E+03  2.5750E+03  1.0127E+03
  2.0098E+05  1.9178E+05  1.7618E+05  1.5563E+05  1.3199E+05  1.0724E+05  8.3248E+04  6.1527E+04  4.3108E+04  2.8473E+04  1.7613E+04  1.0899E+04  5.8135E+03  8.4420E+03  3.4107E+03  1.5105E+03
  2.5062E+05  2.3922E+05  2.1986E+05  1.9434E+05  1.6496E+05  1.3415E+05  1.0424E+05  7.7116E+04  5.4083E+04  3.5755E+04  2.2086E+04  1.2000E+04  9.0578E+03  7.7539E+03  2.9575E+03  1.5676E+03
  3.1116E+05  2.9709E+05  2.7318E+05  2.4164E+05  2.0527E+05  1.6709E+05  1.2996E+05  9.6238E+04  6.7559E+04  4.4707E+04  2.7722E+04  1.5861E+04  1.4481E+04  7.2503E+03  2.8684E+03  1.6745E+03
  3.8466E+05  3.6736E+05  3.3796E+05  2.9915E+05  2.5433E+05  2.0721E+05  1.6132E+05  1.1959E+05  8.4033E+04  5.5665E+04  3.4530E+04  2.1547E+04  1.6004E+04  7.1228E+03  3.9245E+03  1.4528E+03
  4.7348E+05  4.5232E+05  4.1632E+05  3.6875E+05  3.1376E+05  2.5587E+05  1.9940E+05  1.4797E+05  1.0408E+05  6.9007E+04  4.2620E+04  2.3770E+04  2.2910E+04  1.0202E+04  6.0219E+03  1.4648E+03
  5.8034E+05  5.5456E+05  5.1067E+05  4.5262E+05  3.8544E+05  3.1462E+05  2.4543E+05  1.8230E+05  1.2837E+05  8.5201E+04  5.3287E+04  3.4133E+04  2.3227E+04  1.1828E+04  8.4155E+03  1.2109E+03
  7.0835E+05  6.7706E+05  6.2377E+05  5.5322E+05  4.7149E+05  3.8521E+05  3.0080E+05  2.2367E+05  1.5765E+05  1.0476E+05  6.5054E+04  3.6227E+04  2.4062E+04  1.3210E+04  7.9375E+03  1.9712E+03
  8.6102E+05  8.2320E+05  7.5875E+05  6.7337E+05  5.7434E+05  4.6967E+05  3.6712E+05  2.7327E+05  1.9282E+05  1.2825E+05  7.9550E+04  5.6663E+04  2.9237E+04  1.6870E+04  8.4876E+03  1.9494E+03
  1.0423E+06  9.9680E+05  9.1916E+05  8.1623E+05  6.9673E+05  5.7027E+05  4.4620E+05  3.3248E+05  2.3485E+05  1.5631E+05  9.6598E+04  5.9734E+04  2.9834E+04  2.3202E+04  7.6857E+03  2.6788E+03
  1.2568E+06  1.2022E+06  1.1090E+06  9.8536E+05  8.4173E+05  6.8957E+05  5.4007E+05  4.0285E+05  2.8488E+05  1.9020E+05  1.2505E+05  8.4616E+04  4.6691E+04  3.2588E+04  8.9748E+03  2.2990E+03
  1.5095E+06  1.4441E+06  1.3327E+06  1.1848E+06  1.0128E+06  8.3041E+05  6.5101E+05  4.8611E+05  3.4413E+05  2.2915E+05  1.3235E+05  7.7496E+04  4.8084E+04  2.9537E+04  1.3174E+04  2.3201E+03
  1.8059E+06  1.7280E+06  1.5952E+06  1.4189E+06  1.2137E+06  9.9597E+05  7.8155E+05  5.8421E+05  4.1414E+05  2.7817E+05  1.9414E+05  1.1589E+05  6.9500E+04  3.1957E+04  1.4872E+04  2.3018E+03
  2.1524E+06  2.0599E+06  1.9021E+06  1.6926E+06  1.4487E+06  1.1898E+06  9.3450E+05  6.9929E+05  4.9611E+05  3.2886E+05  1.9305E+05  1.1290E+05  7.9659E+04  3.3436E+04  1.7980E+04  2.0145E+03
  2.5558E+06  2.4463E+06  2.2594E+06  2.0113E+06  1.7225E+06  1.4157E+06  1.1129E+06  8.3373E+05  5.9287E+05  4.0631E+05  2.8726E+05  1.6943E+05  1.0228E+05  5.0431E+04  1.5784E+04  2.6767E+03
  3.0238E+06  2.8944E+06  2.6738E+06  2.3810E+06  2.0401E+06  1.6779E+06  1.3203E+06  9.9008E+05  7.0336E+05  4.5676E+05  2.6856E+05  1.7505E+05  9.7041E+04  6.8643E+04  1.4342E+04  2.7359E+03
  3.5647E+06  3.4124E+06  3.1527E+06  2.8081E+06  2.4072E+06  1.9810E+06  1.5601E+06  1.1714E+06  8.3763E+05  5.9527E+05  3.8626E+05  2.3982E+05  1.2701E+05  7.4363E+04  1.3795E+04  3.4114E+03
  4.1878E+06  4.0089E+06  3.7040E+06  3.2998E+06  2.8296E+06  2.3299E+06  1.8365E+06  1.3802E+06  9.7922E+05  6.2951E+05  4.0959E+05  2.6733E+05  1.7271E+05  7.3731E+04  1.2731E+04  4.0792E+03
  4.9028E+06  4.6932E+06  4.3363E+06  3.8635E+06  3.3139E+06  2.7302E+06  2.1538E+06  1.6215E+06  1.1722E+06  8.4135E+05  5.3556E+05  3.3248E+05  2.3336E+05  6.0840E+04  1.5740E+04  4.4214E+03
  5.7206E+06  5.4757E+06  5.0590E+06  4.5074E+06  3.8671E+06  3.1875E+06  2.5166E+06  1.8951E+06  1.3403E+06  8.7899E+05  6.0747E+05  3.7652E+05  2.6332E+05  5.1433E+04  1.7382E+04  5.2308E+03
  6.6524E+06  6.3670E+06  5.8818E+06  5.2404E+06  4.4966E+06  3.7080E+06  2.9300E+06  2.2143E+06  1.6241E+06  1.1057E+06  7.7350E+05  5.3759E+05  2.3163E+05  5.4454E+04  2.0278E+04  5.7439E+03
  7.7106E+06  7.3789E+06  6.8155E+06  6.0717E+06  5.2104E+06  4.2984E+06  3.4000E+06  2.5657E+06  1.8293E+06  1.2907E+06  8.9858E+05  6.8240E+05  1.8886E+05  5.5638E+04  2.3885E+04  6.1228E+03
  8.9079E+06  8.5234E+06  7.8712E+06  7.0112E+06  6.0170E+06  4.9659E+06  3.9313E+06  2.9842E+06  2.1722E+06  1.5737E+06  1.1102E+06  7.1546E+05  1.6227E+05  6.6989E+04  2.5289E+04  7.4167E+03
  1.0258E+07  9.8134E+06  9.0605E+06  8.0693E+06  6.9254E+06  5.7186E+06  4.5341E+06  3.4441E+06  2.4903E+06  1.8801E+06  1.3952E+06  6.0670E+05  1.5576E+05  7.5988E+04  2.7792E+04  7.5914E+03
  1.1774E+07  1.1262E+07  1.0396E+07  9.2570E+06  7.9453E+06  6.5635E+06  5.2076E+06  3.9550E+06  2.9097E+06  2.2599E+06  1.6913E+06  4.3452E+05  1.8308E+05  8.0547E+04  3.1453E+04  9.0109E+03
  1.3470E+07  1.2883E+07  1.1889E+07  1.0586E+07  9.0872E+06  7.5150E+06  5.9814E+06  4.6036E+06  3.5543E+06  2.6940E+06  1.6345E+06  3.8861E+05  1.9960E+05  8.8302E+04  3.2239E+04  9.8928E+03
  1.5361E+07  1.4689E+07  1.3555E+07  1.2068E+07  1.0362E+07  8.5698E+06  6.8173E+06  5.1650E+06  4.1895E+06  3.2613E+06  1.1509E+06  4.3689E+05  2.1225E+05  9.6119E+04  3.7937E+04  1.0353E+04
  1.7459E+07  1.6695E+07  1.5404E+07  1.3716E+07  1.1783E+07  9.7757E+06  7.8357E+06  6.1572E+06  4.9495E+06  3.5505E+06  8.6513E+05  4.6197E+05  2.2875E+05  9.9034E+04  4.0425E+04  1.2526E+04
  1.9779E+07  1.8914E+07  1.7453E+07  1.5544E+07  1.3363E+07  1.1070E+07  8.8205E+06  7.1432E+06  5.8344E+06  2.8360E+06  9.3001E+05  4.8999E+05  2.4376E+05  1.1396E+05  4.2898E+04  1.2319E+04
  2.2335E+07  2.1359E+07  1.9714E+07  1.7568E+07  1.5123E+07  1.2620E+07  1.0231E+07  8.5423E+06  6.6346E+06  1.8622E+06  9.8625E+05  5.1512E+05  2.5095E+05  1.2064E+05  5.0575E+04  1.4974E+04
  2.5137E+07  2.4045E+07  2.2204E+07  1.9804E+07  1.7068E+07  1.4202E+07  1.1589E+07  9.9615E+06  5.8817E+06  1.7754E+06  1.0069E+06  5.4173E+05  2.8160E+05  1.2683E+05  5.0053E+04  1.5541E+04
  2.8199E+07  2.6984E+07  2.4937E+07  2.2271E+07  1.9263E+07  1.6185E+07  1.3771E+07  1.1392E+07  3.8050E+06  1.9981E+06  1.0459E+06  5.5447E+05  2.9895E+05  1.4891E+05  5.9707E+04  1.7022E+04
  3.1533E+07  3.0193E+07  2.7934E+07  2.4998E+07  2.1654E+07  1.8290E+07  1.6193E+07  1.0728E+07  3.2285E+06  1.9379E+06  1.0785E+06  6.0460E+05  3.0981E+05  1.4836E+05  6.2093E+04  1.9136E+04
  3.5152E+07  3.3685E+07  3.1215E+07  2.8004E+07  2.4425E+07  2.1156E+07  1.8533E+07  7.0971E+06  3.6815E+06  1.8580E+06  1.0952E+06  6.5383E+05  3.6530E+05  1.7162E+05  6.6294E+04  1.9067E+04
  3.9071E+07  3.7482E+07  3.4808E+07  3.1362E+07  2.7552E+07  2.4888E+07  1.7919E+07  5.4790E+06  3.6596E+06  2.0174E+06  1.1837E+06  6.7436E+05  3.6779E+05  1.8038E+05  7.4171E+04  2.1751E+04
  4.3310E+07  4.1609E+07  3.8754E+07  3.5080E+07  3.1301E+07  2.8738E+07  1.2295E+07  6.0485E+06  3.0320E+06  1.9791E+06  1.2995E+06  7.8848E+05  4.0392E+05  1.8431E+05  7.2970E+04  2.1804E+04
  4.7901E+07  4.6107E+07  4.3116E+07  3.9391E+07  3.6666E+07  2.7761E+07  8.5903E+06  6.5441E+06  3.4598E+06  2.1376E+06  1.3628E+06  7.9686E+05  4.2736E+05  2.0502E+05  8.1643E+04  2.3807E+04
  5.2895E+07  5.1042E+07  4.7999E+07  4.4505E+07  4.2146E+07  1.9438E+07  9.4788E+06  5.0487E+06  3.5830E+06  2.5142E+06  1.5049E+06  8.1277E+05  4.2211E+05  2.0271E+05  8.3338E+04  2.5316E+04
  5.8385E+07  5.6537E+07  5.3642E+07  5.1588E+07  4.2931E+07  1.2261E+07  1.1017E+07  5.4967E+06  3.5752E+06  2.4632E+06  1.4908E+06  8.6074E+05  4.6503E+05  2.2183E+05  8.9362E+04  2.6759E+04
  6.4540E+07  6.2814E+07  6.0434E+07  5.9981E+07  2.8112E+07  1.4354E+07  8.7487E+06  6.3190E+06  4.4845E+06  2.5370E+06  1.4796E+06  8.6970E+05  4.8000E+05  2.3378E+05  9.5310E+04  2.8208E+04
  7.1666E+07  7.0284E+07  6.9919E+07  6.1063E+07  1.8907E+07  1.8093E+07  8.1713E+06  5.7484E+06  4.0254E+06  2.4985E+06  1.5826E+06  9.4722E+05  5.1706E+05  2.4913E+05  1.0159E+05  3.0473E+04
  8.0297E+07  7.9764E+07  8.2459E+07  4.0311E+07  2.1590E+07  1.2688E+07  1.0063E+07  6.9777E+06  3.8742E+06  2.6268E+06  1.7111E+06  1.0056E+06  5.4148E+05  2.5511E+05  1.0031E+05  2.8711E+04
  9.1372E+07  9.3426E+07  8.5057E+07  2.6764E+07  2.5988E+07  1.2068E+07  8.6084E+06  6.2822E+06  4.3923E+06  2.8916E+06  1.8225E+06  1.0760E+06  5.8499E+05  2.7988E+05  1.1257E+05  3.3143E+04
  1.0650E+08  1.1437E+08  5.6161E+07  3.2587E+07  1.8130E+07  1.5062E+07  9.9642E+06  6.6848E+06  4.6166E+06  2.9860E+06  1.8388E+06  1.0487E+06  5.4941E+05  2.5240E+05  9.7657E+04  2.7884E+04
  1.2901E+08  1.2558E+08  4.1292E+07  3.8107E+07  2.1245E+07  1.4176E+07  1.1768E+07  7.1961E+06  4.8960E+06  3.1759E+06  1.9910E+06  1.1669E+06  6.2263E+05  2.9258E+05  1.1648E+05  3.4160E+04
  1.6550E+08  9.4110E+07  5.5056E+07  3.0517E+07  2.8154E+07  1.7107E+07  1.0863E+07  7.2411E+06  5.1137E+06  3.3023E+06  2.0045E+06  1.1251E+06  5.7097E+05  2.5935E+05  1.0127E+05  2.9631E+04
  2.1807E+08  6.6513E+07  5.1907E+07  4.1260E+07  2.1928E+07  1.6786E+07  1.1869E+07  8.2977E+06  5.3611E+06  3.4398E+06  2.0957E+06  1.2174E+06  6.5517E+05  3.1505E+05  1.2929E+05  3.9072E+04
  2.1203E+08  9.1070E+07  4.5865E+07  3.8841E+07  3.1997E+07  1.8393E+07  1.0179E+07  7.4670E+06  5.3314E+06  3.6584E+06  2.4713E+06  1.5643E+06  9.0712E+05  4.6140E+05  1.9684E+05  6.1164E+04
  1.7509E+08  3.8810E+07  2.8071E+07  3.2370E+07  2.8182E+07  1.2760E+07  9.2509E+06  7.4420E+06  5.2642E+06  3.4056E+06  2.0643E+06  1.1665E+06  5.8632E+05  2.5926E+05  9.5769E+04  2.5389E+04
  1.3383E+08  2.9526E+07  3.8819E+07  2.0111E+07  1.4491E+07  1.4735E+07  1.1276E+07  7.0442E+06  4.5605E+06  2.9774E+06  1.8161E+06  1.0389E+06  5.4473E+05  2.4967E+05  9.6355E+04  2.6859E+04
  4.3692E+07  8.0821E+07  2.0951E+07  1.9591E+07  1.8506E+07  9.4177E+06  7.1224E+06  5.5170E+06  4.1676E+06  2.9065E+06  1.9709E+06  1.2008E+06  6.6084E+05  3.1507E+05  1.2555E+05  3.6114E+04
  1.8742E+07  5.4271E+07  2.9055E+07  1.8973E+07  8.9730E+06  9.7477E+06  9.1924E+06  5.5426E+06  3.9077E+06  2.5860E+06  1.6020E+06  9.3190E+05  5.0832E+05  2.4452E+05  9.9515E+04  2.9325E+04
  2.3576E+07  1.9395E+07  4.9266E+07  1.5300E+07  1.2126E+07  8.5644E+06  5.2788E+06  4.1377E+06  3.3065E+06  2.3400E+06  1.5904E+06  9.8988E+05  5.6712E+05  2.8388E+05  1.1893E+05  3.5957E+04
  2.9517E+07  2.3547E+07  2.8551E+07  2.5527E+07  1.5701E+07  5.3583E+06  5.5174E+06  4.7384E+06  3.1241E+06  2.1317E+06  1.4052E+06  8.4418E+05  4.6427E+05  2.2430E+05  9.1759E+04  2.7426E+04
  3.3524E+07  2.9452E+07  1.9403E+07  2.7353E+07  1.3442E+07  9.3869E+06  4.8966E+06  3.3400E+06  2.5308E+06  1.8669E+06  1.2778E+06  7.8956E+05  4.5129E+05  2.2732E+05  9.6722E+04  3.0179E+04
  3.6167E+07  3.2793E+07  2.5993E+07  1.7022E+07  1.7315E+07  8.9675E+06  3.5744E+06  2.8915E+06  2.5427E+06  1.7287E+06  1.1527E+06  7.2693E+05  4.1729E+05  2.0802E+05  8.5562E+04  2.5521E+04
  3.7863E+07  3.4899E+07  2.9612E+07  1.9547E+07  1.6809E+07  9.2665E+06  5.5357E+06  2.8578E+06  1.9100E+06  1.4418E+06  1.0775E+06  6.9432E+05  3.9379E+05  1.9592E+05  8.1353E+04  2.4947E+04
  3.8845E+07  3.6155E+07  3.1490E+07  2.4516E+07  1.3357E+07  1.1965E+07  6.0870E+06  2.3412E+06  1.7032E+06  1.3204E+06  9.3493E+05  5.9852E+05  3.4964E+05  1.8228E+05  7.7754E+04  2.3656E+04
  3.9257E+07  3.6768E+07  3.2483E+07  2.6644E+07  1.7956E+07  1.0243E+07  6.6064E+06  3.3414E+06  1.7554E+06  1.1697E+06  7.6261E+05  5.4867E+05  3.4264E+05  1.7780E+05  7.3993E+04  2.2130E+04
  3.9205E+07  3.6871E+07  3.2896E+07  2.7607E+07  2.1107E+07  1.0314E+07  6.9671E+06  3.7900E+06  1.6303E+06  1.1350E+06  8.1951E+05  5.2843E+05  2.9515E+05  1.5123E+05  6.6146E+04  2.0952E+04
  3.8767E+07  3.6561E+07  3.2817E+07  2.7865E+07  2.2129E+07  1.4745E+07  6.3484E+06  3.8107E+06  2.0283E+06  1.1043E+06  7.2006E+05  4.2569E+05  2.6428E+05  1.4790E+05  6.5700E+04  2.0266E+04
  3.8008E+07  3.5913E+07  3.2367E+07  2.7704E+07  2.2355E+07  1.6887E+07  7.6369E+06  4.1726E+06  2.1842E+06  1.1015E+06  7.0096E+05  4.7266E+05  2.7644E+05  1.3378E+05  5.5519E+04  1.7591E+04
  3.6983E+07  3.4989E+07  3.1617E+07  2.7202E+07  2.2114E+07  1.7090E+07  1.0995E+07  3.8647E+06  2.1417E+06  1.2421E+06  7.0795E+05  4.3030E+05  2.2681E+05  1.1706E+05  5.3478E+04  1.7545E+04
  3.5735E+07  3.3836E+07  3.0628E+07  2.6432E+07  2.1651E+07  1.6604E+07  1.2292E+07  5.0801E+06  2.3635E+06  1.2650E+06  6.8186E+05  3.9573E+05  2.4341E+05  1.2585E+05  5.0414E+04  1.4891E+04
  3.4306E+07  3.2500E+07  2.9450E+07  2.5466E+07  2.0930E+07  1.6337E+07  1.2176E+07  7.2980E+06  2.3871E+06  1.1299E+06  7.2543E+05  4.1176E+05  2.2407E+05  1.0373E+05  4.3321E+04  1.4180E+04
  3.2730E+07  3.1017E+07  2.8124E+07  2.4348E+07  2.0061E+07  1.5573E+07  1.1429E+07  8.0782E+06  3.0898E+06  1.2153E+06  7.1136E+05  3.8328E+05  2.0135E+05  1.0763E+05  4.6632E+04  1.3483E+04
  3.1041E+07  2.9420E+07  2.6686E+07  2.3119E+07  1.9075E+07  1.4964E+07  1.1146E+07  8.0201E+06  4.3665E+06  1.3399E+06  6.0515E+05  3.8772E+05  2.0843E+05  9.8906E+04  3.8195E+04  1.1486E+04
  2.9268E+07  2.7741E+07  2.5167E+07  2.1812E+07  1.8012E+07  1.4102E+07  1.0297E+07  7.3359E+06  4.8634E+06  1.7106E+06  5.8950E+05  3.6939E+05  1.9002E+05  8.7731E+04  3.9020E+04  1.2278E+04
  2.7440E+07  2.6008E+07  2.3594E+07  2.0453E+07  1.6899E+07  1.3272E+07  9.9714E+06  6.9724E+06  4.8215E+06  2.3234E+06  6.6366E+05  3.1868E+05  1.8620E+05  8.9988E+04  3.5280E+04  9.8674E+03
  2.5583E+07  2.4246E+07  2.1994E+07  1.9067E+07  1.5759E+07  1.2379E+07  9.1325E+06  6.3527E+06  4.3962E+06  2.6681E+06  8.6261E+05  2.9642E+05  1.7683E+05  8.0353E+04  3.1139E+04  1.0213E+04
  2.3721E+07  2.2479E+07  2.0389E+07  1.7674E+07  1.4611E+07  1.1488E+07  8.6037E+06  6.1146E+06  4.1073E+06  2.7005E+06  1.1031E+06  3.1249E+05  1.5188E+05  7.7817E+04  3.1519E+04  8.8359E+03
  2.1875E+07  2.0728E+07  1.8798E+07  1.6294E+07  1.3472E+07  1.0598E+07  7.8861E+06  5.4926E+06  3.6586E+06  2.4462E+06  1.3167E+06  3.7195E+05  1.3982E+05  7.3679E+04  2.7422E+04  7.9475E+03
  2.0066E+07  1.9011E+07  1.7239E+07  1.4941E+07  1.2355E+07  9.7242E+06  7.2714E+06  5.1887E+06  3.4275E+06  2.2289E+06  1.3790E+06  4.6341E+05  1.3955E+05  6.2979E+04  2.6778E+04  7.8038E+03
  1.8310E+07  1.7346E+07  1.5726E+07  1.3629E+07  1.1271E+07  8.8753E+06  6.6325E+06  4.6609E+06  3.1123E+06  1.9883E+06  1.2676E+06  5.6861E+05  1.4067E+05  5.8544E+04  2.5045E+04  6.5767E+03
  1.6621E+07  1.5744E+07  1.4272E+07  1.2368E+07  1.0230E+07  8.0589E+06  6.0322E+06  4.2913E+06  2.8729E+06  1.8094E+06  1.1215E+06  6.1004E+05  1.7027E+05  5.4760E+04  2.1405E+04  6.5892E+03
  1.5010E+07  1.4217E+07  1.2886E+07  1.1167E+07  9.2376E+06  7.2809E+06  5.4537E+06  3.8627E+06  2.5840E+06  1.6257E+06  9.9731E+05  6.0034E+05  2.1087E+05  4.9333E+04  2.0338E+04  5.9065E+03
  1.3487E+07  1.2773E+07  1.1577E+07  1.0032E+07  8.3005E+06  6.5455E+06  4.9077E+06  3.4910E+06  2.3502E+06  1.4583E+06  8.7729E+05  5.2759E+05  2.2656E+05  5.6202E+04  1.7648E+04  5.2092E+03
  1.2057E+07  1.1419E+07  1.0349E+07  8.9684E+06  7.4221E+06  5.8558E+06  4.3946E+06  3.1265E+06  2.0972E+06  1.3557E+06  7.9447E+05  4.5690E+05  2.4198E+05  6.2541E+04  1.5392E+04  5.0100E+03
  1.0726E+07  1.0158E+07  9.2062E+06  7.9787E+06  6.6047E+06  5.2138E+06  3.9163E+06  2.7914E+06  1.8828E+06  1.1712E+06  6.9288E+05  3.9040E+05  2.1798E+05  6.8027E+04  1.6148E+04  4.0338E+03
  9.4952E+06  8.9921E+06  8.1499E+06  7.0642E+06  5.8495E+06  4.6202E+06  3.4736E+06  2.4787E+06  1.6707E+06  1.0783E+06  6.4788E+05  3.5139E+05  1.9258E+05  7.7458E+04  1.4604E+04  3.7275E+03
  8.3649E+06  7.9218E+06  7.1803E+06  6.2248E+06  5.1562E+06  4.0751E+06  3.0666E+06  2.1911E+06  1.4811E+06  9.3322E+05  5.3845E+05  2.9915E+05  1.6175E+05  7.2919E+04  1.6311E+04  3.4019E+03
  7.3338E+06  6.9457E+06  6.2962E+06  5.4595E+06  4.5241E+06  3.5777E+06  2.6948E+06  1.9278E+06  1.3044E+06  8.3412E+05  5.1724E+05  2.8232E+05  1.4271E+05  7.0450E+04  1.8151E+04  2.7490E+03
  6.3994E+06  6.0611E+06  5.4951E+06  4.7661E+06  3.9511E+06  3.1267E+06  2.3572E+06  1.6884E+06  1.1443E+06  7.2830E+05  4.1729E+05  2.3068E+05  1.1479E+05  5.8243E+04  1.7594E+04  3.0771E+03
  5.5578E+06  5.2644E+06  4.7736E+06  4.1416E+06  3.4350E+06  2.7201E+06  2.0526E+06  1.4719E+06  9.9893E+05  6.3842E+05  3.9899E+05  2.2408E+05  1.0772E+05  5.0535E+04  1.9127E+04  2.6018E+03
  4.8045E+06  4.5513E+06  4.1279E+06  3.5825E+06  2.9728E+06  2.3557E+06  1.7793E+06  1.2774E+06  8.6809E+05  5.5500E+05  3.2256E+05  1.7269E+05  8.8270E+04  4.1724E+04  1.6251E+04  2.7909E+03
  4.1342E+06  3.9168E+06  3.5532E+06  3.0848E+06  2.5612E+06  2.0310E+06  1.5354E+06  1.1035E+06  7.5092E+05  4.8096E+05  2.9132E+05  1.7135E+05  8.5217E+04  3.7763E+04  1.4686E+04  3.0543E+03
  3.5412E+06  3.3554E+06  3.0446E+06  2.6444E+06  2.1967E+06  1.7432E+06  1.3191E+06  9.4906E+05  6.4661E+05  4.1464E+05  2.4708E+05  1.3264E+05  6.7065E+04  2.8614E+04  1.2328E+04  2.6416E+03
  3.0194E+06  2.8615E+06  2.5972E+06  2.2567E+06  1.8757E+06  1.4896E+06  1.1282E+06  8.1257E+05  5.5427E+05  3.5593E+05  2.1389E+05  1.2526E+05  6.5107E+04  2.7101E+04  1.0738E+04  2.9678E+03
  2.5630E+06  2.4293E+06  2.2056E+06  1.9172E+06  1.5945E+06  1.2672E+06  9.6063E+05  6.9261E+05  4.7298E+05  3.0406E+05  1.8208E+05  9.8583E+04  4.9548E+04  2.1977E+04  8.9304E+03  2.3141E+03
  2.1659E+06  2.0532E+06  1.8647E+06  1.6217E+06  1.3495E+06  1.0733E+06  8.1436E+05  5.8774E+05  4.0180E+05  2.5860E+05  1.5540E+05  8.9611E+04  4.7709E+04  2.0982E+04  8.0612E+03  2.1330E+03
  1.8222E+06  1.7277E+06  1.5696E+06  1.3656E+06  1.1371E+06  9.0511E+05  6.8733E+05  4.9654E+05  3.3980E+05  2.1894E+05  1.3168E+05  7.1044E+04  3.8987E+04  1.7398E+04  5.8281E+03  1.8362E+03
  1.5262E+06  1.4474E+06  1.3153E+06  1.1450E+06  9.5400E+05  7.5991E+05  5.7756E+05  4.1763E+05  2.8609E+05  1.8452E+05  1.1104E+05  6.2137E+04  3.3308E+04  1.5725E+04  5.3641E+03  1.4739E+03
  1.2728E+06  1.2072E+06  1.0975E+06  9.5579E+05  7.9686E+05  6.3521E+05  4.8319E+05  3.4972E+05  2.3979E+05  1.5481E+05  9.3262E+04  5.2526E+04  2.8982E+04  1.3239E+04  4.3149E+03  1.4417E+03
  1.0567E+06  1.0025E+06  9.1167E+05  7.9438E+05  6.6271E+05  5.2866E+05  4.0247E+05  2.9156E+05  2.0010E+05  1.2930E+05  7.7988E+04  4.2960E+04  2.2821E+04  1.1521E+04  3.8523E+03  1.2212E+03
  8.7355E+05  8.2889E+05  7.5405E+05  6.5736E+05  5.4874E+05  4.3807E+05  3.3378E+05  2.4200E+05  1.6623E+05  1.0751E+05  6.4873E+04  3.5880E+04  1.8534E+04  1.1077E+04  3.8466E+03  9.6636E+02
  7.1899E+05  6.8236E+05  6.2097E+05  5.4161E+05  4.5240E+05  3.6142E+05  2.7559E+05  1.9998E+05  1.3748E+05  8.8989E+04  5.3750E+04  3.0234E+04  1.6422E+04  8.2099E+03  3.0621E+03  8.5453E+02
  5.8922E+05  5.5931E+05  5.0917E+05  4.4432E+05  3.7136E+05  2.9689E+05  2.2656E+05  1.6454E+05  1.1321E+05  7.3332E+04  4.4330E+04  2.4688E+04  1.1865E+04  9.1912E+03  3.6151E+03  5.6182E+02
  4.8079E+05  4.5648E+05  4.1570E+05  3.6293E+05  3.0352E+05  2.4282E+05  1.8545E+05  1.3478E+05  9.2805E+04  6.0160E+04  3.6387E+04  2.0143E+04  1.0986E+04  5.5735E+03  2.5297E+03  5.4178E+02
  3.9062E+05  3.7095E+05  3.3793E+05  2.9517E+05  2.4700E+05  1.9774E+05  1.5113E+05  1.0992E+05  7.5744E+04  4.9135E+04  2.9739E+04  1.6669E+04  8.7692E+03  5.5831E+03  3.0612E+03  5.4091E+02
  3.1601E+05  3.0015E+05  2.7353E+05  2.3904E+05  2.0015E+05  1.6034E+05  1.2263E+05  8.9258E+04  6.1548E+04  3.9952E+04  2.4196E+04  1.3535E+04  6.5429E+03  3.5784E+03  2.1472E+03  4.8135E+02
  2.5455E+05  2.4182E+05  2.2045E+05  1.9274E+05  1.6148E+05  1.2945E+05  9.9073E+04  7.2162E+04  4.9793E+04  3.2340E+04  1.9595E+04  1.0887E+04  6.1832E+03  3.3445E+03  2.5724E+03  5.6053E+02
  2.0417E+05  1.9400E+05  1.7692E+05  1.5475E+05  1.2973E+05  1.0406E+05  7.9696E+04  5.8088E+04  4.0107E+04  2.6064E+04  1.5803E+04  8.8465E+03  4.6509E+03  2.7681E+03  2.1014E+03  6.3319E+02
  1.6307E+05  1.5498E+05  1.4138E+05  1.2372E+05  1.0377E+05  8.3292E+04  6.3833E+04  4.6555E+04  3.2162E+04  2.0909E+04  1.2679E+04  7.0943E+03  3.5331E+03  1.6910E+03  2.0527E+03  5.6243E+02
  1.2969E+05  1.2328E+05  1.1250E+05  9.8493E+04  8.2655E+04  6.6384E+04  5.0908E+04  3.7152E+04  2.5682E+04  1.6711E+04  1.0148E+04  5.6648E+03  3.5695E+03  2.1262E+03  1.7912E+03  6.3966E+02
  1.0271E+05  9.7649E+04  8.9138E+04  7.8077E+04  6.5558E+04  5.2683E+04  4.0424E+04  2.9515E+04  2.0407E+04  1.3271E+04  8.0382E+03  4.4643E+03  2.6103E+03  1.7056E+03  1.4563E+03  5.6659E+02
  8.1001E+04  7.7025E+04  7.0334E+04  6.1633E+04  5.1778E+04  4.1634E+04  3.1968E+04  2.3362E+04  1.6179E+04  1.0554E+04  6.4193E+03  3.5923E+03  1.9383E+03  1.4319E+03  7.1624E+02  4.0662E+02
  6.3616E+04  6.0504E+04  5.5265E+04  4.8449E+04  4.0721E+04  3.2757E+04  2.5153E+04  1.8366E+04  1.2679E+04  8.2036E+03  4.9155E+03  2.7047E+03  1.9413E+03  9.9487E+02  1.0730E+03  5.6817E+02
  4.9756E+04  4.7331E+04  4.3246E+04  3.7929E+04  3.1900E+04  2.5692E+04  1.9778E+04  1.4517E+04  1.0113E+04  6.6323E+03  4.0570E+03  2.3000E+03  1.5594E+03  6.5244E+02  9.8140E+02  2.8657E+02
  3.8757E+04  3.6874E+04  3.3698E+04  2.9556E+04  2.4839E+04  1.9948E+04  1.5247E+04  1.1027E+04  7.4960E+03  4.7648E+03  2.8269E+03  1.5686E+03  8.7696E+02  1.2660E+03  3.6786E+02  5.7168E+02
  3.0068E+04  2.8614E+04  2.6175E+04  2.3024E+04  1.9486E+04  1.5873E+04  1.2427E+04  9.3120E+03  6.6248E+03  4.4345E+03  2.7697E+03  1.5780E+03  1.0192E+03  1.3594E+03  6.1951E+02  4.1231E+02
  2.3221E+04  2.2029E+04  1.9997E+04  1.7316E+04  1.4255E+04  1.1137E+04  8.2624E+03  5.8178E+03  3.8684E+03  2.4324E+03  1.4485E+03  7.9587E+02  6.0483E+02  1.1742E+03  9.5694E+02  4.6039E+02
  1.7977E+04  1.7551E+04  1.6766E+04  1.5590E+04  1.3997E+04  1.2013E+04  9.7574E+03  7.4404E+03  5.2919E+03  3.4809E+03  2.1017E+03  1.1663E+03  5.7459E+02  8.0700E+02  7.4768E+02  5.3410E+02
