# CREATED BY GENE DIAGNOSTICS TOOL on Sat May 17 19:52:55 2025 /home/unix/ottink/gene/diagnostics
# diag: vsp1, run(s): none_ve0, time window: 147.3-147.33976(1 steps), species: e
# original data path: /Differ/Data/IMT/lottink/Tokamak_nTEM/dFdvp/v1/
# normalization: L_ref=1.65m
#
# vpar
 -3.0000E+00
 -2.9528E+00
 -2.9055E+00
 -2.8583E+00
 -2.8110E+00
 -2.7638E+00
 -2.7165E+00
 -2.6693E+00
 -2.6220E+00
 -2.5748E+00
 -2.5276E+00
 -2.4803E+00
 -2.4331E+00
 -2.3858E+00
 -2.3386E+00
 -2.2913E+00
 -2.2441E+00
 -2.1969E+00
 -2.1496E+00
 -2.1024E+00
 -2.0551E+00
 -2.0079E+00
 -1.9606E+00
 -1.9134E+00
 -1.8661E+00
 -1.8189E+00
 -1.7717E+00
 -1.7244E+00
 -1.6772E+00
 -1.6299E+00
 -1.5827E+00
 -1.5354E+00
 -1.4882E+00
 -1.4409E+00
 -1.3937E+00
 -1.3465E+00
 -1.2992E+00
 -1.2520E+00
 -1.2047E+00
 -1.1575E+00
 -1.1102E+00
 -1.0630E+00
 -1.0157E+00
 -9.6850E-01
 -9.2126E-01
 -8.7402E-01
 -8.2677E-01
 -7.7953E-01
 -7.3228E-01
 -6.8504E-01
 -6.3780E-01
 -5.9055E-01
 -5.4331E-01
 -4.9606E-01
 -4.4882E-01
 -4.0157E-01
 -3.5433E-01
 -3.0709E-01
 -2.5984E-01
 -2.1260E-01
 -1.6535E-01
 -1.1811E-01
 -7.0866E-02
 -2.3622E-02
  2.3622E-02
  7.0866E-02
  1.1811E-01
  1.6535E-01
  2.1260E-01
  2.5984E-01
  3.0709E-01
  3.5433E-01
  4.0157E-01
  4.4882E-01
  4.9606E-01
  5.4331E-01
  5.9055E-01
  6.3780E-01
  6.8504E-01
  7.3228E-01
  7.7953E-01
  8.2677E-01
  8.7402E-01
  9.2126E-01
  9.6850E-01
  1.0157E+00
  1.0630E+00
  1.1102E+00
  1.1575E+00
  1.2047E+00
  1.2520E+00
  1.2992E+00
  1.3465E+00
  1.3937E+00
  1.4409E+00
  1.4882E+00
  1.5354E+00
  1.5827E+00
  1.6299E+00
  1.6772E+00
  1.7244E+00
  1.7717E+00
  1.8189E+00
  1.8661E+00
  1.9134E+00
  1.9606E+00
  2.0079E+00
  2.0551E+00
  2.1024E+00
  2.1496E+00
  2.1969E+00
  2.2441E+00
  2.2913E+00
  2.3386E+00
  2.3858E+00
  2.4331E+00
  2.4803E+00
  2.5276E+00
  2.5748E+00
  2.6220E+00
  2.6693E+00
  2.7165E+00
  2.7638E+00
  2.8110E+00
  2.8583E+00
  2.9055E+00
  2.9528E+00
  3.0000E+00


# mu
  5.5286E-02
  2.9341E-01
  7.3088E-01
  1.3853E+00
  2.2877E+00
  3.4931E+00
  5.1107E+00
  7.4232E+00


# trapped boundary
#  mu         vpar      
  5.5286E-02 -1.3503E-01
  5.5286E-02  1.4677E-01
  2.9341E-01 -3.2290E-01
  2.9341E-01  3.3464E-01
  7.3088E-01 -5.1076E-01
  7.3088E-01  5.2251E-01
  1.3853E+00 -7.1037E-01
  1.3853E+00  7.2211E-01
  2.2877E+00 -9.2172E-01
  2.2877E+00  9.3346E-01
  3.4931E+00 -1.1331E+00
  3.4931E+00  1.1448E+00
  5.1107E+00 -1.3679E+00
  5.1107E+00  1.3796E+00
  7.4232E+00 -1.6614E+00
  7.4232E+00  1.6732E+00


# , time = 147.33976, var = <|f|^2>^(1/2) , z = 0
  1.8892E-01  1.6931E-01  1.3403E-01  8.7777E-02  4.4659E-02  1.7339E-02  5.5243E-03  4.7658E-03
  2.4312E-01  1.9817E-01  1.3441E-01  7.4347E-02  3.3180E-02  1.1927E-02  3.4834E-03  5.0687E-03
  3.1892E-01  2.6421E-01  1.8869E-01  1.1621E-01  5.9942E-02  2.3984E-02  6.9909E-03  2.5112E-03
  4.1565E-01  3.4367E-01  2.4214E-01  1.4250E-01  6.7772E-02  2.5079E-02  7.4804E-03  3.7646E-03
  5.3942E-01  4.4601E-01  3.1504E-01  1.8799E-01  9.3044E-02  3.6748E-02  1.2508E-02  3.9742E-03
  6.9700E-01  5.7616E-01  4.0664E-01  2.4157E-01  1.1734E-01  4.4515E-02  1.2225E-02  8.3223E-03
  8.9668E-01  7.4107E-01  5.2288E-01  3.1090E-01  1.5203E-01  5.8931E-02  1.5854E-02  9.2754E-03
  1.1485E+00  9.4898E-01  6.6933E-01  3.9773E-01  1.9399E-01  7.4269E-02  2.4859E-02  3.8949E-03
  1.4645E+00  1.2099E+00  8.5303E-01  5.0672E-01  2.4733E-01  9.5147E-02  3.1788E-02  3.8585E-03
  1.8592E+00  1.5356E+00  1.0823E+00  6.4268E-01  3.1355E-01  1.2028E-01  3.0256E-02  5.9735E-03
  2.3497E+00  1.9404E+00  1.3672E+00  8.1150E-01  3.9586E-01  1.5195E-01  4.3066E-02  1.3974E-02
  2.9563E+00  2.4410E+00  1.7194E+00  1.0201E+00  4.9750E-01  1.9083E-01  6.5266E-02  1.7504E-02
  3.7029E+00  3.0570E+00  2.1527E+00  1.2767E+00  6.2248E-01  2.3870E-01  7.3043E-02  1.9601E-02
  4.6171E+00  3.8114E+00  2.6832E+00  1.5908E+00  7.7539E-01  2.9723E-01  7.4912E-02  2.1334E-02
  5.7313E+00  4.7307E+00  3.3296E+00  1.9734E+00  9.6159E-01  3.6850E-01  1.0374E-01  2.0071E-02
  7.0824E+00  5.8454E+00  4.1134E+00  2.4372E+00  1.1873E+00  4.5483E-01  1.3950E-01  1.9924E-02
  8.7127E+00  7.1906E+00  5.0591E+00  2.9967E+00  1.4594E+00  5.5886E-01  1.6281E-01  1.8628E-02
  1.0670E+01  8.8059E+00  6.1948E+00  3.6685E+00  1.7861E+00  6.8391E-01  1.8521E-01  2.5326E-02
  1.3009E+01  1.0736E+01  7.5517E+00  4.4711E+00  2.1764E+00  8.3335E-01  2.2208E-01  3.9573E-02
  1.5790E+01  1.3031E+01  9.1652E+00  5.4254E+00  2.6405E+00  1.0101E+00  2.8230E-01  5.7115E-02
  1.9081E+01  1.5746E+01  1.1074E+01  6.5546E+00  3.1895E+00  1.2198E+00  3.4551E-01  6.8872E-02
  2.2954E+01  1.8943E+01  1.3322E+01  7.8842E+00  3.8359E+00  1.4690E+00  4.2532E-01  7.4954E-02
  2.7491E+01  2.2687E+01  1.5956E+01  9.4420E+00  4.5934E+00  1.7582E+00  4.8499E-01  8.4797E-02
  3.2779E+01  2.7053E+01  1.9026E+01  1.1258E+01  5.4766E+00  2.0897E+00  5.5102E-01  1.0566E-01
  3.8912E+01  3.2116E+01  2.2588E+01  1.3366E+01  6.5015E+00  2.4877E+00  6.3871E-01  1.3696E-01
  4.5989E+01  3.7959E+01  2.6699E+01  1.5799E+01  7.6849E+00  2.9510E+00  7.8154E-01  1.6681E-01
  5.4114E+01  4.4668E+01  3.1420E+01  1.8594E+01  9.0448E+00  3.4511E+00  1.0458E+00  1.8680E-01
  6.3396E+01  5.2333E+01  3.6816E+01  2.1788E+01  1.0600E+01  4.0341E+00  1.3315E+00  1.8333E-01
  7.3944E+01  6.1047E+01  4.2950E+01  2.5421E+01  1.2369E+01  4.7634E+00  1.4947E+00  1.5860E-01
  8.5872E+01  7.0900E+01  4.9889E+01  2.9532E+01  1.4371E+01  5.5530E+00  1.5539E+00  1.2540E-01
  9.9288E+01  8.1986E+01  5.7698E+01  3.4161E+01  1.6628E+01  6.2949E+00  1.7573E+00  1.0738E-01
  1.1430E+02  9.4394E+01  6.6442E+01  3.9345E+01  1.9155E+01  7.1895E+00  2.2222E+00  1.1869E-01
  1.3101E+02  1.0821E+02  7.6180E+01  4.5123E+01  2.1976E+01  8.4805E+00  2.7284E+00  1.4526E-01
  1.4952E+02  1.2351E+02  8.6969E+01  5.1527E+01  2.5103E+01  1.0157E+01  2.8986E+00  1.7607E-01
  1.6990E+02  1.4036E+02  9.8859E+01  5.8590E+01  2.8555E+01  1.1590E+01  2.5524E+00  2.0535E-01
  1.9222E+02  1.5883E+02  1.1189E+02  6.6337E+01  3.2361E+01  1.2359E+01  2.0190E+00  2.3384E-01
  2.1654E+02  1.7895E+02  1.2610E+02  7.4793E+01  3.6495E+01  1.3449E+01  1.9372E+00  2.6405E-01
  2.4288E+02  2.0075E+02  1.4151E+02  8.3964E+01  4.0939E+01  1.6312E+01  2.3178E+00  3.0079E-01
  2.7125E+02  2.2424E+02  1.5812E+02  9.3870E+01  4.5810E+01  1.9325E+01  2.7578E+00  3.4933E-01
  3.0163E+02  2.4940E+02  1.7592E+02  1.0449E+02  5.1262E+01  1.8559E+01  3.1454E+00  4.1154E-01
  3.3396E+02  2.7620E+02  1.9490E+02  1.1584E+02  5.6477E+01  1.5007E+01  3.5236E+00  4.8711E-01
  3.6817E+02  3.0455E+02  2.1500E+02  1.2789E+02  6.1344E+01  1.5903E+01  3.9602E+00  5.7131E-01
  4.0412E+02  3.3438E+02  2.3616E+02  1.4059E+02  6.8853E+01  1.9298E+01  4.5153E+00  6.6169E-01
  4.4166E+02  3.6553E+02  2.5829E+02  1.5379E+02  7.7196E+01  2.2070E+01  5.2164E+00  7.5711E-01
  4.8060E+02  3.9787E+02  2.8131E+02  1.6707E+02  7.3966E+01  2.4391E+01  6.0457E+00  8.6230E-01
  5.2069E+02  4.3119E+02  3.0501E+02  1.8058E+02  6.9275E+01  2.7038E+01  6.9508E+00  9.8191E-01
  5.6166E+02  4.6527E+02  3.2939E+02  1.9578E+02  8.9152E+01  3.0521E+01  7.8930E+00  1.1205E+00
  6.0320E+02  4.9985E+02  3.5405E+02  2.1201E+02  1.0025E+02  3.4725E+01  8.8858E+00  1.2770E+00
  6.4493E+02  5.3464E+02  3.7893E+02  2.1624E+02  1.0608E+02  3.9444E+01  9.9879E+00  1.4468E+00
  6.8649E+02  5.6932E+02  4.0360E+02  2.1052E+02  1.1956E+02  4.4163E+01  1.1249E+01  1.6223E+00
  7.2743E+02  6.0351E+02  4.2874E+02  2.6435E+02  1.3194E+02  4.8943E+01  1.2663E+01  1.7982E+00
  7.6729E+02  6.3685E+02  4.5267E+02  3.1570E+02  1.4689E+02  5.4243E+01  1.4162E+01  1.9726E+00
  8.0559E+02  6.6885E+02  4.5982E+02  3.1289E+02  1.6250E+02  6.0243E+01  1.5656E+01  2.1482E+00
  8.4180E+02  6.9927E+02  4.5829E+02  3.4149E+02  1.7486E+02  6.6838E+01  1.7095E+01  2.3281E+00
  8.7536E+02  7.2814E+02  5.6514E+02  3.8691E+02  1.9193E+02  7.3266E+01  1.8490E+01  2.5129E+00
  9.0564E+02  7.5273E+02  6.6182E+02  4.0340E+02  2.0896E+02  7.9183E+01  1.9876E+01  2.6980E+00
  9.3190E+02  7.5213E+02  6.4079E+02  4.3670E+02  2.2572E+02  8.4620E+01  2.1257E+01  2.8749E+00
  9.5322E+02  7.4783E+02  6.9005E+02  4.6169E+02  2.4046E+02  8.9822E+01  2.2581E+01  3.0334E+00
  9.6843E+02  9.1942E+02  7.6890E+02  4.8547E+02  2.5174E+02  9.4775E+01  2.3752E+01  3.1674E+00
  9.7304E+02  1.0316E+03  7.5499E+02  5.1572E+02  2.6348E+02  9.9032E+01  2.4700E+01  3.2763E+00
  9.4794E+02  9.6970E+02  8.0424E+02  5.2401E+02  2.7205E+02  1.0225E+02  2.5423E+01  3.3653E+00
  9.9553E+02  1.0591E+03  8.2174E+02  5.4439E+02  2.7889E+02  1.0437E+02  2.5980E+01  3.4406E+00
  1.2671E+03  1.0848E+03  8.1713E+02  5.4188E+02  2.8108E+02  1.0596E+02  2.6435E+01  3.5055E+00
  1.1878E+03  1.0366E+03  8.5241E+02  5.4956E+02  2.8394E+02  1.0716E+02  2.6797E+01  3.5572E+00
  1.1844E+03  1.0363E+03  8.5435E+02  5.5226E+02  2.8570E+02  1.0791E+02  2.7002E+01  3.5872E+00
  1.2625E+03  1.0836E+03  8.1807E+02  5.4527E+02  2.8444E+02  1.0767E+02  2.6942E+01  3.5844E+00
  9.8607E+02  1.0580E+03  8.2274E+02  5.4528E+02  2.8096E+02  1.0592E+02  2.6547E+01  3.5410E+00
  9.3649E+02  9.6790E+02  8.0519E+02  5.2566E+02  2.7271E+02  1.0303E+02  2.5834E+01  3.4567E+00
  9.6245E+02  1.0305E+03  7.5581E+02  5.1821E+02  2.6459E+02  9.9326E+01  2.4897E+01  3.3387E+00
  9.5769E+02  9.1767E+02  7.6976E+02  4.8584E+02  2.5359E+02  9.5232E+01  2.3835E+01  3.1986E+00
  9.4176E+02  7.4134E+02  6.9095E+02  4.6284E+02  2.4165E+02  9.0637E+01  2.2697E+01  3.0469E+00
  9.1957E+02  7.4211E+02  6.4094E+02  4.3843E+02  2.2578E+02  8.5380E+01  2.1473E+01  2.8891E+00
  8.9246E+02  7.4175E+02  6.6243E+02  4.0392E+02  2.0926E+02  7.9447E+01  2.0131E+01  2.7253E+00
  8.6149E+02  7.1679E+02  5.6553E+02  3.8806E+02  1.9309E+02  7.3141E+01  1.8666E+01  2.5524E+00
  8.2749E+02  6.8772E+02  4.5548E+02  3.4261E+02  1.7582E+02  6.6817E+01  1.7126E+01  2.3681E+00
  7.9113E+02  6.5741E+02  4.5467E+02  3.1353E+02  1.6272E+02  6.0625E+01  1.5586E+01  2.1743E+00
  7.5297E+02  6.2565E+02  4.4688E+02  3.1658E+02  1.4714E+02  5.4780E+01  1.4109E+01  1.9772E+00
  7.1352E+02  5.9278E+02  4.2317E+02  2.6506E+02  1.3295E+02  4.9232E+01  1.2714E+01  1.7851E+00
  6.7321E+02  5.5920E+02  3.9838E+02  2.1058E+02  1.2028E+02  4.4151E+01  1.1392E+01  1.6049E+00
  6.3248E+02  5.2527E+02  3.7414E+02  2.1571E+02  1.0617E+02  3.9485E+01  1.0133E+01  1.4391E+00
  5.9170E+02  4.9130E+02  3.4983E+02  2.1140E+02  1.0073E+02  3.5050E+01  8.9515E+00  1.2862E+00
  5.5121E+02  4.5760E+02  3.2560E+02  1.9534E+02  8.9901E+01  3.0955E+01  7.8802E+00  1.1426E+00
  5.1135E+02  4.2443E+02  3.0186E+02  1.8033E+02  6.9807E+01  2.7252E+01  6.9347E+00  1.0058E+00
  4.7238E+02  3.9202E+02  2.7865E+02  1.6698E+02  7.4329E+01  2.4379E+01  6.0998E+00  8.7646E-01
  4.3456E+02  3.6057E+02  2.5618E+02  1.5388E+02  7.7679E+01  2.2155E+01  5.3415E+00  7.5826E-01
  3.9811E+02  3.3027E+02  2.3454E+02  1.4082E+02  6.9551E+01  1.9612E+01  4.6412E+00  6.5504E-01
  3.6319E+02  3.0126E+02  2.1385E+02  1.2821E+02  6.2120E+01  1.6287E+01  4.0168E+00  5.6815E-01
  3.2996E+02  2.7365E+02  1.9418E+02  1.1636E+02  5.7160E+01  1.5233E+01  3.5118E+00  4.9518E-01
  2.9852E+02  2.4754E+02  1.7558E+02  1.0508E+02  5.1893E+01  1.8687E+01  3.1302E+00  4.3159E-01
  2.6895E+02  2.2300E+02  1.5812E+02  9.4592E+01  4.6476E+01  1.9460E+01  2.8010E+00  3.7279E-01
  2.4131E+02  2.0005E+02  1.4180E+02  8.4749E+01  4.1585E+01  1.6452E+01  2.4180E+00  3.1752E-01
  2.1562E+02  1.7872E+02  1.2664E+02  7.5645E+01  3.7124E+01  1.3730E+01  2.0330E+00  2.6780E-01
  1.9186E+02  1.5901E+02  1.1263E+02  6.7230E+01  3.2987E+01  1.2696E+01  2.0607E+00  2.2755E-01
  1.7001E+02  1.4088E+02  9.9756E+01  5.9509E+01  2.9140E+01  1.1817E+01  2.5588E+00  1.9796E-01
  1.5003E+02  1.2430E+02  8.7989E+01  5.2455E+01  2.5665E+01  1.0285E+01  2.8862E+00  1.7602E-01
  1.3185E+02  1.0922E+02  7.7288E+01  4.6046E+01  2.2507E+01  8.6270E+00  2.7000E+00  1.5579E-01
  1.1539E+02  9.5578E+01  6.7607E+01  4.0253E+01  1.9657E+01  7.3794E+00  2.2004E+00  1.3366E-01
  1.0058E+02  8.3290E+01  5.8893E+01  3.5042E+01  1.7094E+01  6.4539E+00  1.7761E+00  1.1794E-01
  8.7300E+01  7.2282E+01  5.1090E+01  3.0378E+01  1.4805E+01  5.6644E+00  1.6099E+00  1.2667E-01
  7.5464E+01  6.2470E+01  4.4136E+01  2.6225E+01  1.2767E+01  4.8914E+00  1.5374E+00  1.5573E-01
  6.4964E+01  5.3766E+01  3.7970E+01  2.2545E+01  1.0964E+01  4.1641E+00  1.3383E+00  1.7855E-01
  5.5695E+01  4.6084E+01  3.2530E+01  1.9300E+01  9.3756E+00  3.5411E+00  1.0324E+00  1.7847E-01
  4.7552E+01  3.9336E+01  2.7752E+01  1.6452E+01  7.9831E+00  3.0247E+00  7.8299E-01  1.5668E-01
  4.0433E+01  3.3437E+01  2.3577E+01  1.3965E+01  6.7682E+00  2.5668E+00  6.5417E-01  1.2723E-01
  3.4237E+01  2.8305E+01  1.9947E+01  1.1804E+01  5.7134E+00  2.1595E+00  5.6277E-01  1.0374E-01
  2.8871E+01  2.3861E+01  1.6804E+01  9.9341E+00  4.8022E+00  1.8099E+00  4.8268E-01  8.9550E-02
  2.4246E+01  2.0031E+01  1.4097E+01  8.3248E+00  4.0186E+00  1.5139E+00  4.2013E-01  8.0657E-02
  2.0277E+01  1.6745E+01  1.1775E+01  6.9461E+00  3.3482E+00  1.2602E+00  3.5197E-01  6.9810E-02
  1.6887E+01  1.3939E+01  9.7944E+00  5.7706E+00  2.7772E+00  1.0432E+00  2.8143E-01  5.2639E-02
  1.4005E+01  1.1555E+01  8.1117E+00  4.7730E+00  2.2934E+00  8.5987E-01  2.2552E-01  3.4535E-02
  1.1567E+01  9.5376E+00  6.6891E+00  3.9305E+00  1.8853E+00  7.0589E-01  1.8509E-01  2.2603E-02
  9.5119E+00  7.8389E+00  5.4919E+00  3.2223E+00  1.5429E+00  5.7680E-01  1.5684E-01  2.2231E-02
  7.7890E+00  6.4149E+00  4.4892E+00  2.6298E+00  1.2568E+00  4.6909E-01  1.3142E-01  2.2913E-02
  6.3507E+00  5.2267E+00  3.6533E+00  2.1366E+00  1.0191E+00  3.7976E-01  1.0428E-01  2.1799E-02
  5.1554E+00  4.2399E+00  2.9597E+00  1.7279E+00  8.2255E-01  3.0605E-01  8.1004E-02  2.0610E-02
  4.1668E+00  3.4241E+00  2.3869E+00  1.3909E+00  6.6078E-01  2.4550E-01  6.5829E-02  1.6774E-02
  3.3527E+00  2.7528E+00  1.9161E+00  1.1144E+00  5.2832E-01  1.9600E-01  5.4618E-02  1.3210E-02
  2.6855E+00  2.2030E+00  1.5311E+00  8.8867E-01  4.2041E-01  1.5580E-01  4.3933E-02  1.0791E-02
  2.1412E+00  1.7548E+00  1.2176E+00  7.0526E-01  3.3292E-01  1.2314E-01  3.3834E-02  6.1784E-03
  1.6993E+00  1.3912E+00  9.6369E-01  5.5701E-01  2.6243E-01  9.7158E-02  2.6869E-02  5.1902E-03
  1.3422E+00  1.0977E+00  7.5904E-01  4.3775E-01  2.0569E-01  7.5696E-02  2.0953E-02  5.3102E-03
  1.0551E+00  8.6192E-01  5.9492E-01  3.4243E-01  1.6091E-01  5.9809E-02  1.7370E-02  5.9906E-03
  8.2532E-01  6.7345E-01  4.6395E-01  2.6624E-01  1.2408E-01  4.5040E-02  1.2603E-02  5.1587E-03
  6.4238E-01  5.2358E-01  3.6019E-01  2.0701E-01  9.7829E-02  3.6944E-02  1.0853E-02  3.4807E-03
  4.9748E-01  4.0493E-01  2.7746E-01  1.5700E-01  7.0937E-02  2.5061E-02  6.9688E-03  1.7316E-03
  3.8334E-01  3.1224E-01  2.1593E-01  1.2641E-01  6.1602E-02  2.3840E-02  7.2739E-03  2.5224E-03
  2.9357E-01  2.3524E-01  1.5363E-01  7.9774E-02  3.3495E-02  1.1723E-02  3.3090E-03  1.1588E-03
  2.2602E-01  1.9313E-01  1.4337E-01  8.9415E-02  4.4652E-02  1.7221E-02  5.2993E-03  1.9018E-03
