# CREATED BY GENE DIAGNOSTICS TOOL on Sat May 17 17:26:05 2025 /home/unix/ottink/gene/diagnostics
# diag: vsp1, run(s): ky01275v1, time window: 254-254.12701(2 steps), species: i
# original data path: /Differ/Data/IMT/lottink/RFP_nTEM/vgrid/
# normalization: L_ref=1.5m
#
# vpar
 -3.0000E+00
 -2.9048E+00
 -2.8095E+00
 -2.7143E+00
 -2.6190E+00
 -2.5238E+00
 -2.4286E+00
 -2.3333E+00
 -2.2381E+00
 -2.1429E+00
 -2.0476E+00
 -1.9524E+00
 -1.8571E+00
 -1.7619E+00
 -1.6667E+00
 -1.5714E+00
 -1.4762E+00
 -1.3810E+00
 -1.2857E+00
 -1.1905E+00
 -1.0952E+00
 -1.0000E+00
 -9.0476E-01
 -8.0952E-01
 -7.1429E-01
 -6.1905E-01
 -5.2381E-01
 -4.2857E-01
 -3.3333E-01
 -2.3810E-01
 -1.4286E-01
 -4.7619E-02
  4.7619E-02
  1.4286E-01
  2.3810E-01
  3.3333E-01
  4.2857E-01
  5.2381E-01
  6.1905E-01
  7.1429E-01
  8.0952E-01
  9.0476E-01
  1.0000E+00
  1.0952E+00
  1.1905E+00
  1.2857E+00
  1.3810E+00
  1.4762E+00
  1.5714E+00
  1.6667E+00
  1.7619E+00
  1.8571E+00
  1.9524E+00
  2.0476E+00
  2.1429E+00
  2.2381E+00
  2.3333E+00
  2.4286E+00
  2.5238E+00
  2.6190E+00
  2.7143E+00
  2.8095E+00
  2.9048E+00
  3.0000E+00


# mu
  1.8108E-02
  9.5589E-02
  2.3573E-01
  4.3989E-01
  7.1007E-01
  1.0491E+00
  1.4607E+00
  1.9499E+00
  2.5234E+00
  3.1901E+00
  3.9625E+00
  4.8582E+00
  5.9041E+00
  7.1447E+00
  8.6646E+00
  1.0681E+01


# trapped boundary
#  mu         vpar      
  1.8108E-02 -7.6321E-02
  1.8108E-02  8.8062E-02
  9.5589E-02 -1.8200E-01
  9.5589E-02  1.9374E-01
  2.3573E-01 -2.8767E-01
  2.3573E-01  2.9941E-01
  4.3989E-01 -4.0509E-01
  4.3989E-01  4.1683E-01
  7.1007E-01 -5.1076E-01
  7.1007E-01  5.2250E-01
  1.0491E+00 -6.1644E-01
  1.0491E+00  6.2818E-01
  1.4607E+00 -7.3386E-01
  1.4607E+00  7.4560E-01
  1.9499E+00 -8.5127E-01
  1.9499E+00  8.6301E-01
  2.5234E+00 -9.6869E-01
  2.5234E+00  9.8043E-01
  3.1901E+00 -1.0861E+00
  3.1901E+00  1.0978E+00
  3.9625E+00 -1.2153E+00
  3.9625E+00  1.2270E+00
  4.8582E+00 -1.3444E+00
  4.8582E+00  1.3562E+00
  5.9041E+00 -1.4736E+00
  5.9041E+00  1.4853E+00
  7.1447E+00 -1.6262E+00
  7.1447E+00  1.6380E+00
  8.6646E+00 -1.7906E+00
  8.6646E+00  1.8023E+00
  1.0681E+01 -1.9902E+00
  1.0681E+01  2.0020E+00


# , time = 254.03796, var = <|f|^2>^(1/2) , z = 0
  2.2836E-03  2.1973E-03  2.0160E-03  1.7780E-03  1.5111E-03  1.2364E-03  9.6688E-04  7.2826E-04  5.2295E-04  3.5319E-04  2.2354E-04  1.3064E-04  6.8770E-05  3.1921E-05  1.2173E-05  5.8162E-06
  3.8866E-03  3.7364E-03  3.4194E-03  3.0002E-03  2.5280E-03  2.0431E-03  1.5734E-03  1.1662E-03  8.2540E-04  5.5207E-04  3.4812E-04  2.0392E-04  1.0812E-04  5.1068E-05  2.0153E-05  7.7069E-06
  6.4691E-03  6.2219E-03  5.7031E-03  5.0177E-03  4.2457E-03  3.4499E-03  2.6730E-03  1.9908E-03  1.4132E-03  9.4491E-04  5.9427E-04  3.4685E-04  1.8322E-04  8.5591E-05  3.2947E-05  1.4345E-05
  1.0583E-02  1.0180E-02  9.3375E-03  8.2219E-03  6.9626E-03  5.6628E-03  4.3937E-03  3.2769E-03  2.3297E-03  1.5596E-03  9.8136E-04  5.7313E-04  3.0334E-04  1.4308E-04  5.5924E-05  2.2308E-05
  1.7005E-02  1.6360E-02  1.5017E-02  1.3235E-02  1.1219E-02  9.1338E-03  7.0959E-03  5.2980E-03  3.7716E-03  2.5282E-03  1.5922E-03  9.2953E-04  4.9174E-04  2.3043E-04  8.9839E-05  3.2910E-05
  2.6839E-02  2.5826E-02  2.3723E-02  2.0927E-02  1.7757E-02  1.4470E-02  1.1254E-02  8.4098E-03  5.9920E-03  4.0208E-03  2.5349E-03  1.4816E-03  7.8371E-04  3.6970E-04  1.4405E-04  4.6331E-05
  4.1608E-02  4.0042E-02  3.6808E-02  3.2499E-02  2.7602E-02  2.2514E-02  1.7532E-02  1.3112E-02  9.3495E-03  6.2789E-03  3.9616E-03  2.3169E-03  1.2275E-03  5.7652E-04  2.2548E-04  6.6539E-05
  6.3358E-02  6.0979E-02  5.6093E-02  4.9572E-02  4.2142E-02  3.4406E-02  2.6824E-02  2.0076E-02  1.4327E-02  9.6295E-03  6.0797E-03  3.5585E-03  1.8850E-03  8.8941E-04  3.4567E-04  9.8308E-05
  9.4763E-02  9.1211E-02  8.3961E-02  7.4264E-02  6.3193E-02  5.1640E-02  4.0305E-02  3.0191E-02  2.1562E-02  1.4503E-02  9.1626E-03  5.3655E-03  2.8461E-03  1.3421E-03  5.2232E-04  1.4882E-04
  1.3921E-01  1.3400E-01  1.2343E-01  1.0927E-01  9.3066E-02  7.6120E-02  5.9479E-02  4.4588E-02  3.1868E-02  2.1451E-02  1.3561E-02  7.9455E-03  4.2191E-03  1.9843E-03  7.7393E-04  2.1822E-04
  2.0088E-01  1.9337E-01  1.7823E-01  1.5791E-01  1.3461E-01  1.1020E-01  8.6199E-02  6.4667E-02  4.6254E-02  3.1158E-02  1.9708E-02  1.1557E-02  6.1385E-03  2.8834E-03  1.1210E-03  3.1778E-04
  2.8470E-01  2.7405E-01  2.5275E-01  2.2411E-01  1.9121E-01  1.5666E-01  1.2268E-01  9.2103E-02  6.5922E-02  4.4440E-02  2.8132E-02  1.6505E-02  8.7628E-03  4.1115E-03  1.6086E-03  5.0061E-04
  3.9631E-01  3.8148E-01  3.5202E-01  3.1238E-01  2.6673E-01  2.1872E-01  1.7145E-01  1.2881E-01  9.2276E-02  6.2249E-02  3.9421E-02  2.3150E-02  1.2258E-02  5.7696E-03  2.2581E-03  8.2687E-04
  5.4183E-01  5.2153E-01  4.8151E-01  4.2760E-01  3.6540E-01  2.9987E-01  2.3529E-01  1.7690E-01  1.2678E-01  8.5594E-02  5.4280E-02  3.1816E-02  1.6880E-02  7.9887E-03  2.9653E-03  1.2943E-03
  7.2757E-01  7.0024E-01  6.4681E-01  5.7479E-01  4.9154E-01  4.0369E-01  3.1706E-01  2.3854E-01  1.7115E-01  1.1565E-01  7.3280E-02  4.2951E-02  2.2982E-02  1.0364E-02  3.6578E-03  1.8958E-03
  9.5948E-01  9.2334E-01  8.5325E-01  7.5871E-01  6.4927E-01  5.3360E-01  4.1948E-01  3.1581E-01  2.2665E-01  1.5322E-01  9.7095E-02  5.7371E-02  2.9993E-02  1.1658E-02  4.4699E-03  2.6862E-03
  1.2426E+00  1.1956E+00  1.1053E+00  9.8335E-01  8.4203E-01  6.9247E-01  5.4485E-01  4.1049E-01  2.9493E-01  1.9937E-01  1.2695E-01  7.4638E-02  3.4060E-02  1.2235E-02  5.5776E-03  3.6939E-03
  1.5803E+00  1.5201E+00  1.4057E+00  1.2513E+00  1.0721E+00  8.8216E-01  6.9468E-01  5.2367E-01  3.7626E-01  2.5509E-01  1.6320E-01  8.7143E-02  3.3518E-02  1.3601E-02  6.9913E-03  4.8690E-03
  1.9732E+00  1.8976E+00  1.7552E+00  1.5631E+00  1.3398E+00  1.1031E+00  8.6930E-01  6.5555E-01  4.7166E-01  3.2207E-01  1.9459E-01  8.3853E-02  4.1394E-02  1.4713E-02  8.2657E-03  6.0940E-03
  2.4187E+00  2.3253E+00  2.1512E+00  1.9163E+00  1.6432E+00  1.3535E+00  1.0671E+00  8.0533E-01  5.8362E-01  3.8689E-01  1.9045E-01  1.0224E-01  5.3645E-02  1.6967E-02  8.7827E-03  7.0908E-03
  2.9097E+00  2.7963E+00  2.5872E+00  2.3052E+00  1.9772E+00  1.6288E+00  1.2851E+00  9.7439E-01  6.9656E-01  3.8954E-01  2.0833E-01  1.5783E-01  6.7632E-02  2.3030E-02  7.9059E-03  7.4038E-03
  3.4341E+00  3.2988E+00  3.0520E+00  2.7196E+00  2.3328E+00  1.9221E+00  1.5215E+00  1.1492E+00  7.2575E-01  3.7860E-01  3.5369E-01  2.0963E-01  1.0215E-01  3.7076E-02  7.7446E-03  6.4085E-03
  3.9740E+00  3.8154E+00  3.5295E+00  3.1448E+00  2.6973E+00  2.2264E+00  1.7624E+00  1.2211E+00  6.4894E-01  6.5188E-01  4.9842E-01  3.0137E-01  1.6146E-01  6.6200E-02  1.6733E-02  3.3867E-03
  4.5053E+00  4.3227E+00  3.9977E+00  3.5610E+00  3.0567E+00  2.5240E+00  1.8817E+00  1.0560E+00  1.0154E+00  9.7301E-01  6.8788E-01  4.5884E-01  2.5136E-01  1.1444E-01  3.6434E-02  2.8168E-03
  4.9977E+00  4.7914E+00  4.4289E+00  3.9450E+00  3.3856E+00  2.6740E+00  1.6196E+00  1.4170E+00  1.6300E+00  1.3163E+00  1.0175E+00  6.6603E-01  3.8468E-01  1.8369E-01  6.6570E-02  1.1985E-02
  5.4131E+00  5.1841E+00  4.7881E+00  4.2585E+00  3.5278E+00  2.2943E+00  1.8183E+00  2.4154E+00  2.2087E+00  1.9022E+00  1.4223E+00  9.4897E-01  5.5713E-01  2.7615E-01  1.0709E-01  2.4794E-02
  5.7012E+00  5.4506E+00  5.0169E+00  4.3243E+00  2.9904E+00  2.1779E+00  3.2140E+00  3.2996E+00  3.1125E+00  2.5929E+00  1.9210E+00  1.2961E+00  7.6707E-01  3.8832E-01  1.5664E-01  4.0695E-02
  5.7838E+00  5.4984E+00  4.8973E+00  3.5442E+00  2.4574E+00  3.9354E+00  4.4759E+00  4.5496E+00  4.1500E+00  3.3505E+00  2.5086E+00  1.6781E+00  1.0021E+00  5.1302E-01  2.1163E-01  5.8518E-02
  5.4749E+00  4.9972E+00  3.6952E+00  2.5983E+00  4.5574E+00  5.6140E+00  6.0661E+00  5.9352E+00  5.1426E+00  4.1938E+00  3.0843E+00  2.0723E+00  1.2370E+00  6.3798E-01  2.6676E-01  7.6446E-02
  4.0671E+00  2.9868E+00  2.6977E+00  5.2030E+00  6.6471E+00  7.4591E+00  7.6579E+00  7.0427E+00  6.1529E+00  4.9004E+00  3.6158E+00  2.4152E+00  1.4469E+00  7.4799E-01  3.1527E-01  9.2274E-02
  2.3071E+00  3.8073E+00  6.1705E+00  7.5142E+00  8.4218E+00  8.8661E+00  8.5868E+00  7.9708E+00  6.7971E+00  5.4428E+00  3.9842E+00  2.6721E+00  1.5973E+00  8.2872E-01  3.5069E-01  1.0383E-01
  4.5014E+00  5.5655E+00  6.8983E+00  7.9472E+00  8.7224E+00  9.0382E+00  8.9677E+00  8.1936E+00  7.0926E+00  5.6444E+00  4.1597E+00  2.7856E+00  1.6700E+00  8.6668E-01  3.6764E-01  1.0941E-01
  9.6807E+00  7.7097E+00  5.7690E+00  6.1953E+00  7.4535E+00  8.2203E+00  8.4516E+00  7.8677E+00  6.8914E+00  5.5229E+00  4.0885E+00  2.7461E+00  1.6494E+00  8.5703E-01  3.6372E-01  1.0819E-01
  1.2161E+01  1.0455E+01  7.1723E+00  5.4302E+00  6.0423E+00  7.0349E+00  7.3235E+00  7.1387E+00  6.2665E+00  5.1139E+00  3.7889E+00  2.5626E+00  1.5400E+00  8.0157E-01  3.3961E-01  1.0037E-01
  1.0551E+01  9.7513E+00  7.4555E+00  5.2317E+00  4.9025E+00  5.6332E+00  6.2046E+00  6.0079E+00  5.4586E+00  4.4574E+00  3.3468E+00  2.2617E+00  1.3655E+00  7.0898E-01  2.9919E-01  8.7204E-02
  9.0502E+00  8.6546E+00  7.5111E+00  5.2540E+00  4.1704E+00  4.3700E+00  4.8598E+00  4.9769E+00  4.4597E+00  3.7375E+00  2.7991E+00  1.9056E+00  1.1468E+00  5.9408E-01  2.4842E-01  7.0597E-02
  7.8534E+00  7.5562E+00  6.9856E+00  5.6798E+00  3.7161E+00  3.4974E+00  3.6823E+00  3.8311E+00  3.5910E+00  2.9602E+00  2.2548E+00  1.5254E+00  9.1766E-01  4.7117E-01  1.9389E-01  5.2784E-02
  6.8047E+00  6.5452E+00  6.1066E+00  5.4267E+00  4.0905E+00  2.6402E+00  2.8882E+00  2.8510E+00  2.7292E+00  2.3055E+00  1.7272E+00  1.1753E+00  6.9863E-01  3.5374E-01  1.4172E-01  3.5792E-02
  5.8490E+00  5.6223E+00  5.2356E+00  4.7172E+00  4.0058E+00  2.7700E+00  1.9233E+00  2.2293E+00  1.9949E+00  1.7267E+00  1.2958E+00  8.6772E-01  5.0979E-01  2.5161E-01  9.6293E-02  2.1166E-02
  4.9707E+00  4.7761E+00  4.4401E+00  3.9891E+00  3.4638E+00  2.7901E+00  1.7577E+00  1.4242E+00  1.5523E+00  1.2360E+00  9.5379E-01  6.2240E-01  3.5826E-01  1.6952E-01  6.0188E-02  9.8011E-03
  4.1672E+00  4.0032E+00  3.7179E+00  3.3332E+00  2.8849E+00  2.4079E+00  1.8242E+00  1.0463E+00  1.0188E+00  9.5947E-01  6.7271E-01  4.4571E-01  2.4235E-01  1.0937E-01  3.4091E-02  2.1601E-03
  3.4416E+00  3.3059E+00  3.0683E+00  2.7480E+00  2.3725E+00  1.9740E+00  1.5821E+00  1.1011E+00  6.1148E-01  6.7007E-01  5.1226E-01  3.0920E-01  1.6498E-01  6.7719E-02  1.7286E-02  3.3516E-03
  2.7978E+00  2.6875E+00  2.4931E+00  2.2313E+00  1.9247E+00  1.5965E+00  1.2770E+00  9.7190E-01  6.1153E-01  3.5932E-01  3.7621E-01  2.2760E-01  1.1251E-01  4.1851E-02  8.7059E-03  5.5991E-03
  2.2375E+00  2.1494E+00  1.9932E+00  1.7830E+00  1.5371E+00  1.2740E+00  1.0148E+00  7.7413E-01  5.5704E-01  3.0701E-01  2.0700E-01  1.7562E-01  7.9594E-02  2.7771E-02  6.2240E-03  6.1749E-03
  1.7599E+00  1.6907E+00  1.5674E+00  1.4015E+00  1.2076E+00  1.0004E+00  7.9625E-01  6.0413E-01  4.4125E-01  2.9368E-01  1.4222E-01  1.0714E-01  6.3056E-02  1.9635E-02  5.6794E-03  5.7107E-03
  1.3610E+00  1.3076E+00  1.2119E+00  1.0832E+00  9.3298E-01  7.7255E-01  6.1470E-01  4.6598E-01  3.3724E-01  2.3259E-01  1.3959E-01  6.1505E-02  4.4527E-02  1.5542E-02  4.9555E-03  4.7446E-03
  1.0346E+00  9.9411E-01  9.2118E-01  8.2316E-01  7.0874E-01  5.8661E-01  4.6651E-01  3.5361E-01  2.5548E-01  1.7417E-01  1.1285E-01  5.8360E-02  2.5311E-02  1.2829E-02  3.9785E-03  3.6693E-03
  7.7313E-01  7.4290E-01  6.8827E-01  6.1488E-01  5.2926E-01  4.3790E-01  3.4807E-01  2.6373E-01  1.9068E-01  1.2936E-01  8.3005E-02  4.9132E-02  2.1061E-02  8.8815E-03  3.0929E-03  2.6895E-03
  5.6781E-01  5.4564E-01  5.0543E-01  4.5143E-01  3.8848E-01  3.2132E-01  2.5529E-01  1.9331E-01  1.3966E-01  9.4868E-02  6.0180E-02  3.6066E-02  1.8536E-02  6.6334E-03  2.4655E-03  1.8822E-03
  4.0984E-01  3.9385E-01  3.6477E-01  3.2573E-01  2.8025E-01  2.3172E-01  1.8404E-01  1.3931E-01  1.0061E-01  6.8354E-02  4.3380E-02  2.5488E-02  1.3811E-02  5.8596E-03  1.9304E-03  1.2810E-03
  2.9071E-01  2.7938E-01  2.5870E-01  2.3097E-01  1.9868E-01  1.6423E-01  1.3039E-01  9.8655E-02  7.1198E-02  4.8301E-02  3.0709E-02  1.7941E-02  9.6612E-03  4.4640E-03  1.5298E-03  8.3606E-04
  2.0265E-01  1.9475E-01  1.8030E-01  1.6094E-01  1.3841E-01  1.1438E-01  9.0786E-02  6.8663E-02  4.9538E-02  3.3614E-02  2.1325E-02  1.2493E-02  6.6173E-03  3.1195E-03  1.1577E-03  4.8869E-04
  1.3881E-01  1.3340E-01  1.2348E-01  1.1020E-01  9.4752E-02  7.8284E-02  6.2112E-02  4.6959E-02  3.3863E-02  2.2951E-02  1.4573E-02  8.5320E-03  4.5110E-03  2.1296E-03  7.9784E-04  2.5737E-04
  9.3440E-02  8.9793E-02  8.3101E-02  7.4142E-02  6.3737E-02  5.2645E-02  4.1756E-02  3.1557E-02  2.2748E-02  1.5418E-02  9.7709E-03  5.7191E-03  3.0359E-03  1.4117E-03  5.3501E-04  1.4406E-04
  6.1808E-02  5.9391E-02  5.4953E-02  4.9017E-02  4.2128E-02  3.4787E-02  2.7582E-02  2.0837E-02  1.5014E-02  1.0168E-02  6.4492E-03  3.7686E-03  1.9983E-03  9.2718E-04  3.5802E-04  9.5690E-05
  4.0175E-02  3.8601E-02  3.5707E-02  3.1842E-02  2.7360E-02  2.2585E-02  1.7902E-02  1.3519E-02  9.7367E-03  6.5918E-03  4.1755E-03  2.4416E-03  1.2911E-03  6.0070E-04  2.3166E-04  6.6095E-05
  2.5660E-02  2.4652E-02  2.2799E-02  2.0324E-02  1.7459E-02  1.4408E-02  1.1416E-02  8.6177E-03  6.2039E-03  4.1975E-03  2.6590E-03  1.5528E-03  8.2287E-04  3.8062E-04  1.4619E-04  4.2794E-05
  1.6105E-02  1.5471E-02  1.4304E-02  1.2747E-02  1.0947E-02  9.0308E-03  7.1529E-03  5.3972E-03  3.8837E-03  2.6264E-03  1.6624E-03  9.7103E-04  5.1251E-04  2.3808E-04  9.1279E-05  2.4228E-05
  9.9331E-03  9.5401E-03  8.8177E-03  7.8556E-03  6.7441E-03  5.5616E-03  4.4033E-03  3.3211E-03  2.3887E-03  1.6144E-03  1.0216E-03  5.9622E-04  3.1585E-04  1.4527E-04  5.5828E-05  1.5811E-05
  6.0199E-03  5.7808E-03  5.3413E-03  4.7567E-03  4.0823E-03  3.3652E-03  2.6633E-03  2.0079E-03  1.4435E-03  9.7518E-04  6.1680E-04  3.5988E-04  1.8974E-04  8.8010E-05  3.3456E-05  1.1756E-05
  3.5851E-03  3.4420E-03  3.1793E-03  2.8301E-03  2.4279E-03  2.0005E-03  1.5825E-03  1.1925E-03  8.5712E-04  5.7904E-04  3.6627E-04  2.1358E-04  1.1284E-04  5.1930E-05  1.9723E-05  6.7524E-06
  2.0980E-03  2.0139E-03  1.8595E-03  1.6547E-03  1.4192E-03  1.1693E-03  9.2512E-04  6.9756E-04  5.0175E-04  3.3898E-04  2.1408E-04  1.2439E-04  6.5335E-05  3.0081E-05  1.1555E-05  3.4030E-06
  1.2069E-03  1.1578E-03  1.0678E-03  9.4856E-04  8.1200E-04  6.6776E-04  5.2745E-04  3.9732E-04  2.8538E-04  1.9229E-04  1.2109E-04  7.0344E-05  3.7142E-05  1.7202E-05  6.5266E-06  1.8591E-06
  6.8081E-04  6.5592E-04  6.1013E-04  5.4877E-04  4.7699E-04  3.9859E-04  3.1935E-04  2.4244E-04  1.7493E-04  1.1784E-04  7.4113E-05  4.2969E-05  2.2541E-05  1.0249E-05  3.9248E-06  1.1801E-06


# trapped boundary
#  mu         vpar      
  1.8108E-02 -7.6321E-02
  1.8108E-02  8.8062E-02
  9.5589E-02 -1.8200E-01
  9.5589E-02  1.9374E-01
  2.3573E-01 -2.8767E-01
  2.3573E-01  2.9941E-01
  4.3989E-01 -4.0509E-01
  4.3989E-01  4.1683E-01
  7.1007E-01 -5.1076E-01
  7.1007E-01  5.2250E-01
  1.0491E+00 -6.1644E-01
  1.0491E+00  6.2818E-01
  1.4607E+00 -7.3386E-01
  1.4607E+00  7.4560E-01
  1.9499E+00 -8.5127E-01
  1.9499E+00  8.6301E-01
  2.5234E+00 -9.6869E-01
  2.5234E+00  9.8043E-01
  3.1901E+00 -1.0861E+00
  3.1901E+00  1.0978E+00
  3.9625E+00 -1.2153E+00
  3.9625E+00  1.2270E+00
  4.8582E+00 -1.3444E+00
  4.8582E+00  1.3562E+00
  5.9041E+00 -1.4736E+00
  5.9041E+00  1.4853E+00
  7.1447E+00 -1.6262E+00
  7.1447E+00  1.6380E+00
  8.6646E+00 -1.7906E+00
  8.6646E+00  1.8023E+00
  1.0681E+01 -1.9902E+00
  1.0681E+01  2.0020E+00


# , time = 254.12701, var = <|f|^2>^(1/2) , z = 0
  2.3220E-03  2.2343E-03  2.0499E-03  1.8078E-03  1.5365E-03  1.2572E-03  9.8314E-04  7.4051E-04  5.3174E-04  3.5913E-04  2.2730E-04  1.3284E-04  6.9926E-05  3.2457E-05  1.2378E-05  5.9132E-06
  3.9520E-03  3.7992E-03  3.4769E-03  3.0506E-03  2.5705E-03  2.0774E-03  1.5999E-03  1.1858E-03  8.3928E-04  5.6136E-04  3.5398E-04  2.0735E-04  1.0994E-04  5.1928E-05  2.0493E-05  7.8352E-06
  6.5779E-03  6.3264E-03  5.7990E-03  5.1021E-03  4.3170E-03  3.5079E-03  2.7180E-03  2.0243E-03  1.4370E-03  9.6080E-04  6.0426E-04  3.5268E-04  1.8631E-04  8.7029E-05  3.3501E-05  1.4586E-05
  1.0761E-02  1.0351E-02  9.4945E-03  8.3602E-03  7.0797E-03  5.7580E-03  4.4676E-03  3.3320E-03  2.3689E-03  1.5858E-03  9.9787E-04  5.8277E-04  3.0844E-04  1.4549E-04  5.6864E-05  2.2686E-05
  1.7291E-02  1.6635E-02  1.5270E-02  1.3458E-02  1.1408E-02  9.2874E-03  7.2153E-03  5.3871E-03  3.8350E-03  2.5708E-03  1.6189E-03  9.4517E-04  5.0002E-04  2.3430E-04  9.1347E-05  3.3463E-05
  2.7291E-02  2.6260E-02  2.4122E-02  2.1279E-02  1.8055E-02  1.4713E-02  1.1444E-02  8.5513E-03  6.0928E-03  4.0885E-03  2.5776E-03  1.5065E-03  7.9689E-04  3.7592E-04  1.4647E-04  4.7091E-05
  4.2308E-02  4.0715E-02  3.7427E-02  3.3046E-02  2.8066E-02  2.2893E-02  1.7827E-02  1.3332E-02  9.5067E-03  6.3845E-03  4.0282E-03  2.3558E-03  1.2482E-03  5.8621E-04  2.2927E-04  6.7653E-05
  6.4423E-02  6.2004E-02  5.7036E-02  5.0405E-02  4.2851E-02  3.4985E-02  2.7275E-02  2.0414E-02  1.4568E-02  9.7914E-03  6.1820E-03  3.6183E-03  1.9167E-03  9.0438E-04  3.5149E-04  9.9994E-05
  9.6356E-02  9.2745E-02  8.5372E-02  7.5513E-02  6.4256E-02  5.2509E-02  4.0983E-02  3.0699E-02  2.1925E-02  1.4747E-02  9.3168E-03  5.4558E-03  2.8940E-03  1.3647E-03  5.3110E-04  1.5131E-04
  1.4155E-01  1.3626E-01  1.2551E-01  1.1111E-01  9.4631E-02  7.7400E-02  6.0479E-02  4.5337E-02  3.2403E-02  2.1812E-02  1.3789E-02  8.0791E-03  4.2901E-03  2.0177E-03  7.8694E-04  2.2184E-04
  2.0426E-01  1.9662E-01  1.8122E-01  1.6056E-01  1.3687E-01  1.1205E-01  8.7648E-02  6.5755E-02  4.7032E-02  3.1682E-02  2.0039E-02  1.1751E-02  6.2417E-03  2.9319E-03  1.1398E-03  3.2315E-04
  2.8949E-01  2.7866E-01  2.5699E-01  2.2788E-01  1.9442E-01  1.5930E-01  1.2474E-01  9.3652E-02  6.7030E-02  4.5187E-02  2.8605E-02  1.6783E-02  8.9101E-03  4.1807E-03  1.6356E-03  5.0914E-04
  4.0297E-01  3.8789E-01  3.5794E-01  3.1763E-01  2.7122E-01  2.2240E-01  1.7434E-01  1.3098E-01  9.3828E-02  6.3295E-02  4.0084E-02  2.3540E-02  1.2464E-02  5.8666E-03  2.2961E-03  8.4062E-04
  5.5094E-01  5.3030E-01  4.8960E-01  4.3479E-01  3.7155E-01  3.0491E-01  2.3925E-01  1.7988E-01  1.2892E-01  8.7033E-02  5.5193E-02  3.2351E-02  1.7164E-02  8.1231E-03  3.0152E-03  1.3158E-03
  7.3980E-01  7.1202E-01  6.5769E-01  5.8445E-01  4.9981E-01  4.1047E-01  3.2239E-01  2.4255E-01  1.7403E-01  1.1759E-01  7.4513E-02  4.3674E-02  2.3368E-02  1.0538E-02  3.7194E-03  1.9285E-03
  9.7561E-01  9.3886E-01  8.6759E-01  7.7147E-01  6.6019E-01  5.4257E-01  4.2653E-01  3.2112E-01  2.3046E-01  1.5579E-01  9.8728E-02  5.8336E-02  3.0497E-02  1.1853E-02  4.5440E-03  2.7348E-03
  1.2635E+00  1.2157E+00  1.1238E+00  9.9989E-01  8.5619E-01  7.0411E-01  5.5401E-01  4.1739E-01  2.9989E-01  2.0272E-01  1.2908E-01  7.5893E-02  3.4631E-02  1.2436E-02  5.6687E-03  3.7641E-03
  1.6068E+00  1.5457E+00  1.4294E+00  1.2723E+00  1.0901E+00  8.9700E-01  7.0636E-01  5.3248E-01  3.8259E-01  2.5938E-01  1.6595E-01  8.8607E-02  3.4075E-02  1.3816E-02  7.1049E-03  4.9650E-03
  2.0064E+00  1.9295E+00  1.7847E+00  1.5894E+00  1.3623E+00  1.1216E+00  8.8392E-01  6.6658E-01  4.7960E-01  3.2749E-01  1.9786E-01  8.5255E-02  4.2077E-02  1.4931E-02  8.3993E-03  6.2170E-03
  2.4593E+00  2.3644E+00  2.1874E+00  1.9485E+00  1.6709E+00  1.3762E+00  1.0850E+00  8.1887E-01  5.9344E-01  3.9339E-01  1.9364E-01  1.0393E-01  5.4528E-02  1.7200E-02  8.9240E-03  7.2364E-03
  2.9586E+00  2.8433E+00  2.6307E+00  2.3440E+00  2.0104E+00  1.6562E+00  1.3067E+00  9.9077E-01  7.0827E-01  3.9608E-01  2.1179E-01  1.6044E-01  6.8743E-02  2.3356E-02  8.0322E-03  7.5597E-03
  3.4918E+00  3.3543E+00  3.1034E+00  2.7653E+00  2.3720E+00  1.9544E+00  1.5471E+00  1.1685E+00  7.3795E-01  3.8493E-01  3.5962E-01  2.1312E-01  1.0384E-01  3.7656E-02  7.8694E-03  6.5520E-03
  4.0408E+00  3.8795E+00  3.5889E+00  3.1977E+00  2.7427E+00  2.2638E+00  1.7920E+00  1.2416E+00  6.5985E-01  6.6284E-01  5.0684E-01  3.0642E-01  1.6415E-01  6.7293E-02  1.7007E-02  3.4840E-03
  4.5811E+00  4.3954E+00  4.0649E+00  3.6209E+00  3.1081E+00  2.5665E+00  1.9134E+00  1.0737E+00  1.0325E+00  9.8943E-01  6.9957E-01  4.6659E-01  2.5558E-01  1.1636E-01  3.7031E-02  2.8254E-03
  5.0818E+00  4.8719E+00  4.5033E+00  4.0113E+00  3.4425E+00  2.7189E+00  1.6469E+00  1.4409E+00  1.6576E+00  1.3386E+00  1.0348E+00  6.7734E-01  3.9115E-01  1.8676E-01  6.7661E-02  1.2135E-02
  5.5042E+00  5.2713E+00  4.8686E+00  4.3301E+00  3.5872E+00  2.3330E+00  1.8489E+00  2.4562E+00  2.2461E+00  1.9343E+00  1.4466E+00  9.6512E-01  5.6653E-01  2.8076E-01  1.0885E-01  2.5150E-02
  5.7971E+00  5.5422E+00  5.1012E+00  4.3970E+00  3.0407E+00  2.2145E+00  3.2679E+00  3.3552E+00  3.1652E+00  2.6368E+00  1.9537E+00  1.3182E+00  7.8000E-01  3.9480E-01  1.5921E-01  4.1307E-02
  5.8810E+00  5.5909E+00  4.9796E+00  3.6039E+00  2.4986E+00  4.0012E+00  4.5508E+00  4.6262E+00  4.2203E+00  3.4073E+00  2.5514E+00  1.7067E+00  1.0190E+00  5.2157E-01  2.1511E-01  5.9418E-02
  5.5670E+00  5.0812E+00  3.7574E+00  2.6417E+00  4.6334E+00  5.7077E+00  6.1676E+00  6.0351E+00  5.2296E+00  4.2650E+00  3.1369E+00  2.1076E+00  1.2578E+00  6.4861E-01  2.7115E-01  7.7637E-02
  4.1354E+00  3.0369E+00  2.7425E+00  5.2896E+00  6.7578E+00  7.5836E+00  7.7862E+00  7.1613E+00  6.2570E+00  4.9836E+00  3.6774E+00  2.4563E+00  1.4713E+00  7.6046E-01  3.2045E-01  9.3723E-02
  2.3452E+00  3.8705E+00  6.2733E+00  7.6393E+00  8.5622E+00  9.0143E+00  8.7308E+00  8.1051E+00  6.9122E+00  5.5353E+00  4.0520E+00  2.7175E+00  1.6243E+00  8.4253E-01  3.5646E-01  1.0547E-01
  4.5763E+00  5.6582E+00  7.0132E+00  8.0796E+00  8.8679E+00  9.1894E+00  9.1181E+00  8.3317E+00  7.2127E+00  5.7404E+00  4.2305E+00  2.8329E+00  1.6981E+00  8.8113E-01  3.7369E-01  1.1114E-01
  9.8440E+00  7.8399E+00  5.8662E+00  6.2988E+00  7.5779E+00  8.3578E+00  8.5934E+00  8.0003E+00  7.0081E+00  5.6168E+00  4.1581E+00  2.7927E+00  1.6772E+00  8.7130E-01  3.6970E-01  1.0989E-01
  1.2365E+01  1.0632E+01  7.2935E+00  5.5216E+00  6.1434E+00  7.1526E+00  7.4465E+00  7.2591E+00  6.3727E+00  5.2009E+00  3.8534E+00  2.6061E+00  1.5659E+00  8.1492E-01  3.4519E-01  1.0195E-01
  1.0729E+01  9.9154E+00  7.5812E+00  5.3199E+00  4.9847E+00  5.7275E+00  6.3088E+00  6.1092E+00  5.5511E+00  4.5333E+00  3.4038E+00  2.3000E+00  1.3884E+00  7.2077E-01  3.0409E-01  8.8569E-02
  9.2023E+00  8.8001E+00  7.6375E+00  5.3426E+00  4.2405E+00  4.4432E+00  4.9414E+00  5.0608E+00  4.5353E+00  3.8011E+00  2.8468E+00  1.9379E+00  1.1661E+00  6.0395E-01  2.5248E-01  7.1692E-02
  7.9854E+00  7.6832E+00  7.1031E+00  5.7753E+00  3.7788E+00  3.5562E+00  3.7441E+00  3.8957E+00  3.6519E+00  3.0106E+00  2.2932E+00  1.5512E+00  9.3304E-01  4.7899E-01  1.9706E-01  5.3591E-02
  6.9191E+00  6.6552E+00  6.2093E+00  5.5180E+00  4.1594E+00  2.6847E+00  2.9367E+00  2.8991E+00  2.7754E+00  2.3448E+00  1.7567E+00  1.1952E+00  7.1031E-01  3.5960E-01  1.4404E-01  3.6327E-02
  5.9474E+00  5.7169E+00  5.3236E+00  4.7966E+00  4.0732E+00  2.8166E+00  1.9557E+00  2.2669E+00  2.0287E+00  1.7561E+00  1.3180E+00  8.8245E-01  5.1830E-01  2.5579E-01  9.7869E-02  2.1467E-02
  5.0543E+00  4.8564E+00  4.5148E+00  4.0562E+00  3.5221E+00  2.8370E+00  1.7873E+00  1.4482E+00  1.5786E+00  1.2571E+00  9.7006E-01  6.3299E-01  3.6424E-01  1.7234E-01  6.1179E-02  9.9236E-03
  4.2373E+00  4.0705E+00  3.7804E+00  3.3893E+00  2.9334E+00  2.4484E+00  1.8549E+00  1.0639E+00  1.0360E+00  9.7573E-01  6.8415E-01  4.5329E-01  2.4640E-01  1.1120E-01  3.4663E-02  2.1785E-03
  3.4995E+00  3.3615E+00  3.1199E+00  2.7942E+00  2.4124E+00  2.0072E+00  1.6087E+00  1.1196E+00  6.2176E-01  6.8136E-01  5.2092E-01  3.1443E-01  1.6773E-01  6.8851E-02  1.7588E-02  3.4425E-03
  2.8448E+00  2.7327E+00  2.5350E+00  2.2688E+00  1.9571E+00  1.6233E+00  1.2985E+00  9.8825E-01  6.2181E-01  3.6534E-01  3.8252E-01  2.3142E-01  1.1438E-01  4.2531E-02  8.8684E-03  5.7212E-03
  2.2752E+00  2.1856E+00  2.0267E+00  1.8130E+00  1.5629E+00  1.2954E+00  1.0318E+00  7.8715E-01  5.6641E-01  3.1216E-01  2.1045E-01  1.7855E-01  8.0914E-02  2.8197E-02  6.3412E-03  6.3021E-03
  1.7895E+00  1.7191E+00  1.5937E+00  1.4250E+00  1.2279E+00  1.0172E+00  8.0964E-01  6.1429E-01  4.4867E-01  2.9862E-01  1.4460E-01  1.0892E-01  6.4103E-02  1.9924E-02  5.7849E-03  5.8260E-03
  1.3839E+00  1.3295E+00  1.2323E+00  1.1015E+00  9.4867E-01  7.8555E-01  6.2503E-01  4.7382E-01  3.4291E-01  2.3650E-01  1.4193E-01  6.2531E-02  4.5266E-02  1.5776E-02  5.0479E-03  4.8395E-03
  1.0520E+00  1.0108E+00  9.3668E-01  8.3700E-01  7.2066E-01  5.9648E-01  4.7435E-01  3.5955E-01  2.5978E-01  1.7710E-01  1.1475E-01  5.9341E-02  2.5731E-02  1.3031E-02  4.0509E-03  3.7418E-03
  7.8613E-01  7.5539E-01  6.9985E-01  6.2522E-01  5.3816E-01  4.4526E-01  3.5392E-01  2.6817E-01  1.9388E-01  1.3153E-01  8.4401E-02  4.9958E-02  2.1414E-02  9.0246E-03  3.1455E-03  2.7415E-03
  5.7736E-01  5.5482E-01  5.1393E-01  4.5902E-01  3.9501E-01  3.2672E-01  2.5959E-01  1.9656E-01  1.4201E-01  9.6464E-02  6.1193E-02  3.6673E-02  1.8848E-02  6.7435E-03  2.5050E-03  1.9175E-03
  4.1673E-01  4.0048E-01  3.7090E-01  3.3121E-01  2.8496E-01  2.3562E-01  1.8714E-01  1.4165E-01  1.0230E-01  6.9504E-02  4.4110E-02  2.5917E-02  1.4043E-02  5.9581E-03  1.9620E-03  1.3039E-03
  2.9560E-01  2.8408E-01  2.6306E-01  2.3485E-01  2.0202E-01  1.6700E-01  1.3259E-01  1.0031E-01  7.2396E-02  4.9113E-02  3.1226E-02  1.8243E-02  9.8238E-03  4.5391E-03  1.5554E-03  8.5041E-04
  2.0605E-01  1.9802E-01  1.8334E-01  1.6365E-01  1.4074E-01  1.1631E-01  9.2312E-02  6.9818E-02  5.0371E-02  3.4179E-02  2.1684E-02  1.2703E-02  6.7286E-03  3.1720E-03  1.1771E-03  4.9692E-04
  1.4115E-01  1.3564E-01  1.2556E-01  1.1205E-01  9.6345E-02  7.9600E-02  6.3157E-02  4.7749E-02  3.4433E-02  2.3337E-02  1.4818E-02  8.6755E-03  4.5869E-03  2.1654E-03  8.1128E-04  2.6173E-04
  9.5012E-02  9.1304E-02  8.4498E-02  7.5389E-02  6.4809E-02  5.3530E-02  4.2459E-02  3.2088E-02  2.3130E-02  1.5677E-02  9.9352E-03  5.8153E-03  3.0869E-03  1.4354E-03  5.4401E-04  1.4651E-04
  6.2847E-02  6.0390E-02  5.5877E-02  4.9841E-02  4.2836E-02  3.5372E-02  2.8046E-02  2.1188E-02  1.5267E-02  1.0339E-02  6.5576E-03  3.8320E-03  2.0319E-03  9.4279E-04  3.6403E-04  9.7296E-05
  4.0851E-02  3.9250E-02  3.6308E-02  3.2377E-02  2.7820E-02  2.2965E-02  1.8203E-02  1.3746E-02  9.9005E-03  6.7027E-03  4.2457E-03  2.4827E-03  1.3129E-03  6.1081E-04  2.3556E-04  6.7188E-05
  2.6092E-02  2.5067E-02  2.3182E-02  2.0666E-02  1.7753E-02  1.4650E-02  1.1608E-02  8.7626E-03  6.3082E-03  4.2681E-03  2.7037E-03  1.5789E-03  8.3672E-04  3.8703E-04  1.4865E-04  4.3504E-05
  1.6376E-02  1.5731E-02  1.4544E-02  1.2962E-02  1.1131E-02  9.1827E-03  7.2732E-03  5.4880E-03  3.9490E-03  2.6706E-03  1.6903E-03  9.8736E-04  5.2114E-04  2.4209E-04  9.2811E-05  2.4641E-05
  1.0100E-02  9.7006E-03  8.9660E-03  7.9876E-03  6.8575E-03  5.6551E-03  4.4774E-03  3.3770E-03  2.4288E-03  1.6416E-03  1.0388E-03  6.0625E-04  3.2117E-04  1.4771E-04  5.6764E-05  1.6080E-05
  6.1212E-03  5.8780E-03  5.4312E-03  4.8367E-03  4.1510E-03  3.4218E-03  2.7081E-03  2.0416E-03  1.4677E-03  9.9158E-04  6.2717E-04  3.6594E-04  1.9293E-04  8.9490E-05  3.4019E-05  1.1956E-05
  3.6454E-03  3.4999E-03  3.2327E-03  2.8777E-03  2.4688E-03  2.0342E-03  1.6091E-03  1.2126E-03  8.7154E-04  5.8877E-04  3.7243E-04  2.1717E-04  1.1474E-04  5.2803E-05  2.0056E-05  6.8633E-06
  2.1333E-03  2.0477E-03  1.8908E-03  1.6825E-03  1.4431E-03  1.1889E-03  9.4068E-04  7.0929E-04  5.1019E-04  3.4468E-04  2.1768E-04  1.2649E-04  6.6433E-05  3.0587E-05  1.1750E-05  3.4576E-06
  1.2272E-03  1.1773E-03  1.0857E-03  9.6451E-04  8.2565E-04  6.7899E-04  5.3632E-04  4.0400E-04  2.9018E-04  1.9552E-04  1.2313E-04  7.1527E-05  3.7767E-05  1.7491E-05  6.6370E-06  1.8901E-06
  6.9226E-04  6.6695E-04  6.2039E-04  5.5800E-04  4.8501E-04  4.0530E-04  3.2472E-04  2.4652E-04  1.7787E-04  1.1982E-04  7.5359E-05  4.3692E-05  2.2920E-05  1.0422E-05  3.9915E-06  1.1994E-06
