# CREATED BY GENE DIAGNOSTICS TOOL on Sat May 17 18:00:05 2025 /home/unix/ottink/gene/diagnostics
# diag: vsp1, run(s): vim010vep005, time window: 103.6-103.60776(1 steps), species: i
# original data path: /Differ/Data/IMT/lottink/Tokamak_nTEM/vres_scan/v1/
# normalization: L_ref=1.65m
#
# vpar
 -3.0000E+00
 -2.9528E+00
 -2.9055E+00
 -2.8583E+00
 -2.8110E+00
 -2.7638E+00
 -2.7165E+00
 -2.6693E+00
 -2.6220E+00
 -2.5748E+00
 -2.5276E+00
 -2.4803E+00
 -2.4331E+00
 -2.3858E+00
 -2.3386E+00
 -2.2913E+00
 -2.2441E+00
 -2.1969E+00
 -2.1496E+00
 -2.1024E+00
 -2.0551E+00
 -2.0079E+00
 -1.9606E+00
 -1.9134E+00
 -1.8661E+00
 -1.8189E+00
 -1.7717E+00
 -1.7244E+00
 -1.6772E+00
 -1.6299E+00
 -1.5827E+00
 -1.5354E+00
 -1.4882E+00
 -1.4409E+00
 -1.3937E+00
 -1.3465E+00
 -1.2992E+00
 -1.2520E+00
 -1.2047E+00
 -1.1575E+00
 -1.1102E+00
 -1.0630E+00
 -1.0157E+00
 -9.6850E-01
 -9.2126E-01
 -8.7402E-01
 -8.2677E-01
 -7.7953E-01
 -7.3228E-01
 -6.8504E-01
 -6.3780E-01
 -5.9055E-01
 -5.4331E-01
 -4.9606E-01
 -4.4882E-01
 -4.0157E-01
 -3.5433E-01
 -3.0709E-01
 -2.5984E-01
 -2.1260E-01
 -1.6535E-01
 -1.1811E-01
 -7.0866E-02
 -2.3622E-02
  2.3622E-02
  7.0866E-02
  1.1811E-01
  1.6535E-01
  2.1260E-01
  2.5984E-01
  3.0709E-01
  3.5433E-01
  4.0157E-01
  4.4882E-01
  4.9606E-01
  5.4331E-01
  5.9055E-01
  6.3780E-01
  6.8504E-01
  7.3228E-01
  7.7953E-01
  8.2677E-01
  8.7402E-01
  9.2126E-01
  9.6850E-01
  1.0157E+00
  1.0630E+00
  1.1102E+00
  1.1575E+00
  1.2047E+00
  1.2520E+00
  1.2992E+00
  1.3465E+00
  1.3937E+00
  1.4409E+00
  1.4882E+00
  1.5354E+00
  1.5827E+00
  1.6299E+00
  1.6772E+00
  1.7244E+00
  1.7717E+00
  1.8189E+00
  1.8661E+00
  1.9134E+00
  1.9606E+00
  2.0079E+00
  2.0551E+00
  2.1024E+00
  2.1496E+00
  2.1969E+00
  2.2441E+00
  2.2913E+00
  2.3386E+00
  2.3858E+00
  2.4331E+00
  2.4803E+00
  2.5276E+00
  2.5748E+00
  2.6220E+00
  2.6693E+00
  2.7165E+00
  2.7638E+00
  2.8110E+00
  2.8583E+00
  2.9055E+00
  2.9528E+00
  3.0000E+00


# mu
  5.5286E-02
  2.9341E-01
  7.3088E-01
  1.3853E+00
  2.2877E+00
  3.4931E+00
  5.1107E+00
  7.4232E+00


# trapped boundary
#  mu         vpar      
  5.5286E-02 -1.3503E-01
  5.5286E-02  1.4677E-01
  2.9341E-01 -3.2290E-01
  2.9341E-01  3.3464E-01
  7.3088E-01 -5.1076E-01
  7.3088E-01  5.2251E-01
  1.3853E+00 -7.1037E-01
  1.3853E+00  7.2211E-01
  2.2877E+00 -9.2172E-01
  2.2877E+00  9.3346E-01
  3.4931E+00 -1.1331E+00
  3.4931E+00  1.1448E+00
  5.1107E+00 -1.3679E+00
  5.1107E+00  1.3796E+00
  7.4232E+00 -1.6614E+00
  7.4232E+00  1.6732E+00


# , time = 103.60776, var = <|f|^2>^(1/2) , z = 0
  7.2645E+09  5.4270E+09  3.8919E+09  2.4580E+09  1.4695E+09  7.3757E+08  2.5699E+08  4.1406E+07
  9.3434E+09  6.3663E+09  4.8084E+09  3.9646E+09  2.6698E+09  1.2193E+09  3.6019E+08  4.8159E+07
  1.2420E+10  8.4230E+09  5.7574E+09  4.1498E+09  2.8077E+09  1.3459E+09  4.2407E+08  6.3508E+07
  1.6929E+10  1.1562E+10  7.8928E+09  5.8450E+09  4.0592E+09  1.9673E+09  6.1200E+08  8.7501E+07
  2.3402E+10  1.6216E+10  1.0802E+10  7.5251E+09  5.0580E+09  2.4487E+09  7.6341E+08  1.1572E+08
  3.2484E+10  2.2959E+10  1.5161E+10  1.0228E+10  6.7776E+09  3.2970E+09  1.0306E+09  1.5485E+08
  4.4911E+10  3.2449E+10  2.1372E+10  1.3848E+10  8.8361E+09  4.2587E+09  1.3303E+09  1.9978E+08
  6.1527E+10  4.5480E+10  3.0090E+10  1.8927E+10  1.1675E+10  5.5889E+09  1.7424E+09  2.6403E+08
  8.3320E+10  6.3010E+10  4.2088E+10  2.5871E+10  1.5376E+10  7.2517E+09  2.2548E+09  3.3653E+08
  1.1148E+11  8.6216E+10  5.8342E+10  3.5314E+10  2.0280E+10  9.4205E+09  2.9192E+09  4.4044E+08
  1.4755E+11  1.1658E+11  8.0074E+10  4.8008E+10  2.6712E+10  1.2184E+10  3.7551E+09  5.5532E+08
  1.9364E+11  1.5602E+11  1.0881E+11  6.4913E+10  3.5123E+10  1.5723E+10  4.8214E+09  7.2653E+08
  2.5274E+11  2.0704E+11  1.4643E+11  8.7208E+10  4.6055E+10  2.0222E+10  6.1519E+09  9.1271E+08
  3.2904E+11  2.7295E+11  1.9531E+11  1.1634E+11  6.0183E+10  2.5925E+10  7.8296E+09  1.1655E+09
  4.2818E+11  3.5800E+11  2.5832E+11  1.5407E+11  7.8328E+10  3.3117E+10  9.9189E+09  1.4952E+09
  5.5746E+11  4.6762E+11  3.3901E+11  2.0250E+11  1.0148E+11  4.2148E+10  1.2509E+10  1.8582E+09
  7.2593E+11  6.0854E+11  4.4165E+11  2.6415E+11  1.3084E+11  5.3429E+10  1.5734E+10  2.3327E+09
  9.4436E+11  7.8894E+11  5.7139E+11  3.4196E+11  1.6779E+11  6.7452E+10  1.9659E+10  2.9343E+09
  1.2250E+12  1.0184E+12  7.3434E+11  4.3941E+11  2.1400E+11  8.4790E+10  2.4501E+10  3.5970E+09
  1.5813E+12  1.3080E+12  9.3770E+11  5.6052E+11  2.7137E+11  1.0612E+11  3.0353E+10  4.3989E+09
  2.0281E+12  1.6702E+12  1.1898E+12  7.0993E+11  3.4211E+11  1.3220E+11  3.7470E+10  5.4817E+09
  2.5820E+12  2.1188E+12  1.5002E+12  8.9295E+11  4.2873E+11  1.6393E+11  4.6072E+10  6.6143E+09
  3.2612E+12  2.6692E+12  1.8798E+12  1.1156E+12  5.3408E+11  2.0230E+11  5.6394E+10  8.0173E+09
  4.0867E+12  3.3386E+12  2.3407E+12  1.3848E+12  6.6137E+11  2.4846E+11  6.8797E+10  9.8945E+09
  5.0815E+12  4.1460E+12  2.8964E+12  1.7083E+12  8.1417E+11  3.0365E+11  8.3397E+10  1.1841E+10
  6.2704E+12  5.1121E+12  3.5619E+12  2.0946E+12  9.9645E+11  3.6933E+11  1.0072E+11  1.4303E+10
  7.6795E+12  6.2596E+12  4.3534E+12  2.5533E+12  1.2126E+12  4.4697E+11  1.2097E+11  1.7374E+10
  9.3355E+12  7.6125E+12  5.2887E+12  3.0946E+12  1.4672E+12  5.3822E+11  1.4449E+11  2.0631E+10
  1.1266E+13  9.1956E+12  6.3864E+12  3.7298E+12  1.7654E+12  6.4492E+11  1.7225E+11  2.4622E+10
  1.3498E+13  1.1035E+13  7.6663E+12  4.4708E+12  2.1127E+12  7.6899E+11  2.0456E+11  2.9372E+10
  1.6060E+13  1.3156E+13  9.1492E+12  5.3301E+12  2.5148E+12  9.1268E+11  2.4206E+11  3.4403E+10
  1.8982E+13  1.5586E+13  1.0856E+13  6.3210E+12  2.9775E+12  1.0781E+12  2.8588E+11  4.0468E+10
  2.2294E+13  1.8351E+13  1.2809E+13  7.4568E+12  3.5072E+12  1.2669E+12  3.3650E+11  4.7480E+10
  2.6029E+13  2.1481E+13  1.5030E+13  8.7512E+12  4.1101E+12  1.4813E+12  3.9379E+11  5.4865E+10
  3.0221E+13  2.5003E+13  1.7541E+13  1.0218E+13  4.7923E+12  1.7234E+12  4.5890E+11  6.3838E+10
  3.4902E+13  2.8946E+13  2.0362E+13  1.1870E+13  5.5599E+12  1.9965E+12  5.3278E+11  7.3630E+10
  4.0105E+13  3.3339E+13  2.3516E+13  1.3721E+13  6.4186E+12  2.3051E+12  6.1375E+11  8.4021E+10
  4.5864E+13  3.8210E+13  2.7022E+13  1.5782E+13  7.3739E+12  2.6535E+12  7.0347E+11  9.6252E+10
  5.2210E+13  4.3585E+13  3.0897E+13  1.8063E+13  8.4303E+12  3.0460E+12  8.0229E+11  1.0867E+11
  5.9175E+13  4.9486E+13  3.5157E+13  2.0573E+13  9.5912E+12  3.4830E+12  9.0685E+11  1.2193E+11
  6.6785E+13  5.5933E+13  3.9815E+13  2.3319E+13  1.0859E+13  3.9625E+12  1.0186E+12  1.3663E+11
  7.5062E+13  6.2941E+13  4.4877E+13  2.6303E+13  1.2240E+13  4.4809E+12  1.1378E+12  1.5074E+11
  8.4018E+13  7.0516E+13  5.0348E+13  2.9527E+13  1.3743E+13  5.0312E+12  1.2607E+12  1.6607E+11
  9.3650E+13  7.8657E+13  5.6223E+13  3.2988E+13  1.5377E+13  5.6085E+12  1.3901E+12  1.8207E+11
  1.0394E+14  8.7355E+13  6.2496E+13  3.6680E+13  1.7142E+13  6.2125E+12  1.5273E+12  1.9729E+11
  1.1487E+14  9.6586E+13  6.9149E+13  4.0594E+13  1.9023E+13  6.8437E+12  1.6688E+12  2.1472E+11
  1.2639E+14  1.0632E+14  7.6159E+13  4.4717E+13  2.0998E+13  7.5031E+12  1.8179E+12  2.3185E+11
  1.3844E+14  1.1651E+14  8.3493E+13  4.9040E+13  2.3046E+13  8.1933E+12  1.9771E+12  2.4914E+11
  1.5096E+14  1.2710E+14  9.1108E+13  5.3548E+13  2.5161E+13  8.9164E+12  2.1399E+12  2.6896E+11
  1.6385E+14  1.3801E+14  9.8954E+13  5.8215E+13  2.7338E+13  9.6670E+12  2.3103E+12  2.8693E+11
  1.7701E+14  1.4915E+14  1.0697E+14  6.3001E+13  2.9573E+13  1.0438E+13  2.4888E+12  3.0667E+11
  1.9031E+14  1.6040E+14  1.1508E+14  6.7858E+13  3.1851E+13  1.1227E+13  2.6641E+12  3.2737E+11
  2.0361E+14  1.7166E+14  1.2322E+14  7.2744E+13  3.4150E+13  1.2021E+13  2.8429E+12  3.4554E+11
  2.1673E+14  1.8279E+14  1.3130E+14  7.7614E+13  3.6442E+13  1.2803E+13  3.0217E+12  3.6653E+11
  2.2949E+14  1.9363E+14  1.3921E+14  8.2411E+13  3.8697E+13  1.3570E+13  3.1871E+12  3.8502E+11
  2.4170E+14  2.0403E+14  1.4684E+14  8.7066E+13  4.0881E+13  1.4311E+13  3.3515E+12  4.0188E+11
  2.5314E+14  2.1381E+14  1.5408E+14  9.1501E+13  4.2962E+13  1.5005E+13  3.5074E+12  4.2115E+11
  2.6357E+14  2.2279E+14  1.6079E+14  9.5637E+13  4.4910E+13  1.5655E+13  3.6452E+12  4.3619E+11
  2.7277E+14  2.3076E+14  1.6682E+14  9.9397E+13  4.6694E+13  1.6263E+13  3.7825E+12  4.5178E+11
  2.8050E+14  2.3754E+14  1.7206E+14  1.0273E+14  4.8308E+13  1.6820E+13  3.9123E+12  4.6823E+11
  2.8657E+14  2.4301E+14  1.7645E+14  1.0566E+14  4.9800E+13  1.7365E+13  4.0428E+12  4.8435E+11
  2.9083E+14  2.4717E+14  1.8016E+14  1.0837E+14  5.1269E+13  1.7931E+13  4.1898E+12  5.0549E+11
  2.9337E+14  2.5082E+14  1.8458E+14  1.1223E+14  5.3614E+13  1.8902E+13  4.4495E+12  5.4111E+11
  2.9467E+14  2.5605E+14  1.9277E+14  1.2007E+14  5.8740E+13  2.1207E+13  5.1148E+12  6.3768E+11
  2.8833E+14  2.3617E+14  1.6217E+14  9.0415E+13  3.9208E+13  1.2455E+13  2.6236E+12  2.8353E+11
  2.8556E+14  2.3787E+14  1.6774E+14  9.6673E+13  4.3602E+13  1.4509E+13  3.2308E+12  3.7322E+11
  2.8007E+14  2.3459E+14  1.6700E+14  9.7418E+13  4.4535E+13  1.5039E+13  3.4051E+12  4.0082E+11
  2.7261E+14  2.2863E+14  1.6320E+14  9.5587E+13  4.3944E+13  1.4958E+13  3.4239E+12  4.0937E+11
  2.6359E+14  2.2112E+14  1.5796E+14  9.2708E+13  4.2795E+13  1.4664E+13  3.3847E+12  4.0805E+11
  2.5328E+14  2.1241E+14  1.5174E+14  8.9153E+13  4.1272E+13  1.4220E+13  3.3106E+12  4.0334E+11
  2.4192E+14  2.0278E+14  1.4479E+14  8.5130E+13  3.9511E+13  1.3689E+13  3.2129E+12  3.9414E+11
  2.2973E+14  1.9245E+14  1.3730E+14  8.0774E+13  3.7589E+13  1.3085E+13  3.0874E+12  3.8059E+11
  2.1695E+14  1.8164E+14  1.2943E+14  7.6184E+13  3.5553E+13  1.2433E+13  2.9554E+12  3.6811E+11
  2.0378E+14  1.7051E+14  1.2132E+14  7.1433E+13  3.3438E+13  1.1756E+13  2.8119E+12  3.5056E+11
  1.9040E+14  1.5923E+14  1.1312E+14  6.6586E+13  3.1271E+13  1.1050E+13  2.6518E+12  3.3188E+11
  1.7700E+14  1.4794E+14  1.0496E+14  6.1699E+13  2.9071E+13  1.0322E+13  2.4919E+12  3.1404E+11
  1.6371E+14  1.3676E+14  9.6931E+13  5.6832E+13  2.6856E+13  9.5847E+12  2.3239E+12  2.9196E+11
  1.5067E+14  1.2580E+14  8.9091E+13  5.2056E+13  2.4649E+13  8.8390E+12  2.1482E+12  2.7168E+11
  1.3800E+14  1.1515E+14  8.1494E+13  4.7449E+13  2.2476E+13  8.0913E+12  1.9769E+12  2.5059E+11
  1.2578E+14  1.0489E+14  7.4188E+13  4.3068E+13  2.0361E+13  7.3580E+12  1.8039E+12  2.2823E+11
  1.1410E+14  9.5089E+13  6.7213E+13  3.8938E+13  1.8328E+13  6.6479E+12  1.6333E+12  2.0882E+11
  1.0301E+14  8.5796E+13  6.0602E+13  3.5060E+13  1.6400E+13  5.9682E+12  1.4731E+12  1.8832E+11
  9.2558E+13  7.7050E+13  5.4380E+13  3.1428E+13  1.4600E+13  5.3273E+12  1.3189E+12  1.6924E+11
  8.2786E+13  6.8877E+13  4.8564E+13  2.8040E+13  1.2944E+13  4.7301E+12  1.1743E+12  1.5226E+11
  7.3714E+13  6.1291E+13  4.3163E+13  2.4896E+13  1.1437E+13  4.1772E+12  1.0428E+12  1.3476E+11
  6.5348E+13  5.4293E+13  3.8179E+13  2.1996E+13  1.0073E+13  3.6686E+12  9.2059E+11  1.1976E+11
  5.7681E+13  4.7876E+13  3.3610E+13  1.9339E+13  8.8433E+12  3.2056E+12  8.0839E+11  1.0578E+11
  5.0696E+13  4.2026E+13  2.9444E+13  1.6918E+13  7.7339E+12  2.7866E+12  7.0859E+11  9.2196E+10
  4.4364E+13  3.6719E+13  2.5669E+13  1.4728E+13  6.7334E+12  2.4091E+12  6.1752E+11  8.0996E+10
  3.8650E+13  3.1931E+13  2.2266E+13  1.2757E+13  5.8340E+12  2.0729E+12  5.3523E+11  7.0196E+10
  3.3518E+13  2.7633E+13  1.9216E+13  1.0994E+13  5.0299E+12  1.7767E+12  4.6342E+11  6.0441E+10
  2.8926E+13  2.3793E+13  1.6498E+13  9.4267E+12  4.3154E+12  1.5179E+12  3.9863E+11  5.2546E+10
  2.4837E+13  2.0380E+13  1.4090E+13  8.0413E+12  3.6841E+12  1.2938E+12  3.4051E+11  4.4805E+10
  2.1212E+13  1.7362E+13  1.1968E+13  6.8240E+12  3.1294E+12  1.0994E+12  2.9007E+11  3.8381E+10
  1.8016E+13  1.4708E+13  1.0110E+13  5.7607E+12  2.6445E+12  9.3051E+11  2.4502E+11  3.3063E+10
  1.5212E+13  1.2386E+13  8.4932E+12  4.8377E+12  2.2231E+12  7.8373E+11  2.0538E+11  2.7824E+10
  1.2764E+13  1.0367E+13  7.0942E+12  4.0412E+12  1.8591E+12  6.5652E+11  1.7161E+11  2.3707E+10
  1.0640E+13  8.6224E+12  5.8915E+12  3.3578E+12  1.5463E+12  5.4721E+11  1.4289E+11  2.0067E+10
  8.8075E+12  7.1248E+12  4.8640E+12  2.7749E+12  1.2793E+12  4.5390E+11  1.1839E+11  1.6566E+10
  7.2386E+12  5.8484E+12  3.9918E+12  2.2807E+12  1.0526E+12  3.7472E+11  9.8008E+10  1.3876E+10
  5.9055E+12  4.7683E+12  3.2563E+12  1.8640E+12  8.6122E+11  3.0793E+11  8.1119E+10  1.1500E+10
  4.7822E+12  3.8611E+12  2.6401E+12  1.5148E+12  7.0069E+11  2.5175E+11  6.6716E+10  9.2568E+09
  3.8438E+12  3.1049E+12  2.1274E+12  1.2238E+12  5.6683E+11  2.0482E+11  5.4744E+10  7.6693E+09
  3.0665E+12  2.4792E+12  1.7036E+12  9.8273E+11  4.5590E+11  1.6584E+11  4.4717E+10  6.2576E+09
  2.4278E+12  1.9657E+12  1.3558E+12  7.8432E+11  3.6458E+11  1.3364E+11  3.6240E+10  4.9259E+09
  1.9072E+12  1.5476E+12  1.0725E+12  6.2203E+11  2.8988E+11  1.0721E+11  2.9282E+10  4.0902E+09
  1.4868E+12  1.2102E+12  8.4314E+11  4.9015E+11  2.2919E+11  8.5615E+10  2.3514E+10  3.2857E+09
  1.1508E+12  9.4048E+11  6.5887E+11  3.8371E+11  1.8021E+11  6.8071E+10  1.8837E+10  2.5735E+09
  8.8510E+11  7.2675E+11  5.1178E+11  2.9842E+11  1.4094E+11  5.3892E+10  1.5033E+10  2.1292E+09
  6.7748E+11  5.5885E+11  3.9512E+11  2.3057E+11  1.0967E+11  4.2492E+10  1.1942E+10  1.7047E+09
  5.1689E+11  4.2791E+11  3.0319E+11  1.7699E+11  8.4942E+10  3.3375E+10  9.4735E+09  1.3258E+09
  3.9364E+11  3.2639E+11  2.3121E+11  1.3501E+11  6.5502E+10  2.6119E+10  7.4471E+09  1.0716E+09
  2.9945E+11  2.4797E+11  1.7519E+11  1.0237E+11  5.0315E+10  2.0371E+10  5.8580E+09  8.5629E+08
  2.2750E+11  1.8755E+11  1.3188E+11  7.7187E+10  3.8521E+10  1.5837E+10  4.5681E+09  6.4462E+08
  1.7239E+11  1.4108E+11  9.8599E+10  5.7912E+10  2.9410E+10  1.2277E+10  3.5594E+09  5.1230E+08
  1.3002E+11  1.0541E+11  7.3222E+10  4.3270E+10  2.2408E+10  9.4899E+09  2.7627E+09  3.9757E+08
  9.7399E+10  7.8161E+10  5.4026E+10  3.2231E+10  1.7050E+10  7.3172E+09  2.1329E+09  2.9517E+08
  7.2347E+10  5.7476E+10  3.9638E+10  2.3965E+10  1.2967E+10  5.6272E+09  1.6458E+09  2.3451E+08
  5.3245E+10  4.1929E+10  2.8962E+10  1.7818E+10  9.8627E+09  4.3184E+09  1.2609E+09  1.7417E+08
  3.8844E+10  3.0386E+10  2.1123E+10  1.3271E+10  7.5053E+09  3.3037E+09  9.6490E+08  1.3749E+08
  2.8141E+10  2.1933E+10  1.5427E+10  9.9242E+09  5.7219E+09  2.5245E+09  7.3601E+08  1.0180E+08
  2.0316E+10  1.5832E+10  1.1321E+10  7.4587E+09  4.3590E+09  1.9185E+09  5.5750E+08  7.9659E+07
  1.4689E+10  1.1490E+10  8.3816E+09  5.6523E+09  3.3396E+09  1.4625E+09  4.2481E+08  6.0586E+07
  1.0705E+10  8.4317E+09  6.2737E+09  4.2930E+09  2.5302E+09  1.0991E+09  3.1575E+08  4.3096E+07
  7.9137E+09  6.2902E+09  4.7781E+09  3.3295E+09  1.9656E+09  8.4814E+08  2.4569E+08  3.6660E+07
  5.9599E+09  4.7754E+09  3.6379E+09  2.5027E+09  1.4465E+09  6.1226E+08  1.7374E+08  2.1197E+07
  4.5741E+09  3.7326E+09  2.9558E+09  2.0991E+09  1.2100E+09  5.0763E+08  1.4151E+08  2.1208E+07
  3.5676E+09  2.8500E+09  2.1693E+09  1.4504E+09  7.9054E+08  3.3771E+08  1.0073E+08  1.1777E+07
