# CREATED BY GENE DIAGNOSTICS TOOL on Sat May 17 18:09:15 2025 /home/unix/ottink/gene/diagnostics
# diag: vsp1, run(s): vim010vep005, time window: 227.5-227.5818(1 steps), species: i
# original data path: /Differ/Data/IMT/lottink/Tokamak_ITG/vres_scan/v1/
# normalization: L_ref=1.65m
#
# vpar
 -3.0000E+00
 -2.9528E+00
 -2.9055E+00
 -2.8583E+00
 -2.8110E+00
 -2.7638E+00
 -2.7165E+00
 -2.6693E+00
 -2.6220E+00
 -2.5748E+00
 -2.5276E+00
 -2.4803E+00
 -2.4331E+00
 -2.3858E+00
 -2.3386E+00
 -2.2913E+00
 -2.2441E+00
 -2.1969E+00
 -2.1496E+00
 -2.1024E+00
 -2.0551E+00
 -2.0079E+00
 -1.9606E+00
 -1.9134E+00
 -1.8661E+00
 -1.8189E+00
 -1.7717E+00
 -1.7244E+00
 -1.6772E+00
 -1.6299E+00
 -1.5827E+00
 -1.5354E+00
 -1.4882E+00
 -1.4409E+00
 -1.3937E+00
 -1.3465E+00
 -1.2992E+00
 -1.2520E+00
 -1.2047E+00
 -1.1575E+00
 -1.1102E+00
 -1.0630E+00
 -1.0157E+00
 -9.6850E-01
 -9.2126E-01
 -8.7402E-01
 -8.2677E-01
 -7.7953E-01
 -7.3228E-01
 -6.8504E-01
 -6.3780E-01
 -5.9055E-01
 -5.4331E-01
 -4.9606E-01
 -4.4882E-01
 -4.0157E-01
 -3.5433E-01
 -3.0709E-01
 -2.5984E-01
 -2.1260E-01
 -1.6535E-01
 -1.1811E-01
 -7.0866E-02
 -2.3622E-02
  2.3622E-02
  7.0866E-02
  1.1811E-01
  1.6535E-01
  2.1260E-01
  2.5984E-01
  3.0709E-01
  3.5433E-01
  4.0157E-01
  4.4882E-01
  4.9606E-01
  5.4331E-01
  5.9055E-01
  6.3780E-01
  6.8504E-01
  7.3228E-01
  7.7953E-01
  8.2677E-01
  8.7402E-01
  9.2126E-01
  9.6850E-01
  1.0157E+00
  1.0630E+00
  1.1102E+00
  1.1575E+00
  1.2047E+00
  1.2520E+00
  1.2992E+00
  1.3465E+00
  1.3937E+00
  1.4409E+00
  1.4882E+00
  1.5354E+00
  1.5827E+00
  1.6299E+00
  1.6772E+00
  1.7244E+00
  1.7717E+00
  1.8189E+00
  1.8661E+00
  1.9134E+00
  1.9606E+00
  2.0079E+00
  2.0551E+00
  2.1024E+00
  2.1496E+00
  2.1969E+00
  2.2441E+00
  2.2913E+00
  2.3386E+00
  2.3858E+00
  2.4331E+00
  2.4803E+00
  2.5276E+00
  2.5748E+00
  2.6220E+00
  2.6693E+00
  2.7165E+00
  2.7638E+00
  2.8110E+00
  2.8583E+00
  2.9055E+00
  2.9528E+00
  3.0000E+00


# mu
  1.3581E-02
  7.1692E-02
  1.7680E-01
  3.2992E-01
  5.3256E-01
  7.8681E-01
  1.0955E+00
  1.4624E+00
  1.8925E+00
  2.3926E+00
  2.9718E+00
  3.6436E+00
  4.4281E+00
  5.3585E+00
  6.4984E+00
  8.0108E+00


# trapped boundary
#  mu         vpar      
  1.3581E-02 -6.4579E-02
  1.3581E-02  7.6321E-02
  7.1692E-02 -1.5851E-01
  7.1692E-02  1.7025E-01
  1.7680E-01 -2.5245E-01
  1.7680E-01  2.6419E-01
  3.2992E-01 -3.4638E-01
  3.2992E-01  3.5812E-01
  5.3256E-01 -4.4031E-01
  5.3256E-01  4.5205E-01
  7.8681E-01 -5.3425E-01
  7.8681E-01  5.4599E-01
  1.0955E+00 -6.2818E-01
  1.0955E+00  6.3992E-01
  1.4624E+00 -7.3386E-01
  1.4624E+00  7.4560E-01
  1.8925E+00 -8.2779E-01
  1.8925E+00  8.3953E-01
  2.3926E+00 -9.3346E-01
  2.3926E+00  9.4521E-01
  2.9718E+00 -1.0509E+00
  2.9718E+00  1.0626E+00
  3.6436E+00 -1.1566E+00
  3.6436E+00  1.1683E+00
  4.4281E+00 -1.2740E+00
  4.4281E+00  1.2857E+00
  5.3585E+00 -1.4031E+00
  5.3585E+00  1.4149E+00
  6.4984E+00 -1.5440E+00
  6.4984E+00  1.5558E+00
  8.0108E+00 -1.7202E+00
  8.0108E+00  1.7319E+00


# , time = 227.5818, var = <|f|^2>^(1/2) , z = 0
  6.8818E+00  6.5252E+00  5.9492E+00  5.2093E+00  4.3750E+00  3.5166E+00  2.6967E+00  1.9657E+00  1.3579E+00  8.8635E-01  5.4603E-01  3.1665E-01  1.7021E-01  8.2167E-02  3.1436E-02  6.4103E-03
  9.3897E+00  8.8928E+00  8.0880E+00  7.0586E+00  5.9124E+00  4.7550E+00  3.6703E+00  2.7116E+00  1.9064E+00  1.2622E+00  7.7861E-01  4.4451E-01  2.3129E-01  1.0700E-01  4.2406E-02  1.8122E-02
  1.2604E+01  1.1948E+01  1.0873E+01  9.4792E+00  7.8969E+00  6.2696E+00  4.7318E+00  3.3887E+00  2.3014E+00  1.4798E+00  8.9663E-01  5.0674E-01  2.6482E-01  1.2572E-01  5.2523E-02  1.5555E-02
  1.6869E+01  1.5997E+01  1.4569E+01  1.2721E+01  1.0631E+01  8.4890E+00  6.4668E+00  4.6927E+00  3.2403E+00  2.1238E+00  1.3128E+00  7.5259E-01  3.9251E-01  1.8202E-01  6.9885E-02  2.7074E-02
  2.2481E+01  2.1323E+01  1.9425E+01  1.6967E+01  1.4183E+01  1.1319E+01  8.5978E+00  6.1963E+00  4.2249E+00  2.7171E+00  1.6451E+00  9.3109E-01  4.8213E-01  2.2586E-01  9.1526E-02  2.6797E-02
  2.9835E+01  2.8299E+01  2.5777E+01  2.2518E+01  1.8834E+01  1.5048E+01  1.1454E+01  8.2800E+00  5.6678E+00  3.6611E+00  2.2254E+00  1.2641E+00  6.5720E-01  3.0397E-01  1.1269E-01  3.5820E-02
  3.9413E+01  3.7381E+01  3.4043E+01  2.9734E+01  2.4871E+01  1.9880E+01  1.5138E+01  1.0943E+01  7.4787E+00  4.8096E+00  2.8982E+00  1.6263E+00  8.3979E-01  3.8661E-01  1.5802E-01  4.0314E-02
  5.1786E+01  4.9117E+01  4.4726E+01  3.9058E+01  3.2669E+01  2.6121E+01  1.9906E+01  1.4404E+01  9.8553E+00  6.3419E+00  3.8211E+00  2.1380E+00  1.1012E+00  5.0978E-01  1.9897E-01  5.4880E-02
  6.7604E+01  6.4135E+01  5.8412E+01  5.1015E+01  4.2674E+01  3.4127E+01  2.6020E+01  1.8843E+01  1.2901E+01  8.2996E+00  4.9882E+00  2.7703E+00  1.4157E+00  6.4916E-01  2.5966E-01  7.1814E-02
  8.7570E+01  8.3123E+01  7.5758E+01  6.6208E+01  5.5410E+01  4.4331E+01  3.3818E+01  2.4510E+01  1.6797E+01  1.0813E+01  6.4961E+00  3.5915E+00  1.8274E+00  8.4736E-01  3.3230E-01  9.2788E-02
  1.1240E+02  1.0679E+02  9.7464E+01  8.5299E+01  7.1475E+01  5.7236E+01  4.3694E+01  3.1694E+01  2.1744E+01  1.4013E+01  8.4176E+00  4.6257E+00  2.3412E+00  1.0715E+00  4.0616E-01  1.1420E-01
  1.4275E+02  1.3583E+02  1.2423E+02  1.0898E+02  9.1520E+01  7.3412E+01  5.6112E+01  4.0741E+01  2.7982E+01  1.8056E+01  1.0853E+01  5.9325E+00  2.9887E+00  1.3567E+00  5.3270E-01  1.6465E-01
  1.7920E+02  1.7082E+02  1.5669E+02  1.3793E+02  1.1622E+02  9.3481E+01  7.1592E+01  5.2054E+01  3.5798E+01  2.3136E+01  1.3922E+01  7.5688E+00  3.7976E+00  1.7280E+00  6.5741E-01  1.8879E-01
  2.2214E+02  2.1223E+02  1.9538E+02  1.7276E+02  1.4623E+02  1.1809E+02  9.0709E+01  6.6087E+01  4.5519E+01  2.9469E+01  1.7756E+01  9.6047E+00  4.7947E+00  2.1570E+00  8.5465E-01  2.5553E-01
  2.7181E+02  2.6034E+02  2.4067E+02  2.1395E+02  1.8214E+02  1.4787E+02  1.1406E+02  8.3343E+01  5.7520E+01  3.7314E+01  2.2513E+01  1.2121E+01  6.0307E+00  2.7651E+00  1.0640E+00  3.1351E-01
  3.2839E+02  3.1534E+02  2.9283E+02  2.6187E+02  2.2445E+02  1.8342E+02  1.4226E+02  1.0436E+02  7.2217E+01  4.6958E+01  2.8365E+01  1.5208E+01  7.5632E+00  3.4306E+00  1.3396E+00  3.8091E-01
  3.9225E+02  3.7754E+02  3.5209E+02  3.1680E+02  2.7352E+02  2.2523E+02  1.7589E+02  1.2969E+02  9.0059E+01  5.8727E+01  3.5506E+01  1.8968E+01  9.4150E+00  4.2867E+00  1.6361E+00  4.6031E-01
  4.6440E+02  4.4773E+02  4.1898E+02  3.7906E+02  3.2969E+02  2.7374E+02  2.1546E+02  1.5989E+02  1.1152E+02  7.2974E+01  4.4139E+01  2.3520E+01  1.1686E+01  5.2644E+00  2.0097E+00  5.8759E-01
  5.4676E+02  5.2748E+02  4.9457E+02  4.4928E+02  3.9333E+02  3.2931E+02  2.6145E+02  1.9548E+02  1.3710E+02  9.0082E+01  5.4484E+01  2.8990E+01  1.4394E+01  6.4391E+00  2.4712E+00  6.8178E-01
  6.4191E+02  6.1915E+02  5.8070E+02  5.2861E+02  4.6504E+02  3.9230E+02  3.1425E+02  2.3694E+02  1.6727E+02  1.1045E+02  6.6768E+01  3.5521E+01  1.7645E+01  7.9427E+00  3.0241E+00  8.2075E-01
  7.5179E+02  7.2489E+02  6.7952E+02  6.1873E+02  5.4580E+02  4.6324E+02  3.7425E+02  2.8470E+02  2.0249E+02  1.3447E+02  8.1224E+01  4.3275E+01  2.1661E+01  9.7530E+00  3.6822E+00  1.0273E+00
  8.7575E+02  8.4500E+02  7.9240E+02  7.2141E+02  6.3698E+02  5.4286E+02  4.4188E+02  3.3916E+02  2.4319E+02  1.6252E+02  9.8086E+01  5.2454E+01  2.6344E+01  1.1961E+01  4.5749E+00  1.2463E+00
  1.0096E+03  9.7649E+02  9.1834E+02  8.3744E+02  7.3993E+02  6.3211E+02  5.1765E+02  4.0072E+02  2.8977E+02  1.9495E+02  1.1760E+02  6.3213E+01  3.1992E+01  1.4562E+01  5.4721E+00  1.5945E+00
  1.1462E+03  1.1132E+03  1.0532E+03  9.6541E+02  8.5523E+02  7.3195E+02  6.0215E+02  4.6979E+02  3.4264E+02  2.3205E+02  1.4002E+02  7.5830E+01  3.8408E+01  1.7423E+01  6.6033E+00  1.9658E+00
  1.2781E+03  1.2476E+03  1.1901E+03  1.1010E+03  9.8175E+02  8.4288E+02  6.9593E+02  5.4671E+02  4.0215E+02  2.7407E+02  1.6561E+02  9.0431E+01  4.5931E+01  2.0731E+01  7.9219E+00  2.3311E+00
  1.3980E+03  1.3722E+03  1.3217E+03  1.2378E+03  1.1160E+03  9.6427E+02  7.9930E+02  6.3175E+02  4.6863E+02  3.2119E+02  1.9467E+02  1.0742E+02  5.4914E+01  2.4594E+01  9.3601E+00  2.7676E+00
  1.4993E+03  1.4803E+03  1.4406E+03  1.3682E+03  1.2523E+03  1.0939E+03  9.1202E+02  7.2501E+02  5.4225E+02  3.7355E+02  2.2755E+02  1.2723E+02  6.5639E+01  2.9244E+01  1.1078E+01  3.1685E+00
  1.5748E+03  1.5649E+03  1.5401E+03  1.4852E+03  1.3838E+03  1.2278E+03  1.0330E+03  8.2631E+02  6.2305E+02  4.3123E+02  2.6467E+02  1.4988E+02  7.8183E+01  3.4937E+01  1.3080E+01  3.5855E+00
  1.6161E+03  1.6183E+03  1.6134E+03  1.5822E+03  1.5035E+03  1.3604E+03  1.1599E+03  9.3509E+02  7.1081E+02  4.9431E+02  3.0640E+02  1.7570E+02  9.2331E+01  4.1684E+01  1.5332E+01  4.0515E+00
  1.6150E+03  1.6320E+03  1.6526E+03  1.6526E+03  1.6049E+03  1.4854E+03  1.2893E+03  1.0503E+03  8.0505E+02  5.6287E+02  3.5330E+02  2.0474E+02  1.0760E+02  4.9539E+01  1.7918E+01  4.4928E+00
  1.5675E+03  1.6000E+03  1.6503E+03  1.6893E+03  1.6820E+03  1.5968E+03  1.4170E+03  1.1701E+03  9.0495E+02  6.3711E+02  4.0580E+02  2.3806E+02  1.2486E+02  5.7861E+01  2.1049E+01  4.9642E+00
  1.4824E+03  1.5242E+03  1.6020E+03  1.6856E+03  1.7287E+03  1.6887E+03  1.5379E+03  1.2923E+03  1.0095E+03  7.1733E+02  4.6466E+02  2.7700E+02  1.4492E+02  6.6820E+01  2.4409E+01  5.5084E+00
  1.3991E+03  1.4277E+03  1.5132E+03  1.6372E+03  1.7391E+03  1.7559E+03  1.6469E+03  1.4140E+03  1.1174E+03  8.0393E+02  5.3034E+02  3.2136E+02  1.6915E+02  7.6331E+01  2.8274E+01  6.0433E+00
  1.4109E+03  1.3764E+03  1.4126E+03  1.5477E+03  1.7083E+03  1.7933E+03  1.7392E+03  1.5318E+03  1.2276E+03  8.9746E+02  6.0264E+02  3.6933E+02  1.9864E+02  8.6034E+01  3.2714E+01  6.6794E+00
  1.6479E+03  1.4899E+03  1.3729E+03  1.4384E+03  1.6354E+03  1.7964E+03  1.8106E+03  1.6423E+03  1.3393E+03  9.9831E+02  6.8212E+02  4.2034E+02  2.3155E+02  9.7319E+01  3.7500E+01  7.4598E+00
  2.1790E+03  1.8738E+03  1.5120E+03  1.3648E+03  1.5281E+03  1.7618E+03  1.8570E+03  1.7421E+03  1.4520E+03  1.1071E+03  7.7103E+02  4.7617E+02  2.6631E+02  1.1029E+02  4.3479E+01  8.4428E+00
  2.9876E+03  2.5412E+03  1.9168E+03  1.4270E+03  1.4125E+03  1.6886E+03  1.8751E+03  1.8281E+03  1.5658E+03  1.2241E+03  8.7131E+02  5.4306E+02  3.0073E+02  1.2543E+02  5.0628E+01  1.0026E+01
  4.0397E+03  3.4573E+03  2.5849E+03  1.7197E+03  1.3460E+03  1.5815E+03  1.8621E+03  1.8981E+03  1.6807E+03  1.3492E+03  9.8049E+02  6.2645E+02  3.3282E+02  1.4349E+02  5.9138E+01  1.2194E+01
  5.3130E+03  4.5925E+03  3.4789E+03  2.2597E+03  1.4183E+03  1.4554E+03  1.8166E+03  1.9506E+03  1.7963E+03  1.4822E+03  1.0925E+03  7.2399E+02  3.6328E+02  1.6318E+02  6.9352E+01  1.5064E+01
  6.7938E+03  5.9284E+03  4.5689E+03  3.0116E+03  1.7000E+03  1.3433E+03  1.7386E+03  1.9847E+03  1.9114E+03  1.6241E+03  1.2068E+03  8.2843E+02  3.9335E+02  1.8387E+02  8.0303E+01  1.8625E+01
  8.4704E+03  7.4507E+03  5.8346E+03  3.9395E+03  2.1919E+03  1.3035E+03  1.6308E+03  1.9996E+03  2.0243E+03  1.7761E+03  1.3407E+03  9.2976E+02  4.2569E+02  2.0453E+02  9.1678E+01  2.2545E+01
  1.0327E+04  9.1432E+03  7.2578E+03  5.0176E+03  2.8563E+03  1.4050E+03  1.4992E+03  1.9936E+03  2.1327E+03  1.9342E+03  1.5186E+03  1.0222E+03  4.6257E+02  2.2404E+02  1.0265E+02  2.6789E+01
  1.2342E+04  1.0984E+04  8.8188E+03  6.2252E+03  3.6584E+03  1.6816E+03  1.3555E+03  1.9646E+03  2.2346E+03  2.0889E+03  1.7477E+03  1.1087E+03  5.0532E+02  2.4285E+02  1.1223E+02  3.1070E+01
  1.4483E+04  1.2946E+04  1.0494E+04  7.5422E+03  4.5725E+03  2.1159E+03  1.2229E+03  1.9104E+03  2.3287E+03  2.2390E+03  2.0123E+03  1.1966E+03  5.5630E+02  2.6193E+02  1.2039E+02  3.5093E+01
  1.6704E+04  1.4989E+04  1.2253E+04  8.9464E+03  5.5784E+03  2.6743E+03  1.1451E+03  1.8294E+03  2.4132E+03  2.4085E+03  2.2861E+03  1.2994E+03  6.1557E+02  2.8325E+02  1.2689E+02  3.8862E+01
  1.8949E+04  1.7069E+04  1.4061E+04  1.0412E+04  6.6571E+03  3.3293E+03  1.1800E+03  1.7210E+03  2.4833E+03  2.6297E+03  2.5484E+03  1.4316E+03  6.8604E+02  3.0875E+02  1.3234E+02  4.2031E+01
  2.1163E+04  1.9138E+04  1.5882E+04  1.1912E+04  7.7879E+03  4.0589E+03  1.3608E+03  1.5851E+03  2.5314E+03  2.8985E+03  2.7964E+03  1.5994E+03  7.7129E+02  3.4071E+02  1.3806E+02  4.4662E+01
  2.3300E+04  2.1150E+04  1.7676E+04  1.3413E+04  8.9435E+03  4.8369E+03  1.6676E+03  1.4254E+03  2.5542E+03  3.1670E+03  3.0344E+03  1.8076E+03  8.7276E+02  3.7995E+02  1.4546E+02  4.6867E+01
  2.5318E+04  2.3056E+04  1.9394E+04  1.4867E+04  1.0082E+04  5.6278E+03  2.0544E+03  1.2611E+03  2.5609E+03  3.3832E+03  3.2631E+03  2.0520E+03  9.9557E+02  4.2648E+02  1.5582E+02  4.8562E+01
  2.7135E+04  2.4772E+04  2.0956E+04  1.6203E+04  1.1143E+04  6.3874E+03  2.4839E+03  1.1245E+03  2.5616E+03  3.5224E+03  3.4798E+03  2.3193E+03  1.1409E+03  4.8160E+02  1.7033E+02  5.0281E+01
  2.8607E+04  2.6165E+04  2.2236E+04  1.7314E+04  1.2049E+04  7.0711E+03  2.9384E+03  1.0250E+03  2.5480E+03  3.5916E+03  3.6724E+03  2.5975E+03  1.3061E+03  5.4383E+02  1.8888E+02  5.2117E+01
  2.9555E+04  2.7066E+04  2.3087E+04  1.8098E+04  1.2743E+04  7.6452E+03  3.3998E+03  9.3406E+02  2.5018E+03  3.6127E+03  3.8253E+03  2.8708E+03  1.4914E+03  6.1375E+02  2.1053E+02  5.4321E+01
  2.9873E+04  2.7379E+04  2.3440E+04  1.8520E+04  1.3208E+04  8.1036E+03  3.8174E+03  8.4461E+02  2.4204E+03  3.6017E+03  3.9333E+03  3.1207E+03  1.6885E+03  6.9204E+02  2.3538E+02  5.7445E+01
  2.9658E+04  2.7197E+04  2.3386E+04  1.8649E+04  1.3474E+04  8.4752E+03  4.1272E+03  7.9135E+02  2.3178E+03  3.5666E+03  3.9974E+03  3.3392E+03  1.8898E+03  7.7550E+02  2.6135E+02  6.1247E+01
  2.9186E+04  2.6777E+04  2.3136E+04  1.8612E+04  1.3584E+04  8.7903E+03  4.3234E+03  7.8874E+02  2.2081E+03  3.5163E+03  4.0194E+03  3.5174E+03  2.0904E+03  8.6497E+02  2.8818E+02  6.5975E+01
  2.8767E+04  2.6409E+04  2.2908E+04  1.8533E+04  1.3586E+04  9.0293E+03  4.4630E+03  8.1686E+02  2.0998E+03  3.4596E+03  4.0116E+03  3.6496E+03  2.2793E+03  9.5792E+02  3.1578E+02  7.1683E+01
  2.8609E+04  2.6291E+04  2.2836E+04  1.8488E+04  1.3531E+04  9.1510E+03  4.5789E+03  8.5762E+02  2.0002E+03  3.4020E+03  3.9880E+03  3.7419E+03  2.4503E+03  1.0490E+03  3.4159E+02  7.7520E+01
  2.8653E+04  2.6373E+04  2.2872E+04  1.8470E+04  1.3476E+04  9.1715E+03  4.6579E+03  8.9854E+02  1.9155E+03  3.3511E+03  3.9561E+03  3.8013E+03  2.6043E+03  1.1404E+03  3.6752E+02  8.3981E+01
  2.8712E+04  2.6469E+04  2.2919E+04  1.8470E+04  1.3465E+04  9.1441E+03  4.6937E+03  9.3109E+02  1.8490E+03  3.3140E+03  3.9244E+03  3.8302E+03  2.7321E+03  1.2254E+03  3.9155E+02  9.0217E+01
  2.8777E+04  2.6541E+04  2.2966E+04  1.8470E+04  1.3484E+04  9.0830E+03  4.6813E+03  9.4385E+02  1.8052E+03  3.2933E+03  3.9059E+03  3.8462E+03  2.8371E+03  1.3006E+03  4.1222E+02  9.5720E+01
  2.8828E+04  2.6578E+04  2.2976E+04  1.8438E+04  1.3501E+04  8.9818E+03  4.6007E+03  9.1223E+02  1.7929E+03  3.2937E+03  3.9098E+03  3.8694E+03  2.9320E+03  1.3724E+03  4.3300E+02  1.0116E+02
  2.8793E+04  2.6536E+04  2.2917E+04  1.8366E+04  1.3472E+04  8.8198E+03  4.4235E+03  7.9746E+02  1.8163E+03  3.2993E+03  3.9116E+03  3.8804E+03  2.9984E+03  1.4261E+03  4.4782E+02  1.0482E+02
  2.8654E+04  2.6385E+04  2.2750E+04  1.8190E+04  1.3275E+04  8.4716E+03  4.0450E+03  4.8977E+02  1.9908E+03  3.4010E+03  3.9748E+03  3.9251E+03  3.0627E+03  1.4714E+03  4.6021E+02  1.0738E+02
  2.8397E+04  2.6078E+04  2.2361E+04  1.7705E+04  1.2669E+04  7.7585E+03  3.3917E+03  2.2862E+02  2.4112E+03  3.7359E+03  4.2506E+03  4.1345E+03  3.2148E+03  1.5530E+03  4.8766E+02  1.1339E+02
  2.8114E+04  2.6020E+04  2.2662E+04  1.8436E+04  1.3818E+04  9.3230E+03  5.3611E+03  2.0949E+03  5.1936E+02  2.1668E+03  3.1330E+03  3.3928E+03  2.7698E+03  1.3531E+03  4.1646E+02  9.4751E+01
  2.7678E+04  2.5546E+04  2.2127E+04  1.7832E+04  1.3118E+04  8.5493E+03  4.6903E+03  1.5749E+03  8.5253E+02  2.4898E+03  3.4129E+03  3.6072E+03  2.8874E+03  1.4003E+03  4.3288E+02  9.7137E+01
  2.7165E+04  2.5055E+04  2.1669E+04  1.7427E+04  1.2746E+04  8.0702E+03  4.2401E+03  1.2803E+03  1.0870E+03  2.6343E+03  3.5129E+03  3.6693E+03  2.8832E+03  1.3806E+03  4.2535E+02  9.3292E+01
  2.6586E+04  2.4512E+04  2.1188E+04  1.7036E+04  1.2485E+04  7.7297E+03  3.9574E+03  1.1520E+03  1.2123E+03  2.7172E+03  3.5747E+03  3.7006E+03  2.8428E+03  1.3395E+03  4.1121E+02  8.7891E+01
  2.5970E+04  2.3939E+04  2.0685E+04  1.6607E+04  1.2225E+04  7.4156E+03  3.7517E+03  1.0601E+03  1.3272E+03  2.8196E+03  3.6556E+03  3.7349E+03  2.7868E+03  1.2887E+03  3.9453E+02  8.2109E+01
  2.5370E+04  2.3366E+04  2.0186E+04  1.6178E+04  1.1955E+04  7.1379E+03  3.6001E+03  9.6596E+02  1.4382E+03  2.9231E+03  3.7282E+03  3.7405E+03  2.6936E+03  1.2175E+03  3.7030E+02  7.4820E+01
  2.4778E+04  2.2775E+04  1.9712E+04  1.5817E+04  1.1692E+04  6.8996E+03  3.4631E+03  8.4224E+02  1.5576E+03  3.0294E+03  3.7946E+03  3.7207E+03  2.5739E+03  1.1363E+03  3.4336E+02  6.7511E+01
  2.4328E+04  2.2289E+04  1.9292E+04  1.5516E+04  1.1429E+04  6.6831E+03  3.3175E+03  6.7630E+02  1.6916E+03  3.1364E+03  3.8558E+03  3.6753E+03  2.4317E+03  1.0468E+03  3.1330E+02  6.0267E+01
  2.4228E+04  2.2145E+04  1.9081E+04  1.5284E+04  1.1139E+04  6.5101E+03  3.1538E+03  4.7053E+02  1.8392E+03  3.2427E+03  3.9034E+03  3.5904E+03  2.2627E+03  9.4791E+02  2.7977E+02  5.3079E+01
  2.4344E+04  2.2238E+04  1.9059E+04  1.5134E+04  1.0840E+04  6.3623E+03  2.9017E+03  2.4842E+02  1.9996E+03  3.3449E+03  3.9250E+03  3.4617E+03  2.0760E+03  8.4718E+02  2.4639E+02  4.7168E+01
  2.4337E+04  2.2231E+04  1.8965E+04  1.4919E+04  1.0509E+04  6.1441E+03  2.5051E+03  1.9211E+02  2.1673E+03  3.4343E+03  3.9129E+03  3.2908E+03  1.8766E+03  7.4457E+02  2.1218E+02  4.2215E+01
  2.3929E+04  2.1850E+04  1.8561E+04  1.4464E+04  1.0040E+04  5.7722E+03  2.0414E+03  4.1418E+02  2.3262E+03  3.5040E+03  3.8605E+03  3.0772E+03  1.6675E+03  6.4239E+02  1.7941E+02  3.8717E+01
  2.2964E+04  2.0946E+04  1.7717E+04  1.3677E+04  9.3464E+03  5.2258E+03  1.6210E+03  7.1528E+02  2.4501E+03  3.5460E+03  3.7585E+03  2.8266E+03  1.4584E+03  5.4549E+02  1.5006E+02  3.6863E+01
  2.1460E+04  1.9534E+04  1.6435E+04  1.2561E+04  8.4298E+03  4.5365E+03  1.2473E+03  1.0820E+03  2.5150E+03  3.5471E+03  3.6093E+03  2.5541E+03  1.2554E+03  4.5395E+02  1.2472E+02  3.5995E+01
  1.9579E+04  1.7766E+04  1.4841E+04  1.1205E+04  7.3543E+03  3.7644E+03  9.1057E+02  1.4574E+03  2.5322E+03  3.4868E+03  3.4228E+03  2.2702E+03  1.0624E+03  3.7163E+02  1.0634E+02  3.5911E+01
  1.7499E+04  1.5813E+04  1.3089E+04  9.7305E+03  6.2075E+03  2.9784E+03  7.4386E+02  1.7715E+03  2.5544E+03  3.3400E+03  3.2098E+03  1.9909E+03  8.8767E+02  3.0183E+02  9.5491E+01  3.6086E+01
  1.5351E+04  1.3799E+04  1.1296E+04  8.2380E+03  5.0694E+03  2.2472E+03  8.7894E+02  2.0040E+03  2.6085E+03  3.0940E+03  2.9802E+03  1.7340E+03  7.3371E+02  2.4572E+02  9.1390E+01  3.5864E+01
  1.3211E+04  1.1799E+04  9.5353E+03  6.7941E+03  3.9995E+03  1.6433E+03  1.1683E+03  2.1699E+03  2.6495E+03  2.7808E+03  2.7367E+03  1.5100E+03  6.0282E+02  2.0655E+02  9.1748E+01  3.5274E+01
  1.1127E+04  9.8642E+03  7.8537E+03  5.4426E+03  3.0412E+03  1.2556E+03  1.4663E+03  2.2826E+03  2.6261E+03  2.4787E+03  2.4697E+03  1.3274E+03  4.9883E+02  1.8332E+02  9.3466E+01  3.3943E+01
  9.1443E+03  8.0389E+03  6.2895E+03  4.2169E+03  2.2358E+03  1.1592E+03  1.7229E+03  2.3464E+03  2.5389E+03  2.2531E+03  2.1754E+03  1.1879E+03  4.1929E+02  1.7166E+02  9.4088E+01  3.1869E+01
  7.3096E+03  6.3636E+03  4.8765E+03  3.1494E+03  1.6403E+03  1.2949E+03  1.9241E+03  2.3648E+03  2.4177E+03  2.0964E+03  1.8662E+03  1.0802E+03  3.6238E+02  1.6599E+02  9.2602E+01  2.9234E+01
  5.6641E+03  4.8738E+03  3.6462E+03  2.2791E+03  1.3309E+03  1.5176E+03  2.0682E+03  2.3439E+03  2.2825E+03  1.9533E+03  1.5694E+03  9.9020E+02  3.2483E+02  1.6072E+02  8.8603E+01  2.5926E+01
  4.2390E+03  3.5988E+03  2.6319E+03  1.6643E+03  1.3212E+03  1.7353E+03  2.1581E+03  2.2904E+03  2.1385E+03  1.7913E+03  1.3217E+03  9.0284E+02  3.0037E+02  1.5271E+02  8.2047E+01  2.2335E+01
  3.0604E+03  2.5696E+03  1.8816E+03  1.3750E+03  1.4853E+03  1.9109E+03  2.1986E+03  2.2109E+03  1.9878E+03  1.6180E+03  1.1440E+03  8.0599E+02  2.8553E+02  1.4080E+02  7.3923E+01  1.8552E+01
  2.1635E+03  1.8341E+03  1.4636E+03  1.3903E+03  1.6870E+03  2.0322E+03  2.1950E+03  2.1108E+03  1.8339E+03  1.4525E+03  1.0196E+03  6.9925E+02  2.7537E+02  1.2606E+02  6.4715E+01  1.4767E+01
  1.6054E+03  1.4560E+03  1.3905E+03  1.5566E+03  1.8585E+03  2.0977E+03  2.1530E+03  1.9947E+03  1.6805E+03  1.3009E+03  9.1397E+02  5.9009E+02  2.6449E+02  1.0956E+02  5.5221E+01  1.1321E+01
  1.4209E+03  1.4199E+03  1.5231E+03  1.7407E+03  1.9760E+03  2.1113E+03  2.0785E+03  1.8665E+03  1.5305E+03  1.1605E+03  8.0731E+02  4.9100E+02  2.4925E+02  9.3473E+01  4.6482E+01  8.2412E+00
  1.5014E+03  1.5629E+03  1.7012E+03  1.8836E+03  2.0348E+03  2.0794E+03  1.9777E+03  1.7293E+03  1.3857E+03  1.0298E+03  7.0151E+02  4.1317E+02  2.2723E+02  7.9764E+01  3.8465E+01  5.7869E+00
  1.6662E+03  1.7317E+03  1.8455E+03  1.9672E+03  2.0388E+03  2.0096E+03  1.8567E+03  1.5864E+03  1.2474E+03  9.0930E+02  6.0646E+02  3.5604E+02  1.9950E+02  6.8614E+01  3.1796E+01  4.1066E+00
  1.8097E+03  1.8575E+03  1.9302E+03  1.9907E+03  1.9951E+03  1.9097E+03  1.7210E+03  1.4412E+03  1.1162E+03  7.9937E+02  5.2510E+02  3.1098E+02  1.6856E+02  6.0436E+01  2.6376E+01  3.0641E+00
  1.8953E+03  1.9208E+03  1.9527E+03  1.9607E+03  1.9129E+03  1.7872E+03  1.5760E+03  1.2968E+03  9.9221E+02  6.9944E+02  4.5386E+02  2.6949E+02  1.3850E+02  5.4184E+01  2.1687E+01  2.6586E+00
  1.9169E+03  1.9221E+03  1.9197E+03  1.8868E+03  1.8012E+03  1.6489E+03  1.4264E+03  1.1563E+03  8.7587E+02  6.0904E+02  3.8987E+02  2.2871E+02  1.1330E+02  4.8268E+01  1.8014E+01  2.5030E+00
  1.8810E+03  1.8699E+03  1.8415E+03  1.7793E+03  1.6688E+03  1.5008E+03  1.2766E+03  1.0221E+03  7.6745E+02  5.2756E+02  3.3291E+02  1.9154E+02  9.3803E+01  4.2736E+01  1.4831E+01  2.4168E+00
  1.7987E+03  1.7760E+03  1.7295E+03  1.6484E+03  1.5232E+03  1.3482E+03  1.1305E+03  8.9591E+02  6.6729E+02  4.5448E+02  2.8302E+02  1.6032E+02  7.9568E+01  3.6790E+01  1.2101E+01  2.4122E+00
  1.6824E+03  1.6523E+03  1.5948E+03  1.5029E+03  1.3706E+03  1.1961E+03  9.9128E+02  7.7908E+02  5.7570E+02  3.8923E+02  2.3965E+02  1.3476E+02  6.8261E+01  3.0588E+01  1.0045E+01  2.3344E+00
  1.5441E+03  1.5099E+03  1.4467E+03  1.3500E+03  1.2166E+03  1.0487E+03  8.6140E+02  6.7226E+02  4.9283E+02  3.3126E+02  2.0202E+02  1.1314E+02  5.7622E+01  2.4919E+01  8.2983E+00  2.2117E+00
  1.3938E+03  1.3579E+03  1.2928E+03  1.1956E+03  1.0658E+03  9.0986E+02  7.4242E+02  5.7569E+02  4.1869E+02  2.8007E+02  1.6934E+02  9.4227E+01  4.7645E+01  1.9872E+01  6.9390E+00  2.0565E+00
  1.2393E+03  1.2034E+03  1.1388E+03  1.0444E+03  9.2258E+02  7.8216E+02  6.3502E+02  4.8930E+02  3.5305E+02  2.3515E+02  1.4123E+02  7.7651E+01  3.8588E+01  1.5928E+01  5.9014E+00  1.8258E+00
  1.0864E+03  1.0515E+03  9.8942E+02  9.0084E+02  7.9043E+02  6.6710E+02  5.3923E+02  4.1276E+02  2.9552E+02  1.9602E+02  1.1712E+02  6.3782E+01  3.1158E+01  1.3058E+01  4.9980E+00  1.5830E+00
  9.3918E+02  9.0629E+02  8.4866E+02  7.6851E+02  6.7155E+02  5.6501E+02  4.5460E+02  3.4557E+02  2.4559E+02  1.6219E+02  9.6570E+01  5.2242E+01  2.5432E+01  1.0948E+01  4.1688E+00  1.3707E+00
  8.0147E+02  7.7156E+02  7.2000E+02  6.4993E+02  5.6664E+02  4.7536E+02  3.8043E+02  2.8712E+02  2.0261E+02  1.3320E+02  7.9132E+01  4.2579E+01  2.0908E+01  9.2166E+00  3.4918E+00  1.0978E+00
  6.7641E+02  6.5022E+02  6.0569E+02  5.4595E+02  4.7516E+02  3.9717E+02  3.1591E+02  2.3670E+02  1.6592E+02  1.0857E+02  6.4423E+01  3.4527E+01  1.7025E+01  7.5671E+00  2.8544E+00  8.5406E-01
  5.6611E+02  5.4389E+02  5.0631E+02  4.5594E+02  3.9588E+02  3.2934E+02  2.6021E+02  1.9358E+02  1.3486E+02  8.7850E+01  5.2104E+01  2.7779E+01  1.3732E+01  6.0915E+00  2.2037E+00  6.5487E-01
  4.7097E+02  4.5239E+02  4.2090E+02  3.7842E+02  3.2742E+02  2.7085E+02  2.1253E+02  1.5705E+02  1.0880E+02  7.0580E+01  4.1857E+01  2.2253E+01  1.0831E+01  4.7509E+00  1.7689E+00  4.5588E-01
  3.8979E+02  3.7424E+02  3.4776E+02  3.1181E+02  2.6855E+02  2.2079E+02  1.7209E+02  1.2639E+02  8.7145E+01  5.6320E+01  3.3396E+01  1.7728E+01  8.6074E+00  3.6683E+00  1.3559E+00  3.6098E-01
  3.2062E+02  3.0753E+02  2.8516E+02  2.5475E+02  2.1827E+02  1.7835E+02  1.3815E+02  1.0093E+02  6.9316E+01  4.4646E+01  2.6464E+01  1.4042E+01  6.8157E+00  2.9082E+00  1.0682E+00  2.9986E-01
  2.6167E+02  2.5061E+02  2.3174E+02  2.0617E+02  1.7573E+02  1.4277E+02  1.0999E+02  8.0009E+01  5.4767E+01  3.5165E+01  2.0828E+01  1.1054E+01  5.3972E+00  2.3345E+00  8.7635E-01  2.2964E-01
  2.1156E+02  2.0228E+02  1.8649E+02  1.6523E+02  1.4014E+02  1.1329E+02  8.6889E+01  6.2976E+01  4.2990E+01  2.7522E+01  1.6282E+01  8.6513E+00  4.2536E+00  1.8837E+00  7.2936E-01  2.1491E-01
  1.6931E+02  1.6161E+02  1.4857E+02  1.3114E+02  1.1075E+02  8.9155E+01  6.8132E+01  4.9238E+01  3.3531E+01  2.1406E+01  1.2645E+01  6.7306E+00  3.2953E+00  1.5187E+00  5.8877E-01  1.7551E-01
  1.3412E+02  1.2783E+02  1.1721E+02  1.0312E+02  8.6788E+01  6.9628E+01  5.3054E+01  3.8248E+01  2.5988E+01  1.6545E+01  9.7569E+00  5.2069E+00  2.5532E+00  1.1452E+00  4.7662E-01  1.4470E-01
  1.0521E+02  1.0014E+02  9.1630E+01  8.0406E+01  6.7480E+01  5.3992E+01  4.1040E+01  2.9523E+01  2.0015E+01  1.2708E+01  7.4810E+00  4.0044E+00  1.9703E+00  8.9295E-01  3.5401E-01  1.2082E-01
  8.1793E+01  7.7767E+01  7.1039E+01  6.2208E+01  5.2092E+01  4.1588E+01  3.1545E+01  2.2644E+01  1.5316E+01  9.6985E+00  5.7009E+00  3.0620E+00  1.5143E+00  6.5527E-01  2.7075E-01  1.0261E-01
  6.3072E+01  5.9916E+01  5.4660E+01  4.7787E+01  3.9943E+01  3.1827E+01  2.4092E+01  1.7255E+01  1.1643E+01  7.3545E+00  4.3183E+00  2.3285E+00  1.1610E+00  5.1830E-01  1.8522E-01  6.2518E-02
  4.8280E+01  4.5833E+01  4.1768E+01  3.6466E+01  3.0431E+01  2.4201E+01  1.8280E+01  1.3062E+01  8.7913E+00  5.5413E+00  3.2520E+00  1.7605E+00  8.8042E-01  4.0489E-01  1.5533E-01  4.8777E-02
  3.6709E+01  3.4827E+01  3.1709E+01  2.7648E+01  2.3034E+01  1.8281E+01  1.3776E+01  9.8186E+00  6.5924E+00  4.1483E+00  2.4354E+00  1.3247E+00  6.6571E-01  3.1010E-01  1.1797E-01  3.0517E-02
  2.7733E+01  2.6296E+01  2.3918E+01  2.0827E+01  1.7318E+01  1.3714E+01  1.0308E+01  7.3277E+00  4.9090E+00  3.0853E+00  1.8124E+00  9.8929E-01  5.0092E-01  2.4064E-01  9.8838E-02  2.1724E-02
  2.0820E+01  1.9728E+01  1.7924E+01  1.5582E+01  1.2929E+01  1.0212E+01  7.6554E+00  5.4285E+00  3.6302E+00  2.2814E+00  1.3439E+00  7.3898E-01  3.7817E-01  1.7421E-01  8.0896E-02  1.2364E-02
  1.5528E+01  1.4701E+01  1.3339E+01  1.1573E+01  9.5799E+00  7.5464E+00  5.6413E+00  3.9905E+00  2.6637E+00  1.6721E+00  9.8441E-01  5.4232E-01  2.7934E-01  1.2998E-01  5.3522E-02  1.9240E-02
  1.1499E+01  1.0876E+01  9.8516E+00  8.5288E+00  7.0414E+00  5.5315E+00  4.1250E+00  2.9136E+00  1.9463E+00  1.2277E+00  7.3096E-01  4.0968E-01  2.1379E-01  1.0107E-01  4.5974E-02  1.0520E-02
  8.4489E+00  7.9813E+00  7.2166E+00  6.2326E+00  5.1316E+00  4.0194E+00  2.9881E+00  2.1025E+00  1.3967E+00  8.7365E-01  5.1491E-01  2.8638E-01  1.4971E-01  7.1422E-02  2.3567E-02  1.9646E-02
  6.1540E+00  5.8058E+00  5.2393E+00  4.5142E+00  3.7079E+00  2.9000E+00  2.1583E+00  1.5288E+00  1.0326E+00  6.6514E-01  4.0646E-01  2.3235E-01  1.2293E-01  6.0777E-02  2.4830E-02  1.0146E-02
  4.4399E+00  4.1830E+00  3.7673E+00  3.2371E+00  2.6486E+00  2.0582E+00  1.5137E+00  1.0497E+00  6.8512E-01  4.2137E-01  2.4588E-01  1.3789E-01  7.4853E-02  3.7749E-02  1.4811E-02  9.8527E-03
  3.1764E+00  2.9875E+00  2.6854E+00  2.3064E+00  1.8959E+00  1.4965E+00  1.1380E+00  8.3368E-01  5.8452E-01  3.8671E-01  2.3866E-01  1.3721E-01  7.2704E-02  3.4094E-02  1.4106E-02  9.7695E-03
  2.2175E+00  2.0906E+00  1.8887E+00  1.6335E+00  1.3501E+00  1.0623E+00  7.9068E-01  5.5304E-01  3.6268E-01  2.2429E-01  1.3347E-01  7.7982E-02  4.4088E-02  2.3288E-02  1.3341E-02  5.9884E-03
