# CREATED BY GENE DIAGNOSTICS TOOL on Sat May 17 17:26:05 2025 /home/unix/ottink/gene/diagnostics
# diag: vsp1, run(s): ky01275v1, time window: 254-254.12701(2 steps), species: e
# original data path: /Differ/Data/IMT/lottink/RFP_nTEM/vgrid/
# normalization: L_ref=1.5m
#
# vpar
 -3.0000E+00
 -2.9048E+00
 -2.8095E+00
 -2.7143E+00
 -2.6190E+00
 -2.5238E+00
 -2.4286E+00
 -2.3333E+00
 -2.2381E+00
 -2.1429E+00
 -2.0476E+00
 -1.9524E+00
 -1.8571E+00
 -1.7619E+00
 -1.6667E+00
 -1.5714E+00
 -1.4762E+00
 -1.3810E+00
 -1.2857E+00
 -1.1905E+00
 -1.0952E+00
 -1.0000E+00
 -9.0476E-01
 -8.0952E-01
 -7.1429E-01
 -6.1905E-01
 -5.2381E-01
 -4.2857E-01
 -3.3333E-01
 -2.3810E-01
 -1.4286E-01
 -4.7619E-02
  4.7619E-02
  1.4286E-01
  2.3810E-01
  3.3333E-01
  4.2857E-01
  5.2381E-01
  6.1905E-01
  7.1429E-01
  8.0952E-01
  9.0476E-01
  1.0000E+00
  1.0952E+00
  1.1905E+00
  1.2857E+00
  1.3810E+00
  1.4762E+00
  1.5714E+00
  1.6667E+00
  1.7619E+00
  1.8571E+00
  1.9524E+00
  2.0476E+00
  2.1429E+00
  2.2381E+00
  2.3333E+00
  2.4286E+00
  2.5238E+00
  2.6190E+00
  2.7143E+00
  2.8095E+00
  2.9048E+00
  3.0000E+00


# mu
  1.8108E-02
  9.5589E-02
  2.3573E-01
  4.3989E-01
  7.1007E-01
  1.0491E+00
  1.4607E+00
  1.9499E+00
  2.5234E+00
  3.1901E+00
  3.9625E+00
  4.8582E+00
  5.9041E+00
  7.1447E+00
  8.6646E+00
  1.0681E+01


# trapped boundary
#  mu         vpar      
  1.8108E-02 -7.6321E-02
  1.8108E-02  8.8062E-02
  9.5589E-02 -1.8200E-01
  9.5589E-02  1.9374E-01
  2.3573E-01 -2.8767E-01
  2.3573E-01  2.9941E-01
  4.3989E-01 -4.0509E-01
  4.3989E-01  4.1683E-01
  7.1007E-01 -5.1076E-01
  7.1007E-01  5.2250E-01
  1.0491E+00 -6.1644E-01
  1.0491E+00  6.2818E-01
  1.4607E+00 -7.3386E-01
  1.4607E+00  7.4560E-01
  1.9499E+00 -8.5127E-01
  1.9499E+00  8.6301E-01
  2.5234E+00 -9.6869E-01
  2.5234E+00  9.8043E-01
  3.1901E+00 -1.0861E+00
  3.1901E+00  1.0978E+00
  3.9625E+00 -1.2153E+00
  3.9625E+00  1.2270E+00
  4.8582E+00 -1.3444E+00
  4.8582E+00  1.3562E+00
  5.9041E+00 -1.4736E+00
  5.9041E+00  1.4853E+00
  7.1447E+00 -1.6262E+00
  7.1447E+00  1.6380E+00
  8.6646E+00 -1.7906E+00
  8.6646E+00  1.8023E+00
  1.0681E+01 -1.9902E+00
  1.0681E+01  2.0020E+00


# , time = 254.03796, var = <|f|^2>^(1/2) , z = 0
  2.3553E-04  2.2789E-04  2.1465E-04  1.9663E-04  1.7493E-04  1.5083E-04  1.2574E-04  1.0103E-04  7.7939E-05  5.7455E-05  4.0239E-05  2.6579E-05  1.6370E-05  9.6035E-06  4.7859E-06  1.7200E-06
  4.2117E-04  4.0549E-04  3.7857E-04  3.4246E-04  2.9982E-04  2.5367E-04  2.0701E-04  1.6252E-04  1.2238E-04  8.8031E-05  6.0163E-05  3.8774E-05  2.3450E-05  1.2622E-05  7.4932E-06  5.8851E-06
  7.4060E-04  7.1332E-04  6.6652E-04  6.0382E-04  5.2988E-04  4.4985E-04  3.6886E-04  2.9145E-04  2.2124E-04  1.6068E-04  1.1102E-04  7.2480E-05  4.3937E-05  2.6240E-05  1.2350E-05  5.9813E-06
  1.2789E-03  1.2318E-03  1.1510E-03  1.0426E-03  9.1481E-04  7.7636E-04  6.3612E-04  5.0202E-04  3.8038E-04  2.7556E-04  1.8981E-04  1.2323E-04  7.5750E-05  4.0284E-05  2.4533E-05  1.4651E-05
  2.1689E-03  2.0891E-03  1.9521E-03  1.7684E-03  1.5517E-03  1.3170E-03  1.0793E-03  8.5207E-04  6.4595E-04  4.6832E-04  3.2290E-04  2.1068E-04  1.2615E-04  7.7084E-05  3.6063E-05  3.1325E-05
  3.6125E-03  3.4796E-03  3.2515E-03  2.9457E-03  2.5849E-03  2.1941E-03  1.7983E-03  1.4197E-03  1.0763E-03  7.8031E-04  5.3814E-04  3.4899E-04  2.1825E-04  1.1470E-04  6.7743E-05  3.8019E-05
  5.9095E-03  5.6921E-03  5.3192E-03  4.8192E-03  4.2292E-03  3.5900E-03  2.9426E-03  2.3235E-03  1.7617E-03  1.2775E-03  8.8062E-04  5.7727E-04  3.4119E-04  2.0613E-04  1.1860E-04  4.1600E-05
  9.4942E-03  9.1453E-03  8.5463E-03  7.7434E-03  6.7958E-03  5.7693E-03  4.7294E-03  3.7347E-03  2.8322E-03  2.0540E-03  1.4183E-03  9.1563E-04  5.8073E-04  3.1406E-04  1.8571E-04  8.6455E-05
  1.4981E-02  1.4431E-02  1.3486E-02  1.2220E-02  1.0725E-02  9.1061E-03  7.4656E-03  5.8962E-03  4.4722E-03  3.2445E-03  2.2348E-03  1.4782E-03  8.6817E-04  5.2916E-04  2.4096E-04  1.7468E-04
  2.3219E-02  2.2366E-02  2.0903E-02  1.8941E-02  1.6626E-02  1.4117E-02  1.1575E-02  9.1434E-03  6.9363E-03  5.0319E-03  3.4842E-03  2.2377E-03  1.4219E-03  8.1474E-04  4.9285E-04  3.0727E-04
  3.5344E-02  3.4047E-02  3.1821E-02  2.8837E-02  2.5314E-02  2.1497E-02  1.7628E-02  1.3927E-02  1.0568E-02  7.6727E-03  5.2755E-03  3.5118E-03  2.1280E-03  1.1439E-03  1.1227E-03  5.3993E-04
  5.2845E-02  5.0907E-02  4.7581E-02  4.3122E-02  3.7857E-02  3.2153E-02  2.6371E-02  2.0838E-02  1.5816E-02  1.1474E-02  7.9767E-03  5.1434E-03  3.1815E-03  2.1157E-03  1.9187E-03  8.9102E-04
  7.7609E-02  7.4765E-02  6.9885E-02  6.3340E-02  5.5613E-02  4.7240E-02  3.8752E-02  3.0628E-02  2.3251E-02  1.6906E-02  1.1618E-02  7.7338E-03  4.6064E-03  4.3115E-03  2.9675E-03  1.4099E-03
  1.1196E-01  1.0786E-01  1.0083E-01  9.1392E-02  8.0253E-02  6.8180E-02  5.5941E-02  4.4226E-02  3.3590E-02  2.4366E-02  1.7017E-02  1.1012E-02  8.0332E-03  7.1881E-03  4.4977E-03  2.6497E-03
  1.5866E-01  1.5285E-01  1.4290E-01  1.2954E-01  1.1377E-01  9.6671E-02  7.9337E-02  6.2739E-02  4.7653E-02  3.4742E-02  2.4013E-02  1.5936E-02  1.4605E-02  1.0816E-02  6.8278E-03  5.0058E-03
  2.2087E-01  2.1280E-01  1.9895E-01  1.8038E-01  1.5845E-01  1.3466E-01  1.1055E-01  8.7460E-02  6.6506E-02  4.8360E-02  3.3381E-02  2.6181E-02  2.3093E-02  1.5893E-02  1.2734E-02  8.0416E-03
  3.0208E-01  2.9106E-01  2.7215E-01  2.4678E-01  2.1681E-01  1.8432E-01  1.5137E-01  1.1979E-01  9.1103E-02  6.6423E-02  4.7790E-02  4.3688E-02  3.3617E-02  2.6059E-02  2.4500E-02  1.1960E-02
  4.0594E-01  3.9116E-01  3.6578E-01  3.3174E-01  2.9153E-01  2.4792E-01  2.0367E-01  1.6132E-01  1.2296E-01  8.9845E-02  7.5597E-02  6.5019E-02  5.0354E-02  5.1982E-02  4.0309E-02  1.7482E-02
  5.3603E-01  5.1655E-01  4.8311E-01  4.3824E-01  3.8523E-01  3.2773E-01  2.6942E-01  2.1357E-01  1.6275E-01  1.2762E-01  1.1431E-01  9.0845E-02  9.4709E-02  9.3964E-02  6.0451E-02  2.4734E-02
  6.9563E-01  6.7041E-01  6.2712E-01  5.6903E-01  5.0038E-01  4.2592E-01  3.5034E-01  2.7809E-01  2.1596E-01  1.8656E-01  1.5495E-01  1.5422E-01  1.7980E-01  1.4512E-01  8.7682E-02  3.4188E-02
  8.8738E-01  8.5531E-01  8.0025E-01  7.2637E-01  6.3905E-01  5.4432E-01  4.4842E-01  3.5757E-01  2.9580E-01  2.5285E-01  2.3335E-01  2.9494E-01  2.8528E-01  2.0928E-01  1.2210E-01  4.6740E-02
  1.1130E+00  1.0729E+00  1.0042E+00  9.1186E-01  8.0277E-01  6.8457E-01  5.6513E-01  4.6248E-01  3.9459E-01  3.4287E-01  4.2991E-01  4.7705E-01  4.0458E-01  2.9049E-01  1.6357E-01  6.2717E-02
  1.3731E+00  1.3240E+00  1.2396E+00  1.1263E+00  9.9255E-01  8.4798E-01  7.0692E-01  5.9927E-01  5.0719E-01  5.7610E-01  6.9939E-01  6.6485E-01  5.5189E-01  3.8334E-01  2.1343E-01  8.2352E-02
  1.6671E+00  1.6079E+00  1.5062E+00  1.3699E+00  1.2093E+00  1.0381E+00  8.8260E-01  7.4078E-01  7.2997E-01  9.1897E-01  9.5698E-01  8.8510E-01  7.1698E-01  4.8834E-01  2.7067E-01  1.0564E-01
  1.9935E+00  1.9235E+00  1.8035E+00  1.6429E+00  1.4556E+00  1.2635E+00  1.0745E+00  9.5531E-01  1.1249E+00  1.2368E+00  1.2403E+00  1.1309E+00  8.8954E-01  6.0532E-01  3.3381E-01  1.3206E-01
  2.3507E+00  2.2696E+00  2.1314E+00  1.9478E+00  1.7388E+00  1.5105E+00  1.2802E+00  1.3217E+00  1.4729E+00  1.5566E+00  1.5568E+00  1.3677E+00  1.0757E+00  7.2688E-01  4.0102E-01  1.6079E-01
  2.7404E+00  2.6482E+00  2.4939E+00  2.2961E+00  2.0585E+00  1.7514E+00  1.5909E+00  1.6644E+00  1.7824E+00  1.9129E+00  1.8366E+00  1.6120E+00  1.2599E+00  8.4977E-01  4.6896E-01  1.9050E-01
  3.1733E+00  3.0712E+00  2.9122E+00  2.7061E+00  2.3683E+00  1.9959E+00  1.8607E+00  1.9199E+00  2.1334E+00  2.2000E+00  2.1087E+00  1.8440E+00  1.4335E+00  9.6651E-01  5.3465E-01  2.1958E-01
  3.6908E+00  3.5894E+00  3.4516E+00  3.1529E+00  2.6179E+00  2.1838E+00  2.0214E+00  2.1945E+00  2.3835E+00  2.4552E+00  2.3555E+00  2.0425E+00  1.5888E+00  1.0711E+00  5.9387E-01  2.4619E-01
  4.5781E+00  4.4373E+00  4.1555E+00  3.4858E+00  2.7365E+00  2.2321E+00  2.1608E+00  2.3484E+00  2.5620E+00  2.6708E+00  2.5382E+00  2.2098E+00  1.7134E+00  1.1584E+00  6.4278E-01  2.6838E-01
  6.6388E+00  5.8480E+00  4.6864E+00  3.5004E+00  2.6193E+00  2.1565E+00  2.1449E+00  2.4072E+00  2.7089E+00  2.7939E+00  2.6885E+00  2.3208E+00  1.8071E+00  1.2195E+00  6.7836E-01  2.8448E-01
  5.2279E+00  5.1946E+00  3.9035E+00  2.8542E+00  2.1480E+00  1.8553E+00  2.0483E+00  2.4625E+00  2.7277E+00  2.8943E+00  2.7451E+00  2.3870E+00  1.8535E+00  1.2534E+00  6.9707E-01  2.9305E-01
  1.2636E+00  9.6719E-01  1.5055E+00  1.5583E+00  1.4305E+00  1.5021E+00  1.9021E+00  2.4005E+00  2.7073E+00  2.8850E+00  2.7429E+00  2.3880E+00  1.8553E+00  1.2549E+00  6.9791E-01  2.9337E-01
  4.3843E-01  2.6789E-01  7.4379E-01  1.0170E+00  1.0985E+00  1.3798E+00  1.8232E+00  2.3023E+00  2.6822E+00  2.7914E+00  2.6922E+00  2.3275E+00  1.8133E+00  1.2239E+00  6.8076E-01  2.8537E-01
  1.6567E+00  1.5475E+00  1.2869E+00  1.1459E+00  1.1427E+00  1.3194E+00  1.7674E+00  2.2068E+00  2.5247E+00  2.6733E+00  2.5540E+00  2.2245E+00  1.7245E+00  1.1654E+00  6.4641E-01  2.6971E-01
  2.2405E+00  2.1099E+00  1.8272E+00  1.4787E+00  1.2874E+00  1.3520E+00  1.6243E+00  2.0512E+00  2.3419E+00  2.4564E+00  2.3709E+00  2.0605E+00  1.6027E+00  1.0798E+00  5.9828E-01  2.4780E-01
  2.3448E+00  2.2330E+00  2.0316E+00  1.7386E+00  1.4187E+00  1.3297E+00  1.5123E+00  1.7820E+00  2.1020E+00  2.2088E+00  2.1270E+00  1.8616E+00  1.4476E+00  9.7560E-01  5.3933E-01  2.2128E-01
  2.2963E+00  2.1979E+00  2.0301E+00  1.7996E+00  1.5149E+00  1.2521E+00  1.3073E+00  1.5523E+00  1.7605E+00  1.9231E+00  1.8563E+00  1.6304E+00  1.2733E+00  8.5833E-01  4.7341E-01  1.9214E-01
  2.1708E+00  2.0832E+00  1.9331E+00  1.7319E+00  1.4929E+00  1.2382E+00  1.0646E+00  1.2435E+00  1.4572E+00  1.5654E+00  1.5732E+00  1.3840E+00  1.0879E+00  7.3438E-01  4.0490E-01  1.6223E-01
  1.9980E+00  1.9193E+00  1.7844E+00  1.6041E+00  1.3923E+00  1.1695E+00  9.5867E-01  8.7933E-01  1.1108E+00  1.2461E+00  1.2548E+00  1.1432E+00  8.9903E-01  6.1135E-01  3.3689E-01  1.3320E-01
  1.7951E+00  1.7254E+00  1.6058E+00  1.4460E+00  1.2583E+00  1.0577E+00  8.7311E-01  7.1405E-01  7.2762E-01  9.3093E-01  9.6841E-01  8.9472E-01  7.2349E-01  4.9256E-01  2.7286E-01  1.0645E-01
  1.5772E+00  1.5164E+00  1.4123E+00  1.2732E+00  1.1096E+00  9.3352E-01  7.6122E-01  6.2341E-01  5.0947E-01  5.7970E-01  7.0624E-01  6.7089E-01  5.5617E-01  3.8580E-01  2.1473E-01  8.2844E-02
  1.3567E+00  1.3048E+00  1.2158E+00  1.0968E+00  9.5693E-01  8.0613E-01  6.5476E-01  5.2261E-01  4.2827E-01  3.5884E-01  4.3607E-01  4.7995E-01  4.0661E-01  2.9162E-01  1.6409E-01  6.2932E-02
  1.1436E+00  1.1000E+00  1.0254E+00  9.2554E-01  8.0811E-01  6.8147E-01  5.5390E-01  4.3395E-01  3.4490E-01  2.7909E-01  2.4446E-01  2.9780E-01  2.8560E-01  2.0935E-01  1.2206E-01  4.6743E-02
  9.4514E-01  9.0925E-01  8.4775E-01  7.6550E-01  6.6875E-01  5.6438E-01  4.5924E-01  3.5934E-01  2.7290E-01  2.1989E-01  1.7132E-01  1.5849E-01  1.7976E-01  1.4442E-01  8.7289E-02  3.4062E-02
  7.6611E-01  7.3710E-01  6.8738E-01  6.2087E-01  5.4263E-01  4.5820E-01  3.7308E-01  2.9221E-01  2.1942E-01  1.6423E-01  1.3246E-01  9.8155E-02  9.5045E-02  9.3066E-02  5.9855E-02  2.4547E-02
  6.0924E-01  5.8622E-01  5.4676E-01  4.9398E-01  4.3186E-01  3.6483E-01  2.9724E-01  2.3295E-01  1.7502E-01  1.2599E-01  9.6039E-02  7.3924E-02  5.2606E-02  5.1345E-02  3.9693E-02  1.7289E-02
  4.7541E-01  4.5747E-01  4.2674E-01  3.8561E-01  3.3721E-01  2.8497E-01  2.3227E-01  1.8215E-01  1.3701E-01  9.8251E-02  6.8669E-02  5.3774E-02  3.7519E-02  2.6283E-02  2.4035E-02  1.1813E-02
  3.6408E-01  3.5036E-01  3.2686E-01  2.9540E-01  2.5838E-01  2.1841E-01  1.7809E-01  1.3972E-01  1.0510E-01  7.5631E-02  5.1397E-02  3.6329E-02  2.7369E-02  1.7103E-02  1.2543E-02  7.9492E-03
  2.7366E-01  2.6337E-01  2.4572E-01  2.2210E-01  1.9430E-01  1.6428E-01  1.3399E-01  1.0516E-01  7.9163E-02  5.6831E-02  3.8865E-02  2.5051E-02  1.8544E-02  1.2324E-02  7.0053E-03  4.9654E-03
  2.0192E-01  1.9433E-01  1.8132E-01  1.6391E-01  1.4342E-01  1.2128E-01  9.8945E-02  7.7680E-02  5.8491E-02  4.2107E-02  2.8664E-02  1.8384E-02  1.1843E-02  8.5576E-03  4.8859E-03  2.6739E-03
  1.4625E-01  1.4076E-01  1.3134E-01  1.1875E-01  1.0391E-01  8.7888E-02  7.1716E-02  5.6318E-02  4.2422E-02  3.0493E-02  2.0914E-02  1.3400E-02  7.9689E-03  5.5452E-03  3.3822E-03  1.4816E-03
  1.0399E-01  1.0009E-01  9.3402E-02  8.4449E-02  7.3907E-02  6.2520E-02  5.1026E-02  4.0079E-02  3.0198E-02  2.1741E-02  1.4805E-02  9.6159E-03  5.7171E-03  3.3374E-03  2.2557E-03  9.7962E-04
  7.2596E-02  6.9874E-02  6.5208E-02  5.8963E-02  5.1607E-02  4.3661E-02  3.5640E-02  2.7999E-02  2.1101E-02  1.5185E-02  1.0406E-02  6.6401E-03  4.0326E-03  2.1602E-03  1.4067E-03  6.2910E-04
  4.9756E-02  4.7892E-02  4.4696E-02  4.0418E-02  3.5379E-02  2.9935E-02  2.4438E-02  1.9203E-02  1.4475E-02  1.0423E-02  7.1140E-03  4.6221E-03  2.7294E-03  1.5078E-03  7.9014E-04  3.8061E-04
  3.3482E-02  3.2229E-02  3.0079E-02  2.7202E-02  2.3812E-02  2.0150E-02  1.6452E-02  1.2929E-02  9.7479E-03  7.0197E-03  4.8054E-03  3.0750E-03  1.8765E-03  1.0217E-03  4.7614E-04  2.3373E-04
  2.2123E-02  2.1295E-02  1.9875E-02  1.7975E-02  1.5736E-02  1.3317E-02  1.0874E-02  8.5470E-03  6.4449E-03  4.6424E-03  3.1737E-03  2.0552E-03  1.2117E-03  6.8142E-04  3.3314E-04  1.4008E-04
  1.4352E-02  1.3815E-02  1.2894E-02  1.1662E-02  1.0210E-02  8.6414E-03  7.0570E-03  5.5473E-03  4.1836E-03  3.0140E-03  2.0627E-03  1.3253E-03  8.0744E-04  4.3067E-04  2.2036E-04  8.0526E-05
  9.1421E-03  8.8002E-03  8.2141E-03  7.4293E-03  6.5047E-03  5.5057E-03  4.4966E-03  3.5350E-03  2.6663E-03  1.9211E-03  1.3144E-03  8.4872E-04  5.0390E-04  2.8526E-04  1.3718E-04  5.7912E-05
  5.7181E-03  5.5044E-03  5.1379E-03  4.6471E-03  4.0690E-03  3.4443E-03  2.8133E-03  2.2120E-03  1.6688E-03  1.2028E-03  8.2356E-04  5.3071E-04  3.2133E-04  1.7227E-04  8.8116E-05  3.9027E-05
  3.5118E-03  3.3806E-03  3.1556E-03  2.8543E-03  2.4992E-03  2.1155E-03  1.7278E-03  1.3583E-03  1.0244E-03  7.3788E-04  5.0467E-04  3.2523E-04  1.9409E-04  1.0911E-04  5.2006E-05  2.4202E-05
  2.1178E-03  2.0387E-03  1.9031E-03  1.7216E-03  1.5079E-03  1.2771E-03  1.0441E-03  8.2207E-04  6.2140E-04  4.4900E-04  3.0830E-04  1.9947E-04  1.2064E-04  6.5687E-05  3.3841E-05  1.6976E-05
  1.2540E-03  1.2067E-03  1.1254E-03  1.0165E-03  8.8821E-04  7.4956E-04  6.0970E-04  4.7682E-04  3.5736E-04  2.5558E-04  1.7345E-04  1.1085E-04  6.5855E-05  3.6336E-05  1.7461E-05  6.6136E-06
  7.3008E-04  7.0622E-04  6.6485E-04  6.0854E-04  5.4072E-04  4.6548E-04  3.8721E-04  3.1025E-04  2.3848E-04  1.7502E-04  1.2188E-04  7.9889E-05  4.8792E-05  2.7132E-05  1.3939E-05  8.8915E-06


# trapped boundary
#  mu         vpar      
  1.8108E-02 -7.6321E-02
  1.8108E-02  8.8062E-02
  9.5589E-02 -1.8200E-01
  9.5589E-02  1.9374E-01
  2.3573E-01 -2.8767E-01
  2.3573E-01  2.9941E-01
  4.3989E-01 -4.0509E-01
  4.3989E-01  4.1683E-01
  7.1007E-01 -5.1076E-01
  7.1007E-01  5.2250E-01
  1.0491E+00 -6.1644E-01
  1.0491E+00  6.2818E-01
  1.4607E+00 -7.3386E-01
  1.4607E+00  7.4560E-01
  1.9499E+00 -8.5127E-01
  1.9499E+00  8.6301E-01
  2.5234E+00 -9.6869E-01
  2.5234E+00  9.8043E-01
  3.1901E+00 -1.0861E+00
  3.1901E+00  1.0978E+00
  3.9625E+00 -1.2153E+00
  3.9625E+00  1.2270E+00
  4.8582E+00 -1.3444E+00
  4.8582E+00  1.3562E+00
  5.9041E+00 -1.4736E+00
  5.9041E+00  1.4853E+00
  7.1447E+00 -1.6262E+00
  7.1447E+00  1.6380E+00
  8.6646E+00 -1.7906E+00
  8.6646E+00  1.8023E+00
  1.0681E+01 -1.9902E+00
  1.0681E+01  2.0020E+00


# , time = 254.12701, var = <|f|^2>^(1/2) , z = 0
  2.3949E-04  2.3172E-04  2.1827E-04  1.9994E-04  1.7787E-04  1.5337E-04  1.2786E-04  1.0273E-04  7.9250E-05  5.8422E-05  4.0915E-05  2.7026E-05  1.6646E-05  9.7651E-06  4.8662E-06  1.7485E-06
  4.2825E-04  4.1231E-04  3.8494E-04  3.4822E-04  3.0487E-04  2.5794E-04  2.1049E-04  1.6526E-04  1.2444E-04  8.9512E-05  6.1175E-05  3.9427E-05  2.3844E-05  1.2835E-05  7.6197E-06  5.9840E-06
  7.5306E-04  7.2532E-04  6.7774E-04  6.1398E-04  5.3879E-04  4.5742E-04  3.7507E-04  2.9636E-04  2.2496E-04  1.6338E-04  1.1289E-04  7.3699E-05  4.4677E-05  2.6682E-05  1.2557E-05  6.0817E-06
  1.3004E-03  1.2525E-03  1.1703E-03  1.0602E-03  9.3020E-04  7.8942E-04  6.4682E-04  5.1046E-04  3.8678E-04  2.8020E-04  1.9300E-04  1.2531E-04  7.7024E-05  4.0962E-05  2.4947E-05  1.4898E-05
  2.2054E-03  2.1242E-03  1.9849E-03  1.7982E-03  1.5778E-03  1.3392E-03  1.0975E-03  8.6641E-04  6.5682E-04  4.7620E-04  3.2834E-04  2.1422E-04  1.2828E-04  7.8381E-05  3.6668E-05  3.1851E-05
  3.6733E-03  3.5381E-03  3.3062E-03  2.9953E-03  2.6284E-03  2.2310E-03  1.8285E-03  1.4436E-03  1.0944E-03  7.9344E-04  5.4719E-04  3.5486E-04  2.2192E-04  1.1663E-04  6.8883E-05  3.8658E-05
  6.0089E-03  5.7879E-03  5.4087E-03  4.9003E-03  4.3003E-03  3.6504E-03  2.9921E-03  2.3625E-03  1.7914E-03  1.2990E-03  8.9544E-04  5.8698E-04  3.4693E-04  2.0959E-04  1.2060E-04  4.2281E-05
  9.6540E-03  9.2991E-03  8.6901E-03  7.8737E-03  6.9101E-03  5.8663E-03  4.8089E-03  3.7975E-03  2.8799E-03  2.0886E-03  1.4422E-03  9.3103E-04  5.9050E-04  3.1935E-04  1.8883E-04  8.7835E-05
  1.5233E-02  1.4674E-02  1.3713E-02  1.2426E-02  1.0906E-02  9.2593E-03  7.5912E-03  5.9954E-03  4.5474E-03  3.2990E-03  2.2724E-03  1.5030E-03  8.8278E-04  5.3807E-04  2.4500E-04  1.7750E-04
  2.3609E-02  2.2742E-02  2.1255E-02  1.9260E-02  1.6906E-02  1.4355E-02  1.1770E-02  9.2972E-03  7.0530E-03  5.1165E-03  3.5428E-03  2.2753E-03  1.4458E-03  8.2845E-04  5.0113E-04  3.1231E-04
  3.5939E-02  3.4620E-02  3.2357E-02  2.9322E-02  2.5740E-02  2.1858E-02  1.7925E-02  1.4161E-02  1.0745E-02  7.8018E-03  5.3643E-03  3.5709E-03  2.1638E-03  1.1632E-03  1.1417E-03  5.4891E-04
  5.3734E-02  5.1764E-02  4.8382E-02  4.3848E-02  3.8494E-02  3.2694E-02  2.6815E-02  2.1189E-02  1.6082E-02  1.1667E-02  8.1109E-03  5.2299E-03  3.2350E-03  2.1514E-03  1.9512E-03  9.0595E-04
  7.8914E-02  7.6023E-02  7.1061E-02  6.4406E-02  5.6549E-02  4.8034E-02  3.9404E-02  3.1143E-02  2.3642E-02  1.7191E-02  1.1813E-02  7.8639E-03  4.6839E-03  4.3843E-03  3.0179E-03  1.4336E-03
  1.1384E-01  1.0967E-01  1.0252E-01  9.2929E-02  8.1603E-02  6.9327E-02  5.6882E-02  4.4970E-02  3.4155E-02  2.4776E-02  1.7303E-02  1.1197E-02  8.1684E-03  7.3095E-03  4.5742E-03  2.6942E-03
  1.6132E-01  1.5543E-01  1.4530E-01  1.3172E-01  1.1568E-01  9.8297E-02  8.0672E-02  6.3794E-02  4.8455E-02  3.5326E-02  2.4417E-02  1.6204E-02  1.4851E-02  1.0999E-02  6.9438E-03  5.0899E-03
  2.2459E-01  2.1638E-01  2.0230E-01  1.8342E-01  1.6111E-01  1.3693E-01  1.1241E-01  8.8931E-02  6.7624E-02  4.9173E-02  3.3943E-02  2.6621E-02  2.3481E-02  1.6161E-02  1.2950E-02  8.1776E-03
  3.0716E-01  2.9596E-01  2.7673E-01  2.5093E-01  2.2046E-01  1.8742E-01  1.5391E-01  1.2180E-01  9.2636E-02  6.7541E-02  4.8594E-02  4.4422E-02  3.4182E-02  2.6498E-02  2.4915E-02  1.2164E-02
  4.1277E-01  3.9774E-01  3.7193E-01  3.3732E-01  2.9643E-01  2.5209E-01  2.0709E-01  1.6403E-01  1.2503E-01  9.1356E-02  7.6867E-02  6.6110E-02  5.1199E-02  5.2856E-02  4.0992E-02  1.7780E-02
  5.4505E-01  5.2524E-01  4.9124E-01  4.4561E-01  3.9171E-01  3.3325E-01  2.7395E-01  2.1716E-01  1.6549E-01  1.2976E-01  1.1623E-01  9.2368E-02  9.6297E-02  9.5544E-02  6.1473E-02  2.5157E-02
  7.0733E-01  6.8169E-01  6.3767E-01  5.7860E-01  5.0880E-01  4.3309E-01  3.5624E-01  2.8277E-01  2.1959E-01  1.8969E-01  1.5755E-01  1.5681E-01  1.8282E-01  1.4756E-01  8.9162E-02  3.4773E-02
  9.0231E-01  8.6970E-01  8.1372E-01  7.3859E-01  6.4980E-01  5.5347E-01  4.5597E-01  3.6359E-01  3.0078E-01  2.5710E-01  2.3727E-01  2.9989E-01  2.9007E-01  2.1280E-01  1.2415E-01  4.7538E-02
  1.1317E+00  1.0910E+00  1.0211E+00  9.2720E-01  8.1628E-01  6.9609E-01  5.7464E-01  4.7025E-01  4.0123E-01  3.4862E-01  4.3712E-01  4.8505E-01  4.1136E-01  2.9537E-01  1.6632E-01  6.3784E-02
  1.3962E+00  1.3462E+00  1.2604E+00  1.1453E+00  1.0093E+00  8.6225E-01  7.1881E-01  6.0935E-01  5.1571E-01  5.8577E-01  7.1112E-01  6.7600E-01  5.6115E-01  3.8977E-01  2.1702E-01  8.3749E-02
  1.6952E+00  1.6349E+00  1.5316E+00  1.3929E+00  1.2297E+00  1.0556E+00  8.9745E-01  7.5324E-01  7.4223E-01  9.3440E-01  9.7304E-01  8.9995E-01  7.2901E-01  4.9654E-01  2.7522E-01  1.0743E-01
  2.0270E+00  1.9558E+00  1.8339E+00  1.6706E+00  1.4801E+00  1.2848E+00  1.0926E+00  9.7137E-01  1.1438E+00  1.2576E+00  1.2611E+00  1.1499E+00  9.0447E-01  6.1547E-01  3.3941E-01  1.3429E-01
  2.3902E+00  2.3078E+00  2.1673E+00  1.9806E+00  1.7680E+00  1.5359E+00  1.3017E+00  1.3439E+00  1.4976E+00  1.5827E+00  1.5830E+00  1.3907E+00  1.0938E+00  7.3908E-01  4.0776E-01  1.6350E-01
  2.7865E+00  2.6928E+00  2.5359E+00  2.3347E+00  2.0931E+00  1.7809E+00  1.6176E+00  1.6923E+00  1.8124E+00  1.9450E+00  1.8674E+00  1.6391E+00  1.2810E+00  8.6403E-01  4.7683E-01  1.9371E-01
  3.2267E+00  3.1229E+00  2.9612E+00  2.7516E+00  2.4081E+00  2.0295E+00  1.8920E+00  1.9522E+00  2.1692E+00  2.2369E+00  2.1442E+00  1.8750E+00  1.4576E+00  9.8274E-01  5.4363E-01  2.2327E-01
  3.7529E+00  3.6498E+00  3.5097E+00  3.2059E+00  2.6619E+00  2.2205E+00  2.0553E+00  2.2314E+00  2.4236E+00  2.4965E+00  2.3951E+00  2.0768E+00  1.6155E+00  1.0891E+00  6.0384E-01  2.5033E-01
  4.6551E+00  4.5119E+00  4.2254E+00  3.5444E+00  2.7825E+00  2.2696E+00  2.1972E+00  2.3879E+00  2.6050E+00  2.7157E+00  2.5808E+00  2.2469E+00  1.7422E+00  1.1778E+00  6.5358E-01  2.7289E-01
  6.7505E+00  5.9464E+00  4.7653E+00  3.5593E+00  2.6634E+00  2.1928E+00  2.1810E+00  2.4477E+00  2.7545E+00  2.8409E+00  2.7337E+00  2.3599E+00  1.8374E+00  1.2399E+00  6.8975E-01  2.8926E-01
  5.3159E+00  5.2820E+00  3.9692E+00  2.9023E+00  2.1842E+00  1.8866E+00  2.0828E+00  2.5039E+00  2.7736E+00  2.9429E+00  2.7913E+00  2.4272E+00  1.8846E+00  1.2744E+00  7.0878E-01  2.9798E-01
  1.2849E+00  9.8340E-01  1.5308E+00  1.5846E+00  1.4547E+00  1.5274E+00  1.9341E+00  2.4409E+00  2.7528E+00  2.9336E+00  2.7890E+00  2.4282E+00  1.8865E+00  1.2759E+00  7.0962E-01  2.9830E-01
  4.4579E-01  2.7238E-01  7.5626E-01  1.0340E+00  1.1170E+00  1.4030E+00  1.8539E+00  2.3410E+00  2.7273E+00  2.8384E+00  2.7374E+00  2.3666E+00  1.8438E+00  1.2445E+00  6.9219E-01  2.9017E-01
  1.6846E+00  1.5736E+00  1.3086E+00  1.1652E+00  1.1618E+00  1.3416E+00  1.7972E+00  2.2439E+00  2.5672E+00  2.7182E+00  2.5970E+00  2.2619E+00  1.7535E+00  1.1849E+00  6.5726E-01  2.7425E-01
  2.2782E+00  2.1454E+00  1.8579E+00  1.5036E+00  1.3090E+00  1.3747E+00  1.6516E+00  2.0857E+00  2.3813E+00  2.4977E+00  2.4108E+00  2.0951E+00  1.6296E+00  1.0979E+00  6.0832E-01  2.5197E-01
  2.3842E+00  2.2706E+00  2.0658E+00  1.7678E+00  1.4426E+00  1.3521E+00  1.5377E+00  1.8120E+00  2.1373E+00  2.2459E+00  2.1627E+00  1.8929E+00  1.4719E+00  9.9197E-01  5.4838E-01  2.2501E-01
  2.3349E+00  2.2349E+00  2.0643E+00  1.8298E+00  1.5404E+00  1.2731E+00  1.3293E+00  1.5783E+00  1.7900E+00  1.9554E+00  1.8875E+00  1.6578E+00  1.2946E+00  8.7273E-01  4.8136E-01  1.9538E-01
  2.2073E+00  2.1183E+00  1.9656E+00  1.7610E+00  1.5181E+00  1.2590E+00  1.0825E+00  1.2644E+00  1.4816E+00  1.5917E+00  1.5996E+00  1.4072E+00  1.1061E+00  7.4670E-01  4.1170E-01  1.6496E-01
  2.0316E+00  1.9516E+00  1.8144E+00  1.6311E+00  1.4157E+00  1.1892E+00  9.7479E-01  8.9410E-01  1.1295E+00  1.2670E+00  1.2758E+00  1.1624E+00  9.1411E-01  6.2161E-01  3.4255E-01  1.3545E-01
  1.8253E+00  1.7544E+00  1.6328E+00  1.4703E+00  1.2795E+00  1.0755E+00  8.8780E-01  7.2605E-01  7.3984E-01  9.4655E-01  9.8466E-01  9.0973E-01  7.3563E-01  5.0083E-01  2.7745E-01  1.0826E-01
  1.6037E+00  1.5419E+00  1.4361E+00  1.2946E+00  1.1283E+00  9.4923E-01  7.7403E-01  6.3389E-01  5.1803E-01  5.8943E-01  7.1809E-01  6.8215E-01  5.6550E-01  3.9227E-01  2.1834E-01  8.4248E-02
  1.3796E+00  1.3267E+00  1.2363E+00  1.1153E+00  9.7303E-01  8.1970E-01  6.6578E-01  5.3140E-01  4.3547E-01  3.6486E-01  4.4339E-01  4.8800E-01  4.1343E-01  2.9652E-01  1.6686E-01  6.4002E-02
  1.1629E+00  1.1186E+00  1.0426E+00  9.4111E-01  8.2170E-01  6.9294E-01  5.6322E-01  4.4125E-01  3.5070E-01  2.8378E-01  2.4856E-01  3.0279E-01  2.9039E-01  2.1287E-01  1.2412E-01  4.7541E-02
  9.6104E-01  9.2455E-01  8.6202E-01  7.7838E-01  6.8000E-01  5.7387E-01  4.6697E-01  3.6539E-01  2.7749E-01  2.2359E-01  1.7419E-01  1.6115E-01  1.8277E-01  1.4685E-01  8.8763E-02  3.4644E-02
  7.7900E-01  7.4950E-01  6.9895E-01  6.3132E-01  5.5175E-01  4.6591E-01  3.7935E-01  2.9712E-01  2.2312E-01  1.6699E-01  1.3468E-01  9.9802E-02  9.6640E-02  9.4630E-02  6.0867E-02  2.4967E-02
  6.1949E-01  5.9608E-01  5.5596E-01  5.0229E-01  4.3913E-01  3.7096E-01  3.0224E-01  2.3687E-01  1.7796E-01  1.2811E-01  9.7654E-02  7.5165E-02  5.3489E-02  5.2209E-02  4.0365E-02  1.7585E-02
  4.8341E-01  4.6517E-01  4.3392E-01  3.9210E-01  3.4288E-01  2.8976E-01  2.3618E-01  1.8521E-01  1.3931E-01  9.9904E-02  6.9824E-02  5.4678E-02  3.8149E-02  2.6726E-02  2.4442E-02  1.2014E-02
  3.7020E-01  3.5626E-01  3.3236E-01  3.0037E-01  2.6273E-01  2.2208E-01  1.8109E-01  1.4207E-01  1.0687E-01  7.6904E-02  5.2262E-02  3.6940E-02  2.7830E-02  1.7391E-02  1.2756E-02  8.0834E-03
  2.7827E-01  2.6780E-01  2.4985E-01  2.2584E-01  1.9757E-01  1.6705E-01  1.3625E-01  1.0693E-01  8.0495E-02  5.7787E-02  3.9519E-02  2.5473E-02  1.8856E-02  1.2532E-02  7.1243E-03  5.0487E-03
  2.0531E-01  1.9760E-01  1.8437E-01  1.6667E-01  1.4583E-01  1.2332E-01  1.0061E-01  7.8987E-02  5.9475E-02  4.2816E-02  2.9146E-02  1.8694E-02  1.2042E-02  8.7020E-03  4.9688E-03  2.7187E-03
  1.4871E-01  1.4313E-01  1.3355E-01  1.2074E-01  1.0566E-01  8.9366E-02  7.2923E-02  5.7266E-02  4.3136E-02  3.1006E-02  2.1266E-02  1.3625E-02  8.1030E-03  5.6387E-03  3.4395E-03  1.5064E-03
  1.0574E-01  1.0177E-01  9.4973E-02  8.5870E-02  7.5151E-02  6.3572E-02  5.1884E-02  4.0753E-02  3.0706E-02  2.2107E-02  1.5055E-02  9.7777E-03  5.8133E-03  3.3936E-03  2.2938E-03  9.9598E-04
  7.3817E-02  7.1050E-02  6.6305E-02  5.9955E-02  5.2475E-02  4.4396E-02  3.6239E-02  2.8470E-02  2.1456E-02  1.5441E-02  1.0582E-02  6.7519E-03  4.1005E-03  2.1965E-03  1.4304E-03  6.3954E-04
  5.0593E-02  4.8698E-02  4.5448E-02  4.1098E-02  3.5974E-02  3.0439E-02  2.4850E-02  1.9526E-02  1.4718E-02  1.0599E-02  7.2337E-03  4.6999E-03  2.7753E-03  1.5332E-03  8.0340E-04  3.8688E-04
  3.4046E-02  3.2771E-02  3.0585E-02  2.7659E-02  2.4213E-02  2.0489E-02  1.6729E-02  1.3147E-02  9.9119E-03  7.1378E-03  4.8863E-03  3.1267E-03  1.9081E-03  1.0389E-03  4.8414E-04  2.3755E-04
  2.2495E-02  2.1653E-02  2.0209E-02  1.8277E-02  1.6001E-02  1.3541E-02  1.1057E-02  8.6908E-03  6.5534E-03  4.7205E-03  3.2271E-03  2.0898E-03  1.2321E-03  6.9288E-04  3.3874E-04  1.4238E-04
  1.4593E-02  1.4047E-02  1.3111E-02  1.1858E-02  1.0382E-02  8.7868E-03  7.1758E-03  5.6406E-03  4.2540E-03  3.0647E-03  2.0974E-03  1.3476E-03  8.2103E-04  4.3791E-04  2.2407E-04  8.1865E-05
  9.2959E-03  8.9483E-03  8.3523E-03  7.5543E-03  6.6142E-03  5.5983E-03  4.5723E-03  3.5945E-03  2.7111E-03  1.9534E-03  1.3365E-03  8.6300E-04  5.1238E-04  2.9006E-04  1.3949E-04  5.8886E-05
  5.8143E-03  5.5970E-03  5.2243E-03  4.7253E-03  4.1375E-03  3.5023E-03  2.8607E-03  2.2492E-03  1.6969E-03  1.2231E-03  8.3741E-04  5.3964E-04  3.2673E-04  1.7517E-04  8.9599E-05  3.9683E-05
  3.5709E-03  3.4375E-03  3.2087E-03  2.9023E-03  2.5413E-03  2.1511E-03  1.7569E-03  1.3811E-03  1.0416E-03  7.5029E-04  5.1316E-04  3.3070E-04  1.9736E-04  1.1095E-04  5.2880E-05  2.4609E-05
  2.1535E-03  2.0730E-03  1.9352E-03  1.7506E-03  1.5333E-03  1.2986E-03  1.0617E-03  8.3591E-04  6.3185E-04  4.5656E-04  3.1349E-04  2.0283E-04  1.2267E-04  6.6792E-05  3.4411E-05  1.7262E-05
  1.2751E-03  1.2270E-03  1.1444E-03  1.0336E-03  9.0316E-04  7.6217E-04  6.1996E-04  4.8484E-04  3.6337E-04  2.5988E-04  1.7637E-04  1.1272E-04  6.6963E-05  3.6948E-05  1.7754E-05  6.7246E-06
  7.4236E-04  7.1810E-04  6.7604E-04  6.1877E-04  5.4981E-04  4.7331E-04  3.9372E-04  3.1546E-04  2.4250E-04  1.7796E-04  1.2393E-04  8.1233E-05  4.9613E-05  2.7589E-05  1.4174E-05  9.0410E-06
