# CREATED BY GENE DIAGNOSTICS TOOL on Sat May 17 18:21:47 2025 /home/unix/ottink/gene/diagnostics
# diag: vsp1, run(s): vim010vep005, time window: 259.37-259.37239(1 steps), species: i
# original data path: /Differ/Data/IMT/lottink/RFP_nTEM/vres_scan/v1/
# normalization: L_ref=1.5m
#
# vpar
 -3.0000E+00
 -2.9048E+00
 -2.8095E+00
 -2.7143E+00
 -2.6190E+00
 -2.5238E+00
 -2.4286E+00
 -2.3333E+00
 -2.2381E+00
 -2.1429E+00
 -2.0476E+00
 -1.9524E+00
 -1.8571E+00
 -1.7619E+00
 -1.6667E+00
 -1.5714E+00
 -1.4762E+00
 -1.3810E+00
 -1.2857E+00
 -1.1905E+00
 -1.0952E+00
 -1.0000E+00
 -9.0476E-01
 -8.0952E-01
 -7.1429E-01
 -6.1905E-01
 -5.2381E-01
 -4.2857E-01
 -3.3333E-01
 -2.3810E-01
 -1.4286E-01
 -4.7619E-02
  4.7619E-02
  1.4286E-01
  2.3810E-01
  3.3333E-01
  4.2857E-01
  5.2381E-01
  6.1905E-01
  7.1429E-01
  8.0952E-01
  9.0476E-01
  1.0000E+00
  1.0952E+00
  1.1905E+00
  1.2857E+00
  1.3810E+00
  1.4762E+00
  1.5714E+00
  1.6667E+00
  1.7619E+00
  1.8571E+00
  1.9524E+00
  2.0476E+00
  2.1429E+00
  2.2381E+00
  2.3333E+00
  2.4286E+00
  2.5238E+00
  2.6190E+00
  2.7143E+00
  2.8095E+00
  2.9048E+00
  3.0000E+00


# mu
  1.8108E-02
  9.5589E-02
  2.3573E-01
  4.3989E-01
  7.1007E-01
  1.0491E+00
  1.4607E+00
  1.9499E+00
  2.5234E+00
  3.1901E+00
  3.9625E+00
  4.8582E+00
  5.9041E+00
  7.1447E+00
  8.6646E+00
  1.0681E+01


# trapped boundary
#  mu         vpar      
  1.8108E-02 -7.6321E-02
  1.8108E-02  8.8062E-02
  9.5589E-02 -1.8200E-01
  9.5589E-02  1.9374E-01
  2.3573E-01 -2.8767E-01
  2.3573E-01  2.9941E-01
  4.3989E-01 -4.0509E-01
  4.3989E-01  4.1683E-01
  7.1007E-01 -5.1076E-01
  7.1007E-01  5.2250E-01
  1.0491E+00 -6.1644E-01
  1.0491E+00  6.2818E-01
  1.4607E+00 -7.3386E-01
  1.4607E+00  7.4560E-01
  1.9499E+00 -8.5127E-01
  1.9499E+00  8.6301E-01
  2.5234E+00 -9.6869E-01
  2.5234E+00  9.8043E-01
  3.1901E+00 -1.0861E+00
  3.1901E+00  1.0978E+00
  3.9625E+00 -1.2153E+00
  3.9625E+00  1.2270E+00
  4.8582E+00 -1.3444E+00
  4.8582E+00  1.3562E+00
  5.9041E+00 -1.4736E+00
  5.9041E+00  1.4853E+00
  7.1447E+00 -1.6262E+00
  7.1447E+00  1.6380E+00
  8.6646E+00 -1.7906E+00
  8.6646E+00  1.8023E+00
  1.0681E+01 -1.9902E+00
  1.0681E+01  2.0020E+00


# , time = 259.37239, var = <|f|^2>^(1/2) , z = 0
  5.6747E-03  5.4540E-03  5.0046E-03  4.4124E-03  3.7469E-03  3.0613E-03  2.3944E-03  1.8004E-03  1.2922E-03  8.7252E-04  5.5189E-04  3.2200E-04  1.6934E-04  7.8384E-05  2.9820E-05  1.3125E-05
  9.6527E-03  9.2703E-03  8.4863E-03  7.4450E-03  6.2686E-03  5.0585E-03  3.8957E-03  2.8826E-03  2.0388E-03  1.3632E-03  8.5907E-04  5.0250E-04  2.6633E-04  1.2563E-04  4.9523E-05  1.7925E-05
  1.6056E-02  1.5427E-02  1.4145E-02  1.2444E-02  1.0523E-02  8.5391E-03  6.6172E-03  4.9208E-03  3.4910E-03  2.3332E-03  1.4662E-03  8.5437E-04  4.5109E-04  2.1027E-04  8.0784E-05  3.3002E-05
  2.6249E-02  2.5226E-02  2.3144E-02  2.0378E-02  1.7247E-02  1.4010E-02  1.0872E-02  8.0972E-03  5.7535E-03  3.8503E-03  2.4210E-03  1.4117E-03  7.4684E-04  3.5179E-04  1.3730E-04  5.2113E-05
  4.2152E-02  4.0518E-02  3.7201E-02  3.2785E-02  2.7776E-02  2.2587E-02  1.7551E-02  1.3087E-02  9.3116E-03  6.2402E-03  3.9271E-03  2.2893E-03  1.2106E-03  5.6614E-04  2.2042E-04  7.7722E-05
  6.6492E-02  6.3926E-02  5.8734E-02  5.1810E-02  4.3938E-02  3.5767E-02  2.7826E-02  2.0767E-02  1.4789E-02  9.9217E-03  6.2513E-03  3.6486E-03  1.9292E-03  9.0883E-04  3.5357E-04  1.1143E-04
  1.0302E-01  9.9065E-02  9.1083E-02  8.0419E-02  6.8269E-02  5.5630E-02  4.3331E-02  3.2367E-02  2.3070E-02  1.5490E-02  9.7675E-03  5.7050E-03  3.0217E-03  1.4167E-03  5.5378E-04  1.6216E-04
  1.5680E-01  1.5079E-01  1.3874E-01  1.2260E-01  1.0419E-01  8.4983E-02  6.6273E-02  4.9547E-02  3.5344E-02  2.3750E-02  1.4987E-02  8.7614E-03  4.6401E-03  2.1861E-03  8.4929E-04  2.4139E-04
  2.3440E-01  2.2545E-01  2.0757E-01  1.8359E-01  1.5616E-01  1.2751E-01  9.9551E-02  7.4490E-02  5.3179E-02  3.5763E-02  2.2583E-02  1.3210E-02  7.0055E-03  3.2992E-03  1.2834E-03  3.6563E-04
  3.4420E-01  3.3109E-01  3.0502E-01  2.7002E-01  2.2990E-01  1.8789E-01  1.4687E-01  1.0999E-01  7.8580E-02  5.2887E-02  3.3420E-02  1.9560E-02  1.0386E-02  4.8791E-03  1.9016E-03  5.3634E-04
  4.9644E-01  4.7756E-01  4.4023E-01  3.9005E-01  3.3240E-01  2.7193E-01  2.1279E-01  1.5948E-01  1.1404E-01  7.6807E-02  4.8562E-02  2.8451E-02  1.5111E-02  7.0926E-03  2.7543E-03  7.8088E-04
  7.0329E-01  6.7658E-01  6.2406E-01  5.5338E-01  4.7201E-01  3.8649E-01  3.0276E-01  2.2711E-01  1.6250E-01  1.0953E-01  6.9315E-02  4.0629E-02  2.1575E-02  1.0115E-02  3.9519E-03  1.2261E-03
  9.7860E-01  9.4145E-01  8.6885E-01  7.7105E-01  6.5824E-01  5.3946E-01  4.2304E-01  3.1758E-01  2.2743E-01  1.5341E-01  9.7118E-02  5.6992E-02  3.0189E-02  1.4191E-02  5.5458E-03  2.0141E-03
  1.3374E+00  1.2867E+00  1.1880E+00  1.0551E+00  9.0146E-01  7.3942E-01  5.8045E-01  4.3607E-01  3.1244E-01  2.1092E-01  1.3372E-01  7.8341E-02  4.1582E-02  1.9643E-02  7.2878E-03  3.1401E-03
  1.7952E+00  1.7270E+00  1.5954E+00  1.4178E+00  1.2123E+00  9.9522E-01  7.8201E-01  5.8795E-01  4.2174E-01  2.8497E-01  1.8054E-01  1.0580E-01  5.6626E-02  2.5448E-02  9.0217E-03  4.5982E-03
  2.3667E+00  2.2765E+00  2.1039E+00  1.8710E+00  1.6009E+00  1.3152E+00  1.0344E+00  7.7829E-01  5.5844E-01  3.7751E-01  2.3926E-01  1.4140E-01  7.3855E-02  2.8429E-02  1.1094E-02  6.5449E-03
  3.0640E+00  2.9469E+00  2.7245E+00  2.4242E+00  2.0757E+00  1.7065E+00  1.3434E+00  1.0115E+00  7.2666E-01  4.9130E-01  3.1299E-01  1.8398E-01  8.3475E-02  2.9239E-02  1.3962E-02  9.0774E-03
  3.8954E+00  3.7459E+00  3.4642E+00  3.0840E+00  2.6422E+00  2.1737E+00  1.7126E+00  1.2904E+00  9.2707E-01  6.2882E-01  4.0259E-01  2.1431E-01  8.1231E-02  3.1623E-02  1.7620E-02  1.2093E-02
  4.8625E+00  4.6749E+00  4.3244E+00  3.8514E+00  3.3013E+00  2.7176E+00  2.1429E+00  1.6154E+00  1.1624E+00  7.9446E-01  4.7957E-01  2.0488E-01  1.0136E-01  3.3149E-02  2.0866E-02  1.5316E-02
  5.9588E+00  5.7273E+00  5.2988E+00  4.7208E+00  4.0482E+00  3.3341E+00  2.6303E+00  1.9846E+00  1.4391E+00  9.5443E-01  4.6713E-01  2.5511E-01  1.3344E-01  3.7660E-02  2.2024E-02  1.8063E-02
  7.1667E+00  6.8860E+00  6.3713E+00  5.6776E+00  4.8702E+00  4.0122E+00  3.1678E+00  2.4023E+00  1.7186E+00  9.5815E-01  5.2280E-01  4.0294E-01  1.7018E-01  5.3028E-02  1.8924E-02  1.9195E-02
  8.4566E+00  8.1220E+00  7.5148E+00  6.6973E+00  5.7454E+00  4.7345E+00  3.7515E+00  2.8355E+00  1.7884E+00  9.5071E-01  9.1402E-01  5.4184E-01  2.5945E-01  8.9958E-02  1.5709E-02  1.7149E-02
  9.7845E+00  9.3927E+00  8.6893E+00  7.7434E+00  6.6429E+00  5.4848E+00  4.3482E+00  3.0134E+00  1.6240E+00  1.6990E+00  1.3049E+00  7.8199E-01  4.1242E-01  1.6494E-01  3.7906E-02  1.0152E-02
  1.1092E+01  1.0641E+01  9.8413E+00  8.7681E+00  7.5287E+00  6.2212E+00  4.6455E+00  2.6317E+00  2.6601E+00  2.5653E+00  1.8083E+00  1.1906E+00  6.4315E-01  2.8774E-01  8.7616E-02  5.7058E-03
  1.2303E+01  1.1795E+01  1.0903E+01  9.7148E+00  8.3422E+00  6.5954E+00  4.0245E+00  3.7198E+00  4.3087E+00  3.4817E+00  2.6675E+00  1.7276E+00  9.8385E-01  4.6313E-01  1.6322E-01  2.7550E-02
  1.3328E+01  1.2763E+01  1.1790E+01  1.0491E+01  8.6984E+00  5.6856E+00  4.7707E+00  6.3844E+00  5.8443E+00  5.0074E+00  3.7211E+00  2.4566E+00  1.4242E+00  6.9675E-01  2.6473E-01  5.8984E-02
  1.4042E+01  1.3424E+01  1.2360E+01  1.0661E+01  7.4009E+00  5.7045E+00  8.4852E+00  8.7078E+00  8.1865E+00  6.7998E+00  5.0099E+00  3.3491E+00  1.9592E+00  9.7987E-01  3.8876E-01  9.8207E-02
  1.4255E+01  1.3552E+01  1.2077E+01  8.7720E+00  6.4294E+00  1.0365E+01  1.1758E+01  1.1922E+01  1.0862E+01  8.7534E+00  6.5227E+00  4.3294E+00  2.5575E+00  1.2943E+00  5.2639E-01  1.4229E-01
  1.3514E+01  1.2338E+01  9.1655E+00  6.8154E+00  1.1941E+01  1.4652E+01  1.5805E+01  1.5465E+01  1.3406E+01  1.0918E+01  8.0023E+00  5.3389E+00  3.1550E+00  1.6094E+00  6.6434E-01  1.8670E-01
  1.0089E+01  7.4839E+00  7.0871E+00  1.3474E+01  1.7182E+01  1.9295E+01  1.9843E+01  1.8284E+01  1.5988E+01  1.2731E+01  9.3652E+00  6.2167E+00  3.6888E+00  1.8867E+00  7.8574E-01  2.2595E-01
  5.9324E+00  9.6688E+00  1.5643E+01  1.9166E+01  2.1609E+01  2.2850E+01  2.2201E+01  2.0653E+01  1.7641E+01  1.4123E+01  1.0313E+01  6.8744E+00  4.0718E+00  2.0904E+00  8.7444E-01  2.5464E-01
  1.1319E+01  1.4051E+01  1.7546E+01  2.0367E+01  2.2468E+01  2.3350E+01  2.3216E+01  2.1253E+01  1.8414E+01  1.4652E+01  1.0768E+01  7.1680E+00  4.2575E+00  2.1865E+00  9.1699E-01  2.6852E-01
  2.4145E+01  1.9398E+01  1.4980E+01  1.6312E+01  1.9504E+01  2.1425E+01  2.1993E+01  2.0475E+01  1.7930E+01  1.4358E+01  1.0594E+01  7.0711E+00  4.2071E+00  2.1628E+00  9.0733E-01  2.6551E-01
  3.0097E+01  2.5925E+01  1.8058E+01  1.4247E+01  1.6019E+01  1.8524E+01  1.9198E+01  1.8663E+01  1.6364E+01  1.3326E+01  9.8369E+00  6.6060E+00  3.9309E+00  2.0236E+00  8.4715E-01  2.4615E-01
  2.6036E+01  2.4081E+01  1.8506E+01  1.3425E+01  1.3001E+01  1.4946E+01  1.6370E+01  1.5798E+01  1.4310E+01  1.1654E+01  8.7078E+00  5.8396E+00  3.4882E+00  1.7906E+00  7.4609E-01  2.1350E-01
  2.2293E+01  2.1329E+01  1.8528E+01  1.3094E+01  1.0892E+01  1.1631E+01  1.2895E+01  1.3147E+01  1.1746E+01  9.8031E+00  7.3025E+00  4.9280E+00  2.9324E+00  1.5010E+00  6.1902E-01  1.7233E-01
  1.9329E+01  1.8605E+01  1.7207E+01  1.4005E+01  9.3343E+00  9.2251E+00  9.8069E+00  1.0165E+01  9.4916E+00  7.7936E+00  5.8962E+00  3.9511E+00  2.3482E+00  1.1907E+00  4.8243E-01  1.2819E-01
  1.6740E+01  1.6108E+01  1.5032E+01  1.3366E+01  1.0087E+01  6.7184E+00  7.6446E+00  7.5909E+00  7.2358E+00  6.0866E+00  4.5280E+00  3.0482E+00  1.7886E+00  8.9382E-01  3.5163E-01  8.6146E-02
  1.4386E+01  1.3832E+01  1.2883E+01  1.1612E+01  9.8674E+00  6.8367E+00  4.9661E+00  5.9016E+00  5.3036E+00  4.5656E+00  3.4031E+00  2.2523E+00  1.3053E+00  6.3525E-01  2.3765E-01  5.0065E-02
  1.2223E+01  1.1748E+01  1.0923E+01  9.8156E+00  8.5275E+00  6.8746E+00  4.3465E+00  3.7112E+00  4.1032E+00  3.2743E+00  2.5043E+00  1.6163E+00  9.1652E-01  4.2719E-01  1.4701E-01  2.2238E-02
  1.0246E+01  9.8458E+00  9.1447E+00  8.1999E+00  7.0989E+00  5.9297E+00  4.4936E+00  2.6004E+00  2.6605E+00  2.5261E+00  1.7667E+00  1.1557E+00  6.1928E-01  2.7440E-01  8.1416E-02  4.8204E-03
  8.4605E+00  8.1299E+00  7.5460E+00  6.7592E+00  5.8366E+00  4.8584E+00  3.8952E+00  2.7129E+00  1.5346E+00  1.7438E+00  1.3382E+00  8.0062E-01  4.2043E-01  1.6834E-01  3.9100E-02  1.0119E-02
  6.8768E+00  6.6083E+00  6.1307E+00  5.4877E+00  4.7343E+00  3.9281E+00  3.1415E+00  2.3945E+00  1.5062E+00  9.1020E-01  9.7215E-01  5.8759E-01  2.8566E-01  1.0232E-01  1.7841E-02  1.5200E-02
  5.4990E+00  5.2847E+00  4.9010E+00  4.3846E+00  3.7804E+00  3.1342E+00  2.4953E+00  1.9054E+00  1.3733E+00  7.5589E-01  5.2576E-01  4.4969E-01  2.0173E-01  6.6376E-02  1.3573E-02  1.6194E-02
  4.3245E+00  4.1564E+00  3.8535E+00  3.4460E+00  2.9696E+00  2.4608E+00  1.9575E+00  1.4861E+00  1.0867E+00  7.2440E-01  3.5035E-01  2.7120E-01  1.5920E-01  4.6140E-02  1.3595E-02  1.4677E-02
  3.3438E+00  3.2142E+00  2.9792E+00  2.6633E+00  2.2941E+00  1.9001E+00  1.5109E+00  1.1459E+00  8.2972E-01  5.7334E-01  3.4431E-01  1.5182E-01  1.1148E-01  3.6626E-02  1.2193E-02  1.1999E-02
  2.5416E+00  2.4434E+00  2.2643E+00  2.0237E+00  1.7426E+00  1.4426E+00  1.1464E+00  8.6939E-01  6.2824E-01  4.2870E-01  2.7851E-01  1.4378E-01  6.2275E-02  3.0544E-02  9.8397E-03  9.1398E-03
  1.8989E+00  1.8257E+00  1.6916E+00  1.5115E+00  1.3011E+00  1.0767E+00  8.5524E-01  6.4830E-01  4.6877E-01  3.1811E-01  2.0450E-01  1.2132E-01  5.1662E-02  2.1256E-02  7.6059E-03  6.6039E-03
  1.3944E+00  1.3408E+00  1.2421E+00  1.1096E+00  9.5492E-01  7.8998E-01  6.2717E-01  4.7512E-01  3.4326E-01  2.3320E-01  1.4803E-01  8.8998E-02  4.5670E-02  1.6123E-02  6.0431E-03  4.5658E-03
  1.0063E+00  9.6764E-01  8.9629E-01  8.0050E-01  6.8878E-01  5.6964E-01  4.5205E-01  3.4233E-01  2.4723E-01  1.6799E-01  1.0663E-01  6.2763E-02  3.4063E-02  1.4388E-02  4.7417E-03  3.0845E-03
  7.1364E-01  6.8629E-01  6.3558E-01  5.6754E-01  4.8823E-01  4.0367E-01  3.2021E-01  2.4239E-01  1.7493E-01  1.1868E-01  7.5453E-02  4.4106E-02  2.3807E-02  1.0986E-02  3.7553E-03  2.0121E-03
  4.9736E-01  4.7831E-01  4.4290E-01  3.9541E-01  3.4008E-01  2.8110E-01  2.2290E-01  1.6867E-01  1.2169E-01  8.2578E-02  5.2382E-02  3.0687E-02  1.6267E-02  7.6868E-03  2.8409E-03  1.1823E-03
  3.4062E-01  3.2758E-01  3.0328E-01  2.7070E-01  2.3277E-01  1.9235E-01  1.5246E-01  1.1533E-01  8.3168E-02  5.6370E-02  3.5789E-02  2.0950E-02  1.1068E-02  5.2464E-03  1.9583E-03  6.2789E-04
  2.2923E-01  2.2046E-01  2.0406E-01  1.8210E-01  1.5655E-01  1.2933E-01  1.0247E-01  7.7485E-02  5.5856E-02  3.7861E-02  2.3991E-02  1.4039E-02  7.4423E-03  3.4693E-03  1.3135E-03  3.5326E-04
  1.5159E-01  1.4578E-01  1.3491E-01  1.2037E-01  1.0345E-01  8.5441E-02  6.7672E-02  5.1152E-02  3.6858E-02  2.4964E-02  1.5831E-02  9.2492E-03  4.8963E-03  2.2749E-03  8.8035E-04  2.3476E-04
  9.8508E-02  9.4727E-02  8.7646E-02  7.8175E-02  6.7174E-02  5.5461E-02  4.3910E-02  3.3178E-02  2.3897E-02  1.6180E-02  1.0247E-02  5.9909E-03  3.1626E-03  1.4732E-03  5.6950E-04  1.6244E-04
  6.2901E-02  6.0481E-02  5.5946E-02  4.9887E-02  4.2856E-02  3.5372E-02  2.7993E-02  2.1144E-02  1.5222E-02  1.0300E-02  6.5242E-03  3.8090E-03  2.0150E-03  9.3308E-04  3.5901E-04  1.0503E-04
  3.9466E-02  3.7944E-02  3.5090E-02  3.1280E-02  2.6864E-02  2.2165E-02  1.7534E-02  1.3238E-02  9.5265E-03  6.4432E-03  4.0777E-03  2.3813E-03  1.2546E-03  5.8355E-04  2.2417E-04  5.8533E-05
  2.4332E-02  2.3391E-02  2.1626E-02  1.9271E-02  1.6545E-02  1.3646E-02  1.0790E-02  8.1435E-03  5.8574E-03  3.9595E-03  2.5052E-03  1.4617E-03  7.7299E-04  3.5604E-04  1.3696E-04  4.1168E-05
  1.4741E-02  1.4169E-02  1.3096E-02  1.1666E-02  1.0012E-02  8.2545E-03  6.5240E-03  4.9217E-03  3.5385E-03  2.3909E-03  1.5121E-03  8.8202E-04  4.6417E-04  2.1561E-04  8.2046E-05  3.3095E-05
  8.7754E-03  8.4332E-03  7.7920E-03  6.9385E-03  5.9526E-03  4.9054E-03  3.8749E-03  2.9220E-03  2.1004E-03  1.4192E-03  8.9760E-04  5.2328E-04  2.7598E-04  1.2723E-04  4.8372E-05  1.9053E-05
  5.1332E-03  4.9321E-03  4.5556E-03  4.0552E-03  3.4782E-03  2.8661E-03  2.2644E-03  1.7086E-03  1.2291E-03  8.3050E-04  5.2442E-04  3.0465E-04  1.5970E-04  7.3645E-05  2.8319E-05  9.2943E-06
  2.9515E-03  2.8341E-03  2.6147E-03  2.3237E-03  1.9892E-03  1.6360E-03  1.2903E-03  9.7262E-04  6.9861E-04  4.7084E-04  2.9649E-04  1.7221E-04  9.0789E-05  4.2127E-05  1.6008E-05  4.7737E-06
  1.6642E-03  1.6051E-03  1.4937E-03  1.3441E-03  1.1684E-03  9.7656E-04  7.8109E-04  5.9348E-04  4.2824E-04  2.8857E-04  1.8150E-04  1.0521E-04  5.5059E-05  2.5079E-05  9.6087E-06  3.1118E-06
