# CREATED BY GENE DIAGNOSTICS TOOL on Sat May 17 18:22:03 2025 /home/unix/ottink/gene/diagnostics
# diag: vsp1, run(s): vim010vep020, time window: 274.66-274.66327(1 steps), species: e
# original data path: /Differ/Data/IMT/lottink/RFP_nTEM/vres_scan/v1/
# normalization: L_ref=1.5m
#
# vpar
 -3.0000E+00
 -2.9048E+00
 -2.8095E+00
 -2.7143E+00
 -2.6190E+00
 -2.5238E+00
 -2.4286E+00
 -2.3333E+00
 -2.2381E+00
 -2.1429E+00
 -2.0476E+00
 -1.9524E+00
 -1.8571E+00
 -1.7619E+00
 -1.6667E+00
 -1.5714E+00
 -1.4762E+00
 -1.3810E+00
 -1.2857E+00
 -1.1905E+00
 -1.0952E+00
 -1.0000E+00
 -9.0476E-01
 -8.0952E-01
 -7.1429E-01
 -6.1905E-01
 -5.2381E-01
 -4.2857E-01
 -3.3333E-01
 -2.3810E-01
 -1.4286E-01
 -4.7619E-02
  4.7619E-02
  1.4286E-01
  2.3810E-01
  3.3333E-01
  4.2857E-01
  5.2381E-01
  6.1905E-01
  7.1429E-01
  8.0952E-01
  9.0476E-01
  1.0000E+00
  1.0952E+00
  1.1905E+00
  1.2857E+00
  1.3810E+00
  1.4762E+00
  1.5714E+00
  1.6667E+00
  1.7619E+00
  1.8571E+00
  1.9524E+00
  2.0476E+00
  2.1429E+00
  2.2381E+00
  2.3333E+00
  2.4286E+00
  2.5238E+00
  2.6190E+00
  2.7143E+00
  2.8095E+00
  2.9048E+00
  3.0000E+00


# mu
  1.8108E-02
  9.5589E-02
  2.3573E-01
  4.3989E-01
  7.1007E-01
  1.0491E+00
  1.4607E+00
  1.9499E+00
  2.5234E+00
  3.1901E+00
  3.9625E+00
  4.8582E+00
  5.9041E+00
  7.1447E+00
  8.6646E+00
  1.0681E+01


# trapped boundary
#  mu         vpar      
  1.8108E-02 -7.6321E-02
  1.8108E-02  8.8062E-02
  9.5589E-02 -1.8200E-01
  9.5589E-02  1.9374E-01
  2.3573E-01 -2.8767E-01
  2.3573E-01  2.9941E-01
  4.3989E-01 -4.0509E-01
  4.3989E-01  4.1683E-01
  7.1007E-01 -5.1076E-01
  7.1007E-01  5.2250E-01
  1.0491E+00 -6.1644E-01
  1.0491E+00  6.2818E-01
  1.4607E+00 -7.3386E-01
  1.4607E+00  7.4560E-01
  1.9499E+00 -8.5127E-01
  1.9499E+00  8.6301E-01
  2.5234E+00 -9.6869E-01
  2.5234E+00  9.8043E-01
  3.1901E+00 -1.0861E+00
  3.1901E+00  1.0978E+00
  3.9625E+00 -1.2153E+00
  3.9625E+00  1.2270E+00
  4.8582E+00 -1.3444E+00
  4.8582E+00  1.3562E+00
  5.9041E+00 -1.4736E+00
  5.9041E+00  1.4853E+00
  7.1447E+00 -1.6262E+00
  7.1447E+00  1.6380E+00
  8.6646E+00 -1.7906E+00
  8.6646E+00  1.8023E+00
  1.0681E+01 -1.9902E+00
  1.0681E+01  2.0020E+00


# , time = 274.66327, var = <|f|^2>^(1/2) , z = 0
  5.5249E-03  5.3465E-03  5.0374E-03  4.6163E-03  4.1090E-03  3.5458E-03  2.9590E-03  2.3807E-03  1.8397E-03  1.3592E-03  9.5457E-04  6.3298E-04  3.9140E-04  2.4001E-04  1.1240E-04  9.4885E-05
  1.0080E-02  9.7074E-03  9.0677E-03  8.2090E-03  7.1946E-03  6.0951E-03  4.9819E-03  3.9191E-03  2.9582E-03  2.1341E-03  1.4637E-03  9.4740E-04  5.7915E-04  3.0552E-04  2.2480E-04  2.2276E-04
  1.8084E-02  1.7423E-02  1.6289E-02  1.4767E-02  1.2972E-02  1.1026E-02  9.0545E-03  7.1671E-03  5.4519E-03  3.9695E-03  2.7513E-03  1.8046E-03  1.0944E-03  7.0557E-04  3.0349E-04  1.4182E-04
  3.1865E-02  3.0700E-02  2.8701E-02  2.6021E-02  2.2854E-02  1.9421E-02  1.5939E-02  1.2603E-02  9.5720E-03  6.9540E-03  4.8068E-03  3.1325E-03  1.9616E-03  1.0105E-03  7.5148E-04  5.1386E-04
  5.5145E-02  5.3131E-02  4.9675E-02  4.5039E-02  3.9562E-02  3.3625E-02  2.7603E-02  2.1835E-02  1.6594E-02  1.2066E-02  8.3488E-03  5.4828E-03  3.2646E-03  2.2006E-03  9.4398E-04  1.2784E-03
  9.3735E-02  9.0315E-02  8.4445E-02  7.6569E-02  6.7266E-02  5.7179E-02  4.6946E-02  3.7143E-02  2.8231E-02  2.0531E-02  1.4216E-02  9.2425E-03  5.9713E-03  3.0156E-03  2.0692E-03  1.4159E-03
  1.5650E-01  1.5079E-01  1.4100E-01  1.2786E-01  1.1234E-01  9.5507E-02  7.8429E-02  6.2066E-02  4.7188E-02  3.4331E-02  2.3754E-02  1.5740E-02  9.1932E-03  5.9870E-03  4.0041E-03  1.3261E-03
  2.5665E-01  2.4730E-01  2.3125E-01  2.0973E-01  1.8429E-01  1.5670E-01  1.2871E-01  1.0188E-01  7.7479E-02  5.6384E-02  3.9128E-02  2.5274E-02  1.6718E-02  8.9212E-03  6.3329E-03  4.0762E-03
  4.1343E-01  3.9839E-01  3.7256E-01  3.3791E-01  2.9697E-01  2.5256E-01  2.0748E-01  1.6428E-01  1.2498E-01  9.1005E-02  6.2914E-02  4.2368E-02  2.4507E-02  1.6393E-02  7.0920E-03  8.4816E-03
  6.5419E-01  6.3042E-01  5.8960E-01  5.3482E-01  4.7009E-01  3.9987E-01  3.2858E-01  2.6024E-01  1.9805E-01  1.4423E-01  1.0056E-01  6.4551E-02  4.2777E-02  2.5760E-02  2.1689E-02  1.4918E-02
  1.0169E+00  9.7998E-01  9.1660E-01  8.3155E-01  7.3104E-01  6.2196E-01  5.1122E-01  4.0502E-01  3.0837E-01  2.2488E-01  1.5516E-01  1.0559E-01  6.4655E-02  3.4716E-02  5.4459E-02  2.6455E-02
  1.5528E+00  1.4966E+00  1.3999E+00  1.2702E+00  1.1169E+00  9.5044E-01  7.8146E-01  6.1936E-01  4.7180E-01  3.4373E-01  2.4128E-01  1.5574E-01  9.8932E-02  8.5259E-02  9.3029E-02  4.3411E-02
  2.3296E+00  2.2453E+00  2.1005E+00  1.9062E+00  1.6764E+00  1.4270E+00  1.1737E+00  9.3066E-01  7.0929E-01  5.1855E-01  3.5772E-01  2.4383E-01  1.4726E-01  1.9704E-01  1.4269E-01  6.8017E-02
  3.4338E+00  3.3098E+00  3.0967E+00  2.8107E+00  2.4725E+00  2.1054E+00  1.7323E+00  1.3743E+00  1.0483E+00  7.6403E-01  5.4064E-01  3.5157E-01  3.1602E-01  3.3358E-01  2.1590E-01  1.2716E-01
  4.9733E+00  4.7940E+00  4.4860E+00  4.0725E+00  3.5835E+00  3.0525E+00  2.5128E+00  1.9946E+00  1.5221E+00  1.1177E+00  7.7872E-01  5.4116E-01  6.3567E-01  5.0052E-01  3.3015E-01  2.3812E-01
  7.0782E+00  6.8235E+00  6.3862E+00  5.7989E+00  5.1043E+00  4.3498E+00  3.5827E+00  2.8463E+00  2.1757E+00  1.5925E+00  1.1101E+00  1.0198E+00  1.0243E+00  7.4202E-01  6.1733E-01  3.8004E-01
  9.9006E+00  9.5454E+00  8.9352E+00  8.1159E+00  7.1465E+00  6.0932E+00  5.0223E+00  3.9926E+00  3.0541E+00  2.2462E+00  1.6946E+00  1.8350E+00  1.5018E+00  1.2343E+00  1.1713E+00  5.6339E-01
  1.3612E+01  1.3126E+01  1.2289E+01  1.1166E+01  9.8369E+00  8.3924E+00  6.9225E+00  5.5115E+00  4.2319E+00  3.1332E+00  2.9680E+00  2.7884E+00  2.2918E+00  2.4363E+00  1.8939E+00  8.1913E-01
  1.8400E+01  1.7745E+01  1.6619E+01  1.5106E+01  1.3315E+01  1.1369E+01  9.3889E+00  7.4875E+00  5.7545E+00  4.7485E+00  4.7035E+00  3.9572E+00  4.3158E+00  4.3134E+00  2.7885E+00  1.1482E+00
  2.4459E+01  2.3592E+01  2.2102E+01  2.0100E+01  1.7731E+01  1.5154E+01  1.2530E+01  1.0018E+01  7.9217E+00  7.3686E+00  6.4952E+00  6.8108E+00  8.0415E+00  6.5237E+00  3.9714E+00  1.5670E+00
  3.1985E+01  3.0857E+01  2.8921E+01  2.6318E+01  2.3236E+01  1.9884E+01  1.6487E+01  1.3281E+01  1.1417E+01  1.0315E+01  9.9691E+00  1.2868E+01  1.2512E+01  9.2290E+00  5.4322E+00  2.1099E+00
  4.1163E+01  3.9723E+01  3.7250E+01  3.3927E+01  2.9991E+01  2.5719E+01  2.1403E+01  1.7826E+01  1.5806E+01  1.4238E+01  1.8334E+01  2.0462E+01  1.7419E+01  1.2598E+01  7.1546E+00  2.7846E+00
  5.2171E+01  5.0364E+01  4.7263E+01  4.3094E+01  3.8165E+01  3.2839E+01  2.7699E+01  2.4069E+01  2.0951E+01  2.4147E+01  2.9393E+01  2.8022E+01  2.3401E+01  1.6370E+01  9.1951E+00  3.5979E+00
  6.5176E+01  6.2951E+01  5.9133E+01  5.4011E+01  4.7979E+01  4.1589E+01  3.5921E+01  3.0672E+01  3.0101E+01  3.7868E+01  3.9560E+01  3.6777E+01  2.9991E+01  2.0573E+01  1.1506E+01  4.5489E+00
  8.0356E+01  7.7673E+01  7.3082E+01  6.6939E+01  5.9830E+01  5.2685E+01  4.5562E+01  4.0195E+01  4.6126E+01  5.0341E+01  5.0591E+01  4.6427E+01  3.6747E+01  2.5208E+01  1.4027E+01  5.6157E+00
  9.7966E+01  9.4805E+01  8.9447E+01  8.2374E+01  7.4539E+01  6.5861E+01  5.5553E+01  5.4559E+01  5.9397E+01  6.2496E+01  6.2783E+01  5.5478E+01  4.3976E+01  2.9969E+01  1.6693E+01  6.7692E+00
  1.1861E+02  1.1494E+02  1.0896E+02  1.0166E+02  9.2992E+01  7.9680E+01  6.8912E+01  6.7974E+01  7.0741E+01  7.5825E+01  7.3161E+01  6.4726E+01  5.1040E+01  3.4755E+01  1.9376E+01  7.9583E+00
  1.4373E+02  1.3961E+02  1.3389E+02  1.2726E+02  1.1305E+02  9.2397E+01  7.9909E+01  7.7147E+01  8.3556E+01  8.6057E+01  8.3124E+01  7.3419E+01  5.7652E+01  3.9280E+01  2.1970E+01  9.1227E+00
  1.7736E+02  1.7363E+02  1.7059E+02  1.5917E+02  1.3026E+02  1.0211E+02  8.5508E+01  8.6131E+01  9.1850E+01  9.4921E+01  9.2073E+01  8.0740E+01  6.3541E+01  4.3337E+01  2.4316E+01  1.0193E+01
  2.4339E+02  2.3711E+02  2.2434E+02  1.8541E+02  1.3871E+02  1.0356E+02  8.8191E+01  8.9566E+01  9.6880E+01  1.0223E+02  9.8474E+01  8.6937E+01  6.8271E+01  4.6748E+01  2.6267E+01  1.1091E+01
  4.0977E+02  3.5045E+02  2.6793E+02  1.8746E+02  1.2976E+02  9.3917E+01  8.2129E+01  8.8518E+01  1.0098E+02  1.0610E+02  1.0398E+02  9.1075E+01  7.1910E+01  4.9162E+01  2.7707E+01  1.1750E+01
  2.9385E+02  2.9707E+02  2.0455E+02  1.3499E+02  9.0553E+01  6.7993E+01  7.1207E+01  8.8327E+01  1.0068E+02  1.0980E+02  1.0605E+02  9.3691E+01  7.3767E+01  5.0556E+01  2.8487E+01  1.2110E+01
  5.9105E+01  6.7134E+01  2.9485E+01  2.9451E+01  3.0369E+01  3.9832E+01  6.1576E+01  8.5034E+01  1.0007E+02  1.0961E+02  1.0616E+02  9.3893E+01  7.3960E+01  5.0692E+01  2.8560E+01  1.2137E+01
  1.6286E+02  1.1356E+02  6.1140E+01  2.1555E+01  1.0960E+01  3.5409E+01  5.9630E+01  8.2424E+01  1.0011E+02  1.0663E+02  1.0473E+02  9.1827E+01  7.2506E+01  4.9555E+01  2.7915E+01  1.1826E+01
  9.7077E+00  1.3304E+01  1.6888E+01  1.5699E+01  1.8160E+01  3.5343E+01  5.9670E+01  8.0310E+01  9.5200E+01  1.0304E+02  9.9993E+01  8.8260E+01  6.9232E+01  4.7346E+01  2.6575E+01  1.1204E+01
  5.6541E+01  5.0583E+01  3.5963E+01  2.2256E+01  2.5702E+01  3.8126E+01  5.5404E+01  7.5853E+01  8.9358E+01  9.5562E+01  9.3566E+01  8.2268E+01  6.4698E+01  4.4061E+01  2.4686E+01  1.0328E+01
  7.4133E+01  6.9308E+01  6.0259E+01  4.6828E+01  3.5204E+01  3.9518E+01  5.2560E+01  6.6543E+01  8.1335E+01  8.6913E+01  8.4696E+01  7.4903E+01  5.8814E+01  4.0029E+01  2.2359E+01  9.2658E+00
  8.0834E+01  7.6714E+01  6.9719E+01  5.9883E+01  4.7639E+01  3.8651E+01  4.6106E+01  5.8947E+01  6.8992E+01  7.6632E+01  7.4679E+01  6.6179E+01  5.2127E+01  3.5455E+01  1.9745E+01  8.0954E+00
  8.2093E+01  7.8432E+01  7.2165E+01  6.3751E+01  5.3619E+01  4.3026E+01  3.7766E+01  4.8128E+01  5.7975E+01  6.3084E+01  6.4037E+01  5.6723E+01  4.4930E+01  3.0575E+01  1.7012E+01  6.8890E+00
  7.9824E+01  7.6462E+01  7.0699E+01  6.3013E+01  5.3985E+01  4.4477E+01  3.5771E+01  3.3886E+01  4.4885E+01  5.0976E+01  5.1687E+01  4.7399E+01  3.7493E+01  2.5691E+01  1.4279E+01  5.7107E+00
  7.5012E+01  7.1944E+01  6.6694E+01  5.9695E+01  5.1499E+01  4.2782E+01  3.4849E+01  2.8358E+01  2.9937E+01  3.8859E+01  4.0470E+01  3.7541E+01  3.0525E+01  2.0914E+01  1.1685E+01  4.6164E+00
  6.8480E+01  6.5734E+01  6.1034E+01  5.4768E+01  4.7426E+01  3.9557E+01  3.1924E+01  2.5898E+01  2.1132E+01  2.4525E+01  3.0013E+01  2.8532E+01  2.3756E+01  1.6578E+01  9.3042E+00  3.6393E+00
  6.0945E+01  5.8533E+01  5.4407E+01  4.8903E+01  4.2449E+01  3.5520E+01  2.8610E+01  2.2662E+01  1.8471E+01  1.5558E+01  1.8901E+01  2.0748E+01  1.7601E+01  1.2700E+01  7.2023E+00  2.8034E+00
  5.2988E+01  5.0911E+01  4.7358E+01  4.2616E+01  3.7054E+01  3.1078E+01  2.5084E+01  1.9502E+01  1.5393E+01  1.2367E+01  1.0867E+01  1.3137E+01  1.2569E+01  9.2450E+00  5.4343E+00  2.1114E+00
  4.5070E+01  4.3316E+01  4.0315E+01  3.6308E+01  3.1607E+01  2.6553E+01  2.1480E+01  1.6690E+01  1.2602E+01  1.0073E+01  7.7867E+00  7.1717E+00  8.0656E+00  6.4822E+00  3.9439E+00  1.5578E+00
  3.7537E+01  3.6085E+01  3.3599E+01  3.0279E+01  2.6382E+01  2.2189E+01  1.7978E+01  1.3993E+01  1.0438E+01  7.7715E+00  6.1915E+00  4.5592E+00  4.3650E+00  4.2556E+00  2.7446E+00  1.1335E+00
  3.0633E+01  2.9453E+01  2.7433E+01  2.4734E+01  2.1565E+01  1.8155E+01  1.4728E+01  1.1481E+01  8.5689E+00  6.1375E+00  4.6381E+00  3.5163E+00  2.4862E+00  2.3949E+00  1.8484E+00  8.0362E-01
  2.4507E+01  2.3566E+01  2.1955E+01  1.9803E+01  1.7275E+01  1.4554E+01  1.1817E+01  9.2233E+00  6.8966E+00  4.9138E+00  3.4229E+00  2.6367E+00  1.8148E+00  1.2572E+00  1.1361E+00  5.5120E-01
  1.9226E+01  1.8490E+01  1.7230E+01  1.5546E+01  1.3567E+01  1.1436E+01  9.2927E+00  7.2598E+00  5.4333E+00  3.8827E+00  2.6260E+00  1.8446E+00  1.3599E+00  8.3915E-01  6.0254E-01  3.7239E-01
  1.4794E+01  1.4230E+01  1.3262E+01  1.1969E+01  1.0450E+01  8.8125E+00  7.1650E+00  5.6018E+00  4.1974E+00  2.9974E+00  2.0337E+00  1.3094E+00  9.5195E-01  6.1957E-01  3.4484E-01  2.3461E-01
  1.1169E+01  1.0744E+01  1.0015E+01  9.0405E+00  7.8951E+00  6.6608E+00  5.4182E+00  4.2387E+00  3.1782E+00  2.2755E+00  1.5406E+00  9.8159E-01  6.3025E-01  4.4213E-01  2.4664E-01  1.2875E-01
  8.2739E+00  7.9593E+00  7.4203E+00  6.6997E+00  5.8525E+00  4.9391E+00  4.0194E+00  3.1461E+00  2.3606E+00  1.6893E+00  1.1502E+00  7.3232E-01  4.3533E-01  2.9604E-01  1.7514E-01  7.3817E-02
  6.0149E+00  5.7866E+00  5.3954E+00  4.8723E+00  4.2571E+00  3.5937E+00  2.9256E+00  2.2910E+00  1.7199E+00  1.2327E+00  8.3601E-01  5.3755E-01  3.1745E-01  1.8559E-01  1.2002E-01  5.0443E-02
  4.2917E+00  4.1290E+00  3.8502E+00  3.4774E+00  3.0389E+00  2.5661E+00  2.0896E+00  1.6370E+00  1.2295E+00  8.8128E-01  6.0038E-01  3.8182E-01  2.2875E-01  1.2279E-01  7.7514E-02  3.3401E-02
  3.0056E+00  2.8918E+00  2.6968E+00  2.4360E+00  2.1292E+00  1.7983E+00  1.4648E+00  1.1479E+00  8.6251E-01  6.1869E-01  4.2059E-01  2.7086E-01  1.5939E-01  8.6603E-02  4.5770E-02  2.0936E-02
  2.0661E+00  1.9880E+00  1.8541E+00  1.6750E+00  1.4643E+00  1.2369E+00  1.0078E+00  7.8999E-01  5.9381E-01  4.2608E-01  2.9030E-01  1.8516E-01  1.1153E-01  6.0008E-02  2.8115E-02  1.3326E-02
  1.3943E+00  1.3416E+00  1.2513E+00  1.1306E+00  9.8848E-01  8.3516E-01  6.8060E-01  5.3365E-01  4.0125E-01  2.8804E-01  1.9615E-01  1.2614E-01  7.4252E-02  4.0985E-02  1.9394E-02  8.3428E-03
  9.2370E-01  8.8883E-01  8.2907E-01  7.4913E-01  6.5505E-01  5.5354E-01  4.5119E-01  3.5385E-01  2.6614E-01  1.9111E-01  1.3027E-01  8.3382E-02  5.0204E-02  2.6715E-02  1.3113E-02  4.8824E-03
  6.0076E-01  5.7810E-01  5.3926E-01  4.8731E-01  4.2616E-01  3.6017E-01  2.9362E-01  2.3032E-01  1.7327E-01  1.2446E-01  8.4838E-02  5.4489E-02  3.2261E-02  1.7907E-02  8.4594E-03  3.2313E-03
  3.8360E-01  3.6914E-01  3.4436E-01  3.1121E-01  2.7219E-01  2.3007E-01  1.8759E-01  1.4719E-01  1.1077E-01  7.9605E-02  5.4310E-02  3.4856E-02  2.0919E-02  1.1197E-02  5.5183E-03  2.1934E-03
  2.4048E-01  2.3143E-01  2.1590E-01  1.9512E-01  1.7067E-01  1.4427E-01  1.1763E-01  9.2285E-02  6.9429E-02  4.9867E-02  3.3988E-02  2.1804E-02  1.2958E-02  7.1563E-03  3.3856E-03  1.4052E-03
  1.4802E-01  1.4245E-01  1.3290E-01  1.2014E-01  1.0512E-01  8.8911E-02  7.2575E-02  5.7034E-02  4.3016E-02  3.1000E-02  2.1220E-02  1.3677E-02  8.2181E-03  4.4585E-03  2.2109E-03  1.0026E-03
  8.9445E-02  8.6043E-02  8.0205E-02  7.2388E-02  6.3180E-02  5.3242E-02  4.3233E-02  3.3740E-02  2.5224E-02  1.7989E-02  1.2167E-02  7.7438E-03  4.5777E-03  2.4916E-03  1.1858E-03  4.3925E-04
  5.3141E-02  5.1393E-02  4.8364E-02  4.4241E-02  3.9279E-02  3.3779E-02  2.8064E-02  2.2451E-02  1.7227E-02  1.2614E-02  8.7596E-03  5.7206E-03  3.4745E-03  1.9198E-03  9.5662E-04  5.1462E-04
