# CREATED BY GENE DIAGNOSTICS TOOL on Sat May 17 18:09:03 2025 /home/unix/ottink/gene/diagnostics
# diag: vsp1, run(s): vim010vep001, time window: 236-236.0826(1 steps), species: e
# original data path: /Differ/Data/IMT/lottink/Tokamak_ITG/vres_scan/v1/
# normalization: L_ref=1.65m
#
# vpar
 -3.0000E+00
 -2.9528E+00
 -2.9055E+00
 -2.8583E+00
 -2.8110E+00
 -2.7638E+00
 -2.7165E+00
 -2.6693E+00
 -2.6220E+00
 -2.5748E+00
 -2.5276E+00
 -2.4803E+00
 -2.4331E+00
 -2.3858E+00
 -2.3386E+00
 -2.2913E+00
 -2.2441E+00
 -2.1969E+00
 -2.1496E+00
 -2.1024E+00
 -2.0551E+00
 -2.0079E+00
 -1.9606E+00
 -1.9134E+00
 -1.8661E+00
 -1.8189E+00
 -1.7717E+00
 -1.7244E+00
 -1.6772E+00
 -1.6299E+00
 -1.5827E+00
 -1.5354E+00
 -1.4882E+00
 -1.4409E+00
 -1.3937E+00
 -1.3465E+00
 -1.2992E+00
 -1.2520E+00
 -1.2047E+00
 -1.1575E+00
 -1.1102E+00
 -1.0630E+00
 -1.0157E+00
 -9.6850E-01
 -9.2126E-01
 -8.7402E-01
 -8.2677E-01
 -7.7953E-01
 -7.3228E-01
 -6.8504E-01
 -6.3780E-01
 -5.9055E-01
 -5.4331E-01
 -4.9606E-01
 -4.4882E-01
 -4.0157E-01
 -3.5433E-01
 -3.0709E-01
 -2.5984E-01
 -2.1260E-01
 -1.6535E-01
 -1.1811E-01
 -7.0866E-02
 -2.3622E-02
  2.3622E-02
  7.0866E-02
  1.1811E-01
  1.6535E-01
  2.1260E-01
  2.5984E-01
  3.0709E-01
  3.5433E-01
  4.0157E-01
  4.4882E-01
  4.9606E-01
  5.4331E-01
  5.9055E-01
  6.3780E-01
  6.8504E-01
  7.3228E-01
  7.7953E-01
  8.2677E-01
  8.7402E-01
  9.2126E-01
  9.6850E-01
  1.0157E+00
  1.0630E+00
  1.1102E+00
  1.1575E+00
  1.2047E+00
  1.2520E+00
  1.2992E+00
  1.3465E+00
  1.3937E+00
  1.4409E+00
  1.4882E+00
  1.5354E+00
  1.5827E+00
  1.6299E+00
  1.6772E+00
  1.7244E+00
  1.7717E+00
  1.8189E+00
  1.8661E+00
  1.9134E+00
  1.9606E+00
  2.0079E+00
  2.0551E+00
  2.1024E+00
  2.1496E+00
  2.1969E+00
  2.2441E+00
  2.2913E+00
  2.3386E+00
  2.3858E+00
  2.4331E+00
  2.4803E+00
  2.5276E+00
  2.5748E+00
  2.6220E+00
  2.6693E+00
  2.7165E+00
  2.7638E+00
  2.8110E+00
  2.8583E+00
  2.9055E+00
  2.9528E+00
  3.0000E+00


# mu
  1.3581E-02
  7.1692E-02
  1.7680E-01
  3.2992E-01
  5.3256E-01
  7.8681E-01
  1.0955E+00
  1.4624E+00
  1.8925E+00
  2.3926E+00
  2.9718E+00
  3.6436E+00
  4.4281E+00
  5.3585E+00
  6.4984E+00
  8.0108E+00


# trapped boundary
#  mu         vpar      
  1.3581E-02 -6.4579E-02
  1.3581E-02  7.6321E-02
  7.1692E-02 -1.5851E-01
  7.1692E-02  1.7025E-01
  1.7680E-01 -2.5245E-01
  1.7680E-01  2.6419E-01
  3.2992E-01 -3.4638E-01
  3.2992E-01  3.5812E-01
  5.3256E-01 -4.4031E-01
  5.3256E-01  4.5205E-01
  7.8681E-01 -5.3425E-01
  7.8681E-01  5.4599E-01
  1.0955E+00 -6.2818E-01
  1.0955E+00  6.3992E-01
  1.4624E+00 -7.3386E-01
  1.4624E+00  7.4560E-01
  1.8925E+00 -8.2779E-01
  1.8925E+00  8.3953E-01
  2.3926E+00 -9.3346E-01
  2.3926E+00  9.4521E-01
  2.9718E+00 -1.0509E+00
  2.9718E+00  1.0626E+00
  3.6436E+00 -1.1566E+00
  3.6436E+00  1.1683E+00
  4.4281E+00 -1.2740E+00
  4.4281E+00  1.2857E+00
  5.3585E+00 -1.4031E+00
  5.3585E+00  1.4149E+00
  6.4984E+00 -1.5440E+00
  6.4984E+00  1.5558E+00
  8.0108E+00 -1.7202E+00
  8.0108E+00  1.7319E+00


# , time = 236.0826, var = <|f|^2>^(1/2) , z = 0
  5.3855E+01  5.2419E+01  4.9828E+01  4.6054E+01  4.1077E+01  3.4986E+01  2.8126E+01  2.1151E+01  1.4839E+01  9.7307E+00  5.9533E+00  3.3635E+00  1.6850E+00  1.9330E+00  1.5610E+00  7.2230E-01
  7.1242E+01  6.7513E+01  6.1206E+01  5.2973E+01  4.3652E+01  3.4139E+01  2.5232E+01  1.7530E+01  1.1417E+01  7.0227E+00  4.1160E+00  2.2709E+00  1.5466E+00  3.0374E+00  2.2710E+00  8.3586E-01
  9.3979E+01  8.9304E+01  8.1466E+01  7.1363E+01  6.0093E+01  4.8739E+01  3.8125E+01  2.8675E+01  2.0484E+01  1.3634E+01  8.3620E+00  4.7251E+00  3.1039E+00  3.6463E+00  1.6434E+00  2.9976E-01
  1.2340E+02  1.1728E+02  1.0696E+02  9.3526E+01  7.8269E+01  6.2551E+01  4.7619E+01  3.4434E+01  2.3541E+01  1.5071E+01  8.9292E+00  4.8881E+00  3.0080E+00  3.2562E+00  7.3543E-01  7.1144E-01
  1.6127E+02  1.5329E+02  1.3986E+02  1.2237E+02  1.0257E+02  8.2224E+01  6.2946E+01  4.5964E+01  3.1985E+01  2.1121E+01  1.3054E+01  7.3967E+00  4.1103E+00  2.3700E+00  1.8797E+00  9.0056E-01
  2.0976E+02  1.9942E+02  1.8199E+02  1.5929E+02  1.3355E+02  1.0706E+02  8.1852E+01  5.9480E+01  4.0917E+01  2.6521E+01  1.6065E+01  8.9594E+00  5.9150E+00  2.7077E+00  2.3504E+00  5.5282E-01
  2.7156E+02  2.5821E+02  2.3570E+02  2.0638E+02  1.7311E+02  1.3886E+02  1.0626E+02  7.7353E+01  5.3366E+01  3.4751E+01  2.1242E+01  1.2047E+01  7.9794E+00  3.8190E+00  1.9108E+00  8.8190E-01
  3.4993E+02  3.3277E+02  3.0384E+02  2.6614E+02  2.2333E+02  1.7922E+02  1.3721E+02  9.9900E+01  6.8876E+01  4.4717E+01  2.7146E+01  1.5228E+01  8.4765E+00  5.3465E+00  2.0198E+00  1.2139E+00
  4.4882E+02  4.2688E+02  3.8987E+02  3.4162E+02  2.8679E+02  2.3026E+02  1.7638E+02  1.2849E+02  8.8653E+01  5.7625E+01  3.5040E+01  1.9739E+01  1.0412E+01  6.4484E+00  3.2660E+00  7.4630E-01
  5.7301E+02  5.4508E+02  4.9796E+02  4.3648E+02  3.6659E+02  2.9447E+02  2.2567E+02  1.6447E+02  1.1352E+02  7.3791E+01  4.4832E+01  2.5248E+01  1.4422E+01  6.8712E+00  3.9689E+00  1.2605E+00
  7.2820E+02  6.9281E+02  6.3309E+02  5.5512E+02  4.6644E+02  3.7486E+02  2.8742E+02  2.0958E+02  1.4472E+02  9.4113E+01  5.7212E+01  3.2162E+01  1.8389E+01  8.1969E+00  2.9428E+00  1.8475E+00
  9.2119E+02  8.7655E+02  8.0120E+02  7.0279E+02  5.9078E+02  4.7501E+02  3.6440E+02  2.6583E+02  1.8364E+02  1.1946E+02  7.2631E+01  4.0683E+01  2.1419E+01  9.4726E+00  3.8754E+00  1.6266E+00
  1.1600E+03  1.1040E+03  1.0093E+03  8.8568E+02  7.4485E+02  5.9918E+02  4.5988E+02  3.3565E+02  2.3197E+02  1.5096E+02  9.1808E+01  5.1756E+01  2.5815E+01  1.2210E+01  5.3975E+00  2.0398E+00
  1.4541E+03  1.3840E+03  1.2657E+03  1.1111E+03  9.3483E+02  7.5239E+02  5.7776E+02  4.2189E+02  2.9170E+02  1.8990E+02  1.1552E+02  6.5368E+01  3.3526E+01  1.6150E+01  6.3469E+00  1.9090E+00
  1.8145E+03  1.7273E+03  1.5801E+03  1.3876E+03  1.1680E+03  9.4049E+02  7.2257E+02  5.2790E+02  3.6516E+02  2.3780E+02  1.4470E+02  8.0950E+01  4.3749E+01  2.0137E+01  7.3985E+00  1.9749E+00
  2.2539E+03  2.1460E+03  1.9637E+03  1.7250E+03  1.4527E+03  1.1703E+03  8.9961E+02  6.5757E+02  4.5506E+02  2.9646E+02  1.8044E+02  1.0103E+02  5.3777E+01  2.6622E+01  1.1169E+01  2.2211E+00
  2.7872E+03  2.6542E+03  2.4294E+03  2.1349E+03  1.7986E+03  1.4498E+03  1.1150E+03  8.1541E+02  5.6454E+02  3.6792E+02  2.2398E+02  1.2770E+02  6.4275E+01  2.8808E+01  1.3739E+01  2.9845E+00
  3.4313E+03  3.2681E+03  2.9920E+03  2.6303E+03  2.2170E+03  1.7879E+03  1.3758E+03  1.0066E+03  6.9724E+02  4.5457E+02  2.7681E+02  1.5667E+02  7.8353E+01  3.6238E+01  1.6928E+01  4.2354E+00
  4.2053E+03  4.0059E+03  3.6685E+03  3.2263E+03  2.7206E+03  2.1951E+03  1.6899E+03  1.2371E+03  8.5728E+02  5.5912E+02  3.4063E+02  1.8934E+02  9.8116E+01  4.3135E+01  1.9987E+01  5.2961E+00
  5.1310E+03  4.8885E+03  4.4780E+03  3.9396E+03  3.3236E+03  2.6830E+03  2.0666E+03  1.5136E+03  1.0494E+03  6.8465E+02  4.1721E+02  2.3556E+02  1.2358E+02  5.4814E+01  2.2176E+01  6.3549E+00
  6.2329E+03  5.9392E+03  5.4419E+03  4.7894E+03  4.0423E+03  3.2647E+03  2.5161E+03  1.8437E+03  1.2788E+03  8.3466E+02  5.0850E+02  2.9154E+02  1.4992E+02  6.9230E+01  2.5765E+01  7.1565E+00
  7.5382E+03  7.1840E+03  6.5842E+03  5.7968E+03  4.8947E+03  3.9551E+03  3.0497E+03  2.2359E+03  1.5515E+03  1.0130E+03  6.1775E+02  3.4804E+02  1.7832E+02  8.6293E+01  3.1684E+01  8.6143E+00
  9.0770E+03  8.6518E+03  7.9314E+03  6.9853E+03  5.9008E+03  4.7704E+03  3.6802E+03  2.6994E+03  1.8740E+03  1.2241E+03  7.4736E+02  4.1708E+02  2.1412E+02  1.0732E+02  3.9867E+01  1.0755E+01
  1.0883E+04  1.0374E+04  9.5127E+03  8.3808E+03  7.0825E+03  5.7284E+03  4.4215E+03  3.2448E+03  2.2536E+03  1.4726E+03  8.9759E+02  5.0562E+02  2.5634E+02  1.2630E+02  4.7463E+01  1.4035E+01
  1.2992E+04  1.2386E+04  1.1360E+04  1.0011E+04  8.4639E+03  6.8488E+03  5.2888E+03  3.8831E+03  2.6981E+03  1.7637E+03  1.0749E+03  6.1750E+02  3.1334E+02  1.4596E+02  5.5117E+01  1.6777E+01
  1.5443E+04  1.4725E+04  1.3508E+04  1.1908E+04  1.0071E+04  8.1527E+03  6.2986E+03  4.6267E+03  3.2162E+03  2.1032E+03  1.2877E+03  7.2654E+02  3.8080E+02  1.7129E+02  6.4865E+01  1.9670E+01
  1.8279E+04  1.7431E+04  1.5993E+04  1.4103E+04  1.1931E+04  9.6626E+03  7.4686E+03  5.4886E+03  3.8170E+03  2.4973E+03  1.5278E+03  8.5943E+02  4.6342E+02  2.0696E+02  8.1087E+01  2.1109E+01
  2.1546E+04  2.0548E+04  1.8856E+04  1.6631E+04  1.4075E+04  1.1403E+04  8.8174E+03  6.4827E+03  4.5103E+03  2.9518E+03  1.7944E+03  1.0065E+03  5.4100E+02  2.4476E+02  1.0278E+02  2.2227E+01
  2.5291E+04  2.4122E+04  2.2138E+04  1.9529E+04  1.6532E+04  1.3399E+04  1.0365E+04  7.6236E+03  5.3064E+03  3.4745E+03  2.1293E+03  1.2050E+03  6.2066E+02  2.8490E+02  1.2198E+02  2.3094E+01
  2.9566E+04  2.8200E+04  2.5883E+04  2.2837E+04  1.9337E+04  1.5676E+04  1.2131E+04  8.9265E+03  6.2156E+03  4.0703E+03  2.5040E+03  1.4327E+03  7.1970E+02  3.4109E+02  1.3655E+02  2.4298E+01
  3.4423E+04  3.2833E+04  3.0137E+04  2.6593E+04  2.2521E+04  1.8263E+04  1.4138E+04  1.0407E+04  7.2501E+03  4.7560E+03  2.9145E+03  1.6860E+03  8.6165E+02  4.2712E+02  1.4084E+02  2.6713E+01
  3.9917E+04  3.8073E+04  3.4948E+04  3.0840E+04  2.6121E+04  2.1187E+04  1.6406E+04  1.2081E+04  8.4178E+03  5.5131E+03  3.3456E+03  1.9232E+03  1.0131E+03  5.1845E+02  1.4052E+02  2.9946E+01
  4.6103E+04  4.3972E+04  4.0362E+04  3.5618E+04  3.0171E+04  2.4475E+04  1.8956E+04  1.3964E+04  9.7387E+03  6.3942E+03  3.9286E+03  2.2084E+03  1.1942E+03  5.7685E+02  1.4019E+02  3.4210E+01
  5.3039E+04  5.0585E+04  4.6428E+04  4.0969E+04  3.4704E+04  2.8155E+04  2.1811E+04  1.6071E+04  1.1203E+04  7.3597E+03  4.5645E+03  2.5932E+03  1.4521E+03  5.8924E+02  1.4386E+02  3.9164E+01
  6.0779E+04  5.7963E+04  5.3194E+04  4.6935E+04  3.9754E+04  3.2254E+04  2.4990E+04  1.8420E+04  1.2865E+04  8.4584E+03  5.2262E+03  3.0697E+03  1.7401E+03  5.6258E+02  1.5575E+02  4.4126E+01
  6.9380E+04  6.6157E+04  6.0705E+04  5.3553E+04  4.5355E+04  3.6796E+04  2.8512E+04  2.1016E+04  1.4658E+04  9.5946E+03  5.9670E+03  3.5684E+03  1.9103E+03  5.3192E+02  1.7299E+02  4.9546E+01
  7.8892E+04  7.5218E+04  6.9005E+04  6.0861E+04  5.1535E+04  4.1806E+04  3.2396E+04  2.3897E+04  1.6708E+04  1.0962E+04  6.9339E+03  4.2177E+03  1.8655E+03  5.2803E+02  1.9380E+02  5.4962E+01
  8.9364E+04  8.5189E+04  7.8134E+04  6.8894E+04  5.8322E+04  4.7304E+04  3.6656E+04  2.7020E+04  1.8887E+04  1.2553E+04  8.0582E+03  4.8953E+03  1.6844E+03  5.5294E+02  2.1628E+02  6.0621E+01
  1.0084E+05  9.6112E+04  8.8128E+04  7.7680E+04  6.5739E+04  5.3308E+04  4.1308E+04  3.0498E+04  2.1261E+04  1.4321E+04  9.2629E+03  5.1563E+03  1.5197E+03  6.0554E+02  2.3725E+02  6.7049E+01
  1.1335E+05  1.0802E+05  9.9015E+04  8.7244E+04  7.3805E+04  5.9833E+04  4.6355E+04  3.4182E+04  2.3874E+04  1.6327E+04  1.0594E+04  4.6973E+03  1.4688E+03  6.6702E+02  2.5862E+02  7.3382E+01
  1.2693E+05  1.2094E+05  1.1082E+05  9.7604E+04  8.2536E+04  6.6888E+04  5.1827E+04  3.8248E+04  2.6872E+04  1.8640E+04  1.1728E+04  3.8857E+03  1.5438E+03  7.2533E+02  2.8062E+02  8.0601E+01
  1.4159E+05  1.3488E+05  1.2355E+05  1.0877E+05  9.1936E+04  7.4483E+04  5.7670E+04  4.2548E+04  3.0473E+04  2.1001E+04  1.1440E+04  3.4153E+03  1.6711E+03  7.8069E+02  3.0225E+02  8.7768E+01
  1.5733E+05  1.4984E+05  1.3721E+05  1.2074E+05  1.0201E+05  8.2600E+04  6.4007E+04  4.7083E+04  3.4339E+04  2.3196E+04  9.2365E+03  3.4049E+03  1.7994E+03  8.3262E+02  3.2665E+02  9.4862E+01
  1.7415E+05  1.6582E+05  1.5179E+05  1.3352E+05  1.1275E+05  9.1279E+04  7.0590E+04  5.2422E+04  3.8261E+04  2.3689E+04  6.9809E+03  3.6031E+03  1.9109E+03  8.8136E+02  3.5013E+02  1.0265E+02
  1.9199E+05  1.8278E+05  1.6727E+05  1.4707E+05  1.2413E+05  1.0041E+05  7.7701E+04  5.8435E+04  4.2136E+04  1.9962E+04  6.5546E+03  3.8300E+03  2.0017E+03  9.3537E+02  3.7309E+02  1.0945E+02
  2.1083E+05  2.0069E+05  1.8361E+05  1.6138E+05  1.3615E+05  1.1014E+05  8.5124E+04  6.4956E+04  4.3559E+04  1.3706E+04  6.9251E+03  3.9789E+03  2.0784E+03  9.8542E+02  3.9741E+02  1.1737E+02
  2.3057E+05  2.1946E+05  2.0074E+05  1.7638E+05  1.4873E+05  1.2015E+05  9.3344E+04  7.1081E+04  3.7793E+04  1.0802E+04  7.0956E+03  4.0639E+03  2.1607E+03  1.0323E+03  4.1693E+02  1.2441E+02
  2.5114E+05  2.3902E+05  2.1861E+05  1.9203E+05  1.6188E+05  1.3071E+05  1.0290E+05  7.3631E+04  2.5329E+04  1.1953E+04  7.2122E+03  4.1094E+03  2.2329E+03  1.0813E+03  4.3974E+02  1.3158E+02
  2.7240E+05  2.5925E+05  2.3710E+05  2.0823E+05  1.7542E+05  1.4171E+05  1.1249E+05  6.4503E+04  1.6477E+04  1.2085E+04  7.1083E+03  4.1615E+03  2.2909E+03  1.1145E+03  4.5817E+02  1.3881E+02
  2.9421E+05  2.8003E+05  2.5610E+05  2.2488E+05  1.8942E+05  1.5398E+05  1.1627E+05  4.2377E+04  1.7736E+04  1.1123E+04  6.9406E+03  4.2130E+03  2.3490E+03  1.1527E+03  4.7585E+02  1.4448E+02
  3.1643E+05  3.0119E+05  2.7547E+05  2.4189E+05  2.0365E+05  1.6722E+05  1.0123E+05  2.3803E+04  1.9102E+04  1.0887E+04  6.9249E+03  4.2179E+03  2.3605E+03  1.1784E+03  4.9322E+02  1.5090E+02
  3.3885E+05  3.2257E+05  2.9505E+05  2.5903E+05  2.1882E+05  1.7249E+05  6.4379E+04  2.2616E+04  1.5144E+04  1.0019E+04  6.7952E+03  4.2119E+03  2.3674E+03  1.1951E+03  5.0392E+02  1.5547E+02
  3.6132E+05  3.4400E+05  3.1468E+05  2.7628E+05  2.3483E+05  1.4692E+05  3.2322E+04  2.7556E+04  1.3802E+04  9.8135E+03  6.6238E+03  4.0939E+03  2.3486E+03  1.2125E+03  5.1698E+02  1.6049E+02
  3.8368E+05  3.6532E+05  3.3420E+05  2.9409E+05  2.4070E+05  8.3993E+04  2.7766E+04  1.9915E+04  1.3083E+04  9.5948E+03  6.2453E+03  3.9330E+03  2.3010E+03  1.2110E+03  5.2475E+02  1.6491E+02
  4.0584E+05  3.8643E+05  3.5354E+05  3.1247E+05  2.0217E+05  4.3297E+04  3.6621E+04  1.4706E+04  1.1301E+04  7.9746E+03  5.6316E+03  3.7650E+03  2.2671E+03  1.2145E+03  5.3293E+02  1.6881E+02
  4.2786E+05  4.0739E+05  3.7325E+05  3.1836E+05  1.1261E+05  3.5479E+04  2.8444E+04  1.6651E+04  1.1770E+04  7.1240E+03  5.0866E+03  3.5515E+03  2.2127E+03  1.2113E+03  5.4069E+02  1.7256E+02
  4.5008E+05  4.2853E+05  3.9443E+05  2.6158E+05  5.9475E+04  4.8081E+04  1.8381E+04  1.3310E+04  8.7092E+03  5.7695E+03  4.5286E+03  3.3683E+03  2.1644E+03  1.2047E+03  5.4638E+02  1.7598E+02
  4.7314E+05  4.5095E+05  3.9876E+05  1.2450E+05  5.1228E+04  4.6888E+04  2.4538E+04  1.3563E+04  6.4444E+03  4.6679E+03  4.0934E+03  3.1708E+03  2.1183E+03  1.1947E+03  5.4787E+02  1.7703E+02
  4.9818E+05  4.7626E+05  3.1088E+05  9.6795E+04  7.0152E+04  3.4307E+04  2.8175E+04  1.6638E+04  7.6266E+03  4.1981E+03  3.5245E+03  2.9562E+03  2.0697E+03  1.1880E+03  5.5379E+02  1.8058E+02
  5.2622E+05  4.8171E+05  1.4968E+05  7.4750E+04  8.0576E+04  4.4511E+04  2.5166E+04  1.7914E+04  7.0273E+03  2.9665E+03  3.0451E+03  2.7299E+03  1.9824E+03  1.1501E+03  5.4298E+02  1.7840E+02
  5.5766E+05  3.6455E+05  1.3736E+05  1.0781E+05  6.7594E+04  6.4704E+04  3.9645E+04  1.7430E+04  7.0900E+03  2.7998E+03  2.6727E+03  2.6079E+03  1.9660E+03  1.1573E+03  5.5299E+02  1.8284E+02
  5.6430E+05  1.9551E+05  1.2538E+05  1.5875E+05  1.0320E+05  4.5383E+04  3.4962E+04  2.1609E+04  1.0013E+04  3.2088E+03  2.3726E+03  2.3784E+03  1.8527E+03  1.1124E+03  5.4038E+02  1.8061E+02
  4.0618E+05  1.9784E+05  2.4456E+05  1.0981E+05  1.1067E+05  7.9176E+04  4.2910E+04  1.7879E+04  8.0053E+03  3.0798E+03  2.2455E+03  2.4391E+03  1.9109E+03  1.1526E+03  5.6000E+02  1.8703E+02
  2.6574E+05  2.9733E+05  1.5923E+05  2.1047E+05  1.1959E+05  5.2486E+04  4.4421E+04  2.3539E+04  8.9580E+03  1.7649E+03  2.2478E+03  2.6476E+03  2.0455E+03  1.2311E+03  5.9522E+02  1.9833E+02
  2.3566E+05  2.9204E+05  1.4979E+05  2.0760E+05  1.1754E+05  4.8553E+04  4.4490E+04  2.4380E+04  9.8421E+03  2.4417E+03  1.5487E+03  2.1279E+03  1.6947E+03  1.0431E+03  5.1142E+02  1.7147E+02
  3.2253E+05  1.9504E+05  2.4668E+05  1.0331E+05  1.1061E+05  7.7185E+04  4.1842E+04  1.6654E+04  7.0736E+03  2.6858E+03  2.1762E+03  2.4691E+03  1.8606E+03  1.1295E+03  5.4690E+02  1.8222E+02
  5.0429E+05  2.2805E+05  1.1882E+05  1.5811E+05  1.0380E+05  4.4315E+04  3.6027E+04  2.2024E+04  9.3296E+03  2.6756E+03  2.5489E+03  2.7173E+03  1.9812E+03  1.1873E+03  5.6787E+02  1.8783E+02
  5.1780E+05  3.3273E+05  1.4495E+05  1.0950E+05  6.9895E+04  6.5381E+04  3.8362E+04  1.7252E+04  6.8383E+03  2.5260E+03  2.5589E+03  2.6788E+03  1.9289E+03  1.1575E+03  5.5407E+02  1.8374E+02
  4.9725E+05  4.4453E+05  1.6766E+05  7.4584E+04  8.3365E+04  4.6286E+04  2.4661E+04  1.7818E+04  7.0603E+03  2.8125E+03  2.9369E+03  2.8307E+03  1.9983E+03  1.1855E+03  5.6265E+02  1.8586E+02
  4.7625E+05  4.5078E+05  2.8751E+05  1.0386E+05  7.1379E+04  3.5283E+04  2.8840E+04  1.6384E+04  6.8135E+03  3.8386E+03  3.4324E+03  2.9672E+03  2.0120E+03  1.1675E+03  5.4752E+02  1.8017E+02
  4.5627E+05  4.3258E+05  3.7487E+05  1.2595E+05  4.8654E+04  4.9543E+04  2.3334E+04  1.2768E+04  6.3110E+03  4.4420E+03  4.0025E+03  3.1598E+03  2.0828E+03  1.1838E+03  5.4822E+02  1.7966E+02
  4.3695E+05  4.1452E+05  3.7772E+05  2.4469E+05  6.3668E+04  4.4828E+04  1.8488E+04  1.2913E+04  8.1846E+03  5.4582E+03  4.4379E+03  3.3579E+03  2.1570E+03  1.1953E+03  5.4203E+02  1.7556E+02
  4.1793E+05  3.9685E+05  3.6147E+05  3.0285E+05  1.1192E+05  3.3608E+04  2.8517E+04  1.4977E+04  1.0772E+04  6.7554E+03  4.9568E+03  3.5153E+03  2.2138E+03  1.2046E+03  5.3791E+02  1.7309E+02
  3.9884E+05  3.7901E+05  3.4531E+05  3.0214E+05  1.9144E+05  4.4396E+04  3.4283E+04  1.3691E+04  1.0702E+04  7.5830E+03  5.4227E+03  3.6476E+03  2.2443E+03  1.2075E+03  5.3266E+02  1.6996E+02
  3.7954E+05  3.6088E+05  3.2921E+05  2.8802E+05  2.3202E+05  8.0624E+04  2.6325E+04  1.9463E+04  1.2260E+04  9.1153E+03  5.9992E+03  3.8262E+03  2.2830E+03  1.2058E+03  5.2426E+02  1.6601E+02
  3.5998E+05  3.4244E+05  3.1272E+05  2.7356E+05  2.3010E+05  1.4124E+05  3.0898E+04  2.6147E+04  1.3089E+04  9.4749E+03  6.4861E+03  4.0120E+03  2.3012E+03  1.1890E+03  5.1142E+02  1.6147E+02
  3.4019E+05  3.2372E+05  2.9583E+05  2.5922E+05  2.1772E+05  1.6851E+05  6.2166E+04  2.1201E+04  1.4820E+04  9.6914E+03  6.6291E+03  4.1291E+03  2.3293E+03  1.1815E+03  5.0039E+02  1.5645E+02
  3.2026E+05  3.0481E+05  2.7867E+05  2.4433E+05  2.0509E+05  1.6626E+05  9.8301E+04  2.2336E+04  1.8379E+04  1.0568E+04  6.7801E+03  4.1993E+03  2.3499E+03  1.1648E+03  4.8387E+02  1.4995E+02
  3.0032E+05  2.8586E+05  2.6138E+05  2.2932E+05  1.9243E+05  1.5525E+05  1.1485E+05  4.1153E+04  1.6700E+04  1.0966E+04  6.8547E+03  4.1687E+03  2.3186E+03  1.1437E+03  4.7091E+02  1.4437E+02
  2.8048E+05  2.6697E+05  2.4411E+05  2.1416E+05  1.7998E+05  1.4434E+05  1.1269E+05  6.2951E+04  1.5738E+04  1.1765E+04  7.0295E+03  4.1169E+03  2.2822E+03  1.1212E+03  4.5562E+02  1.3733E+02
  2.6086E+05  2.4827E+05  2.2698E+05  1.9911E+05  1.6724E+05  1.3422E+05  1.0402E+05  7.2704E+04  2.4846E+04  1.1481E+04  7.1455E+03  4.0979E+03  2.2118E+03  1.0768E+03  4.3737E+02  1.3113E+02
  2.4157E+05  2.2989E+05  2.1013E+05  1.8427E+05  1.5478E+05  1.2419E+05  9.5271E+04  7.0949E+04  3.6941E+04  1.0494E+04  6.9847E+03  4.0498E+03  2.1412E+03  1.0354E+03  4.2028E+02  1.2452E+02
  2.2274E+05  2.1193E+05  1.9366E+05  1.6976E+05  1.4252E+05  1.1435E+05  8.7450E+04  6.5357E+04  4.2725E+04  1.3590E+04  6.7571E+03  3.9553E+03  2.0799E+03  9.8493E+02  3.9622E+02  1.1722E+02
  2.0447E+05  1.9451E+05  1.7768E+05  1.5568E+05  1.3064E+05  1.0480E+05  7.9980E+04  5.9006E+04  4.1559E+04  1.9582E+04  6.4466E+03  3.7898E+03  2.0008E+03  9.3500E+02  3.7462E+02  1.1063E+02
  1.8686E+05  1.7771E+05  1.6228E+05  1.4212E+05  1.1920E+05  9.5557E+04  7.3171E+04  5.3156E+04  3.7982E+04  2.3035E+04  6.9806E+03  3.5500E+03  1.9061E+03  8.8981E+02  3.5052E+02  1.0254E+02
  1.6998E+05  1.6163E+05  1.4754E+05  1.2915E+05  1.0827E+05  8.6768E+04  6.6219E+04  4.8137E+04  3.4221E+04  2.2629E+04  9.1338E+03  3.3745E+03  1.7900E+03  8.3816E+02  3.2709E+02  9.5528E+01
  1.5391E+05  1.4632E+05  1.3352E+05  1.1683E+05  9.7894E+04  7.8410E+04  5.9969E+04  4.3558E+04  3.0511E+04  2.0543E+04  1.1114E+04  3.4364E+03  1.6564E+03  7.8452E+02  3.0570E+02  8.7913E+01
  1.3872E+05  1.3185E+05  1.2027E+05  1.0520E+05  8.8110E+04  7.0550E+04  5.3856E+04  3.9083E+04  2.7017E+04  1.8335E+04  1.1351E+04  3.8766E+03  1.5408E+03  7.2646E+02  2.8276E+02  8.0839E+01
  1.2444E+05  1.1826E+05  1.0784E+05  9.4290E+04  7.8944E+04  6.3188E+04  4.8267E+04  3.5139E+04  2.4068E+04  1.6246E+04  1.0306E+04  4.5974E+03  1.4875E+03  6.6380E+02  2.6083E+02  7.4323E+01
  1.1111E+05  1.0557E+05  9.6246E+04  8.4124E+04  7.0410E+04  5.6344E+04  4.3016E+04  3.1210E+04  2.1546E+04  1.4250E+04  9.0554E+03  5.0057E+03  1.5281E+03  6.0684E+02  2.3831E+02  6.7639E+01
  9.8742E+04  9.3805E+04  8.5500E+04  7.4710E+04  6.2514E+04  5.0016E+04  3.8188E+04  2.7777E+04  1.9122E+04  1.2489E+04  7.9458E+03  4.7466E+03  1.6723E+03  5.6197E+02  2.1520E+02  6.1648E+01
  8.7340E+04  8.2963E+04  7.5601E+04  6.6045E+04  5.5252E+04  4.4201E+04  3.3745E+04  2.4510E+04  1.6899E+04  1.0962E+04  6.8948E+03  4.1184E+03  1.8288E+03  5.3530E+02  1.9422E+02  5.5513E+01
  7.6894E+04  7.3032E+04  6.6540E+04  5.8118E+04  4.8614E+04  3.8888E+04  2.9691E+04  2.1587E+04  1.4893E+04  9.6489E+03  5.9703E+03  3.5269E+03  1.8560E+03  5.3844E+02  1.7483E+02  4.9607E+01
  6.7381E+04  6.3990E+04  5.8294E+04  5.0909E+04  4.2580E+04  3.4061E+04  2.6009E+04  1.8906E+04  1.3028E+04  8.5056E+03  5.2171E+03  3.0498E+03  1.7044E+03  5.5890E+02  1.5864E+02  4.4235E+01
  5.8770E+04  5.5809E+04  5.0836E+04  4.4392E+04  3.7127E+04  2.9701E+04  2.2683E+04  1.6496E+04  1.1386E+04  7.4011E+03  4.5314E+03  2.5940E+03  1.4330E+03  5.7636E+02  1.4826E+02  3.9029E+01
  5.1022E+04  4.8449E+04  4.4129E+04  3.8533E+04  3.2228E+04  2.5784E+04  1.9697E+04  1.4327E+04  9.8832E+03  6.4472E+03  3.9200E+03  2.2270E+03  1.1891E+03  5.6679E+02  1.4158E+02  3.4606E+01
  4.4091E+04  4.1866E+04  3.8133E+04  3.3297E+04  2.7850E+04  2.2286E+04  1.7028E+04  1.2391E+04  8.5548E+03  5.5664E+03  3.3821E+03  1.9407E+03  1.0195E+03  5.1015E+02  1.4011E+02  3.0807E+01
  3.7926E+04  3.6013E+04  3.2801E+04  2.8643E+04  2.3961E+04  1.9177E+04  1.4657E+04  1.0669E+04  7.3673E+03  4.8015E+03  2.9397E+03  1.6832E+03  8.6739E+02  4.2639E+02  1.3922E+02  2.7443E+01
  3.2475E+04  3.0837E+04  2.8088E+04  2.4529E+04  2.0523E+04  1.6429E+04  1.2561E+04  9.1471E+03  6.3194E+03  4.1191E+03  2.5087E+03  1.4268E+03  7.2902E+02  3.4320E+02  1.3339E+02  2.5170E+01
  2.7681E+04  2.6285E+04  2.3944E+04  2.0913E+04  1.7500E+04  1.4013E+04  1.0718E+04  7.8081E+03  5.3964E+03  3.5186E+03  2.1579E+03  1.2131E+03  6.3394E+02  2.8628E+02  1.2170E+02  2.3153E+01
  2.3488E+04  2.2305E+04  2.0320E+04  1.7751E+04  1.4857E+04  1.1901E+04  9.1055E+03  6.6362E+03  4.5884E+03  2.9926E+03  1.8209E+03  1.0225E+03  5.4562E+02  2.4716E+02  1.0217E+02  2.1936E+01
  1.9841E+04  1.8843E+04  1.7168E+04  1.5000E+04  1.2558E+04  1.0062E+04  7.7020E+03  5.6157E+03  3.8845E+03  2.5344E+03  1.5477E+03  8.7704E+02  4.6274E+02  2.0969E+02  8.1864E+01  2.0812E+01
  1.6685E+04  1.5847E+04  1.4440E+04  1.2619E+04  1.0568E+04  8.4710E+03  6.4866E+03  4.7315E+03  3.2743E+03  2.1372E+03  1.3050E+03  7.3848E+02  3.8371E+02  1.7540E+02  6.5325E+01  1.9090E+01
  1.3969E+04  1.3268E+04  1.2093E+04  1.0570E+04  8.8549E+03  7.1004E+03  5.4393E+03  3.9693E+03  2.7479E+03  1.7942E+03  1.0971E+03  6.2262E+02  3.1865E+02  1.5008E+02  5.4794E+01  1.7082E+01
  1.1643E+04  1.1060E+04  1.0082E+04  8.8150E+03  7.3870E+03  5.9256E+03  4.5413E+03  3.3154E+03  2.2962E+03  1.4997E+03  9.1584E+02  5.1728E+02  2.6320E+02  1.2659E+02  4.7733E+01  1.4062E+01
  9.6618E+03  9.1791E+03  8.3689E+03  7.3193E+03  6.1356E+03  4.9238E+03  3.7751E+03  2.7573E+03  1.9104E+03  1.2481E+03  7.6244E+02  4.2981E+02  2.2011E+02  1.0669E+02  4.0539E+01  1.1263E+01
  7.9826E+03  7.5847E+03  6.9166E+03  6.0509E+03  5.0742E+03  4.0736E+03  3.1246E+03  2.2831E+03  1.5824E+03  1.0342E+03  6.3220E+02  3.5662E+02  1.8536E+02  8.7721E+01  3.3310E+01  8.7262E+00
  6.5664E+03  6.2399E+03  5.6915E+03  4.9806E+03  4.1781E+03  3.3556E+03  2.5750E+03  1.8823E+03  1.3051E+03  8.5321E+02  5.2164E+02  2.9533E+02  1.5236E+02  7.0184E+01  2.7418E+01  6.9507E+00
  5.3780E+03  5.1112E+03  4.6630E+03  4.0818E+03  3.4254E+03  2.7522E+03  2.1129E+03  1.5451E+03  1.0717E+03  7.0080E+02  4.2846E+02  2.4241E+02  1.2576E+02  5.6652E+01  2.2783E+01  6.0845E+00
  4.3855E+03  4.1685E+03  3.8038E+03  3.3307E+03  2.7962E+03  2.2476E+03  1.7261E+03  1.2628E+03  8.7617E+02  5.7310E+02  3.5045E+02  1.9808E+02  1.0132E+02  4.5473E+01  1.9842E+01  5.2906E+00
  3.5607E+03  3.3850E+03  3.0896E+03  2.7061E+03  2.2727E+03  1.8275E+03  1.4041E+03  1.0276E+03  7.1319E+02  4.6660E+02  2.8538E+02  1.6118E+02  8.2384E+01  3.7911E+01  1.6970E+01  4.3867E+00
  2.8785E+03  2.7368E+03  2.4985E+03  2.1891E+03  1.8392E+03  1.4795E+03  1.1372E+03  8.3251E+02  5.7798E+02  3.7823E+02  2.3137E+02  1.3060E+02  6.7305E+01  3.0842E+01  1.2999E+01  3.3574E+00
  2.3170E+03  2.2032E+03  2.0119E+03  1.7633E+03  1.4819E+03  1.1926E+03  9.1697E+02  6.7155E+02  4.6636E+02  3.0525E+02  1.8674E+02  1.0558E+02  5.4006E+01  2.5786E+01  1.0492E+01  2.5698E+00
  1.8570E+03  1.7660E+03  1.6130E+03  1.4141E+03  1.1889E+03  9.5712E+02  7.3620E+02  5.3934E+02  3.7464E+02  2.4526E+02  1.5005E+02  8.4918E+01  4.3828E+01  1.9745E+01  8.5417E+00  2.3096E+00
  1.4819E+03  1.4095E+03  1.2876E+03  1.1292E+03  9.4968E+02  7.6482E+02  5.8850E+02  4.3126E+02  2.9964E+02  1.9619E+02  1.2004E+02  6.7819E+01  3.5072E+01  1.6517E+01  6.5201E+00  2.2063E+00
  1.1774E+03  1.1200E+03  1.0235E+03  8.9779E+02  7.5531E+02  6.0850E+02  4.6838E+02  3.4333E+02  2.3860E+02  1.5625E+02  9.5610E+01  5.3988E+01  2.7586E+01  1.2480E+01  4.7910E+00  2.0563E+00
  9.3151E+02  8.8622E+02  8.0997E+02  7.1071E+02  5.9812E+02  4.8203E+02  3.7114E+02  2.7213E+02  1.8916E+02  1.2388E+02  7.5805E+01  4.2848E+01  2.2034E+01  9.9089E+00  4.5263E+00  1.6033E+00
  7.3378E+02  6.9819E+02  6.3824E+02  5.6019E+02  4.7159E+02  3.8018E+02  2.9281E+02  2.1475E+02  1.4930E+02  9.7792E+01  5.9849E+01  3.3849E+01  1.7338E+01  7.9720E+00  3.0832E+00  1.2210E+00
  5.7553E+02  5.4768E+02  5.0076E+02  4.3963E+02  3.7022E+02  2.9855E+02  2.3000E+02  1.6873E+02  1.1732E+02  7.6842E+01  4.7014E+01  2.6546E+01  1.3487E+01  6.2555E+00  2.8745E+00  1.3177E+00
  4.4946E+02  4.2776E+02  3.9119E+02  3.4353E+02  2.8937E+02  2.3342E+02  1.7988E+02  1.3198E+02  9.1791E+01  6.0144E+01  3.6829E+01  2.0820E+01  1.0880E+01  5.1034E+00  2.1862E+00  1.0759E+00
  3.4950E+02  3.3266E+02  3.0428E+02  2.6727E+02  2.2520E+02  1.8170E+02  1.4006E+02  1.0278E+02  7.1465E+01  4.6787E+01  2.8575E+01  1.6060E+01  8.2466E+00  3.8455E+00  1.8810E+00  7.8732E-01
  2.7060E+02  2.5759E+02  2.3565E+02  2.0704E+02  1.7449E+02  1.4083E+02  1.0859E+02  7.9723E+01  5.5499E+01  3.6420E+01  2.2331E+01  1.2642E+01  6.4003E+00  3.0871E+00  1.3372E+00  5.3442E-01
  2.0861E+02  1.9860E+02  1.8172E+02  1.5969E+02  1.3461E+02  1.0866E+02  8.3764E+01  6.1431E+01  4.2625E+01  2.7755E+01  1.6785E+01  9.3554E+00  4.8380E+00  2.2376E+00  9.9248E-01  5.3354E-01
  1.6012E+02  1.5246E+02  1.3952E+02  1.2264E+02  1.0342E+02  8.3551E+01  6.4537E+01  4.7539E+01  3.3254E+01  2.1941E+01  1.3551E+01  7.7694E+00  4.1229E+00  1.8119E+00  9.1913E-01  4.2956E-01
  1.2238E+02  1.1653E+02  1.0665E+02  9.3736E+01  7.8979E+01  6.3625E+01  4.8801E+01  3.5427E+01  2.4179E+01  1.5440E+01  9.2244E+00  5.1483E+00  2.5843E+00  1.3624E+00  6.2195E-01  4.8623E-01
  9.3134E+01  8.8697E+01  8.1242E+01  7.1580E+01  6.0685E+01  4.9509E+01  3.8820E+01  2.9145E+01  2.0820E+01  1.4041E+01  8.8401E+00  5.0830E+00  2.6347E+00  1.2898E+00  5.6775E-01  2.9908E-01
  7.0541E+01  6.6979E+01  6.0895E+01  5.2838E+01  4.3578E+01  3.4040E+01  2.5137E+01  1.7551E+01  1.1602E+01  7.2986E+00  4.3616E+00  2.4223E+00  1.2757E+00  7.0801E-01  5.0445E-01  2.6991E-01
  5.3513E+01  5.2216E+01  4.9824E+01  4.6258E+01  4.1484E+01  3.5619E+01  2.9021E+01  2.2259E+01  1.5952E+01  1.0595E+01  6.4817E+00  3.6498E+00  1.8653E+00  9.2556E-01  5.5285E-01  4.1965E-01
