# CREATED BY GENE DIAGNOSTICS TOOL on Sat May 17 18:01:43 2025 /home/unix/ottink/gene/diagnostics
# diag: vsp1, run(s): vim010vep020, time window: 114.7-114.71496(1 steps), species: i
# original data path: /Differ/Data/IMT/lottink/Tokamak_nTEM/vres_scan/v1/
# normalization: L_ref=1.65m
#
# vpar
 -3.0000E+00
 -2.9528E+00
 -2.9055E+00
 -2.8583E+00
 -2.8110E+00
 -2.7638E+00
 -2.7165E+00
 -2.6693E+00
 -2.6220E+00
 -2.5748E+00
 -2.5276E+00
 -2.4803E+00
 -2.4331E+00
 -2.3858E+00
 -2.3386E+00
 -2.2913E+00
 -2.2441E+00
 -2.1969E+00
 -2.1496E+00
 -2.1024E+00
 -2.0551E+00
 -2.0079E+00
 -1.9606E+00
 -1.9134E+00
 -1.8661E+00
 -1.8189E+00
 -1.7717E+00
 -1.7244E+00
 -1.6772E+00
 -1.6299E+00
 -1.5827E+00
 -1.5354E+00
 -1.4882E+00
 -1.4409E+00
 -1.3937E+00
 -1.3465E+00
 -1.2992E+00
 -1.2520E+00
 -1.2047E+00
 -1.1575E+00
 -1.1102E+00
 -1.0630E+00
 -1.0157E+00
 -9.6850E-01
 -9.2126E-01
 -8.7402E-01
 -8.2677E-01
 -7.7953E-01
 -7.3228E-01
 -6.8504E-01
 -6.3780E-01
 -5.9055E-01
 -5.4331E-01
 -4.9606E-01
 -4.4882E-01
 -4.0157E-01
 -3.5433E-01
 -3.0709E-01
 -2.5984E-01
 -2.1260E-01
 -1.6535E-01
 -1.1811E-01
 -7.0866E-02
 -2.3622E-02
  2.3622E-02
  7.0866E-02
  1.1811E-01
  1.6535E-01
  2.1260E-01
  2.5984E-01
  3.0709E-01
  3.5433E-01
  4.0157E-01
  4.4882E-01
  4.9606E-01
  5.4331E-01
  5.9055E-01
  6.3780E-01
  6.8504E-01
  7.3228E-01
  7.7953E-01
  8.2677E-01
  8.7402E-01
  9.2126E-01
  9.6850E-01
  1.0157E+00
  1.0630E+00
  1.1102E+00
  1.1575E+00
  1.2047E+00
  1.2520E+00
  1.2992E+00
  1.3465E+00
  1.3937E+00
  1.4409E+00
  1.4882E+00
  1.5354E+00
  1.5827E+00
  1.6299E+00
  1.6772E+00
  1.7244E+00
  1.7717E+00
  1.8189E+00
  1.8661E+00
  1.9134E+00
  1.9606E+00
  2.0079E+00
  2.0551E+00
  2.1024E+00
  2.1496E+00
  2.1969E+00
  2.2441E+00
  2.2913E+00
  2.3386E+00
  2.3858E+00
  2.4331E+00
  2.4803E+00
  2.5276E+00
  2.5748E+00
  2.6220E+00
  2.6693E+00
  2.7165E+00
  2.7638E+00
  2.8110E+00
  2.8583E+00
  2.9055E+00
  2.9528E+00
  3.0000E+00


# mu
  5.5286E-02
  2.9341E-01
  7.3088E-01
  1.3853E+00
  2.2877E+00
  3.4931E+00
  5.1107E+00
  7.4232E+00


# trapped boundary
#  mu         vpar      
  5.5286E-02 -1.3503E-01
  5.5286E-02  1.4677E-01
  2.9341E-01 -3.2290E-01
  2.9341E-01  3.3464E-01
  7.3088E-01 -5.1076E-01
  7.3088E-01  5.2251E-01
  1.3853E+00 -7.1037E-01
  1.3853E+00  7.2211E-01
  2.2877E+00 -9.2172E-01
  2.2877E+00  9.3346E-01
  3.4931E+00 -1.1331E+00
  3.4931E+00  1.1448E+00
  5.1107E+00 -1.3679E+00
  5.1107E+00  1.3796E+00
  7.4232E+00 -1.6614E+00
  7.4232E+00  1.6732E+00


# , time = 114.71496, var = <|f|^2>^(1/2) , z = 0
  1.1977E+00  8.9292E-01  5.4198E-01  2.0733E-01  1.0049E-01  7.3566E-02  3.1148E-02  5.6806E-03
  1.6648E+00  1.1135E+00  6.5360E-01  4.4384E-01  3.0041E-01  1.4073E-01  4.3203E-02  6.3816E-03
  2.3008E+00  1.5962E+00  9.1885E-01  4.4908E-01  2.6024E-01  1.3982E-01  5.0593E-02  8.7833E-03
  3.1602E+00  2.2417E+00  1.3389E+00  7.4298E-01  4.6269E-01  2.3040E-01  7.4885E-02  1.1750E-02
  4.2983E+00  3.1129E+00  1.8992E+00  1.0222E+00  5.7450E-01  2.7727E-01  9.2482E-02  1.5566E-02
  5.7878E+00  4.2750E+00  2.6686E+00  1.4625E+00  8.1777E-01  3.9135E-01  1.2743E-01  2.0322E-02
  7.7184E+00  5.8092E+00  3.7039E+00  2.0413E+00  1.0978E+00  5.0710E-01  1.6376E-01  2.6731E-02
  1.0203E+01  7.8175E+00  5.0863E+00  2.8298E+00  1.4928E+00  6.7879E-01  2.1670E-01  3.4638E-02
  1.3386E+01  1.0429E+01  6.9160E+00  3.8826E+00  2.0071E+00  8.9040E-01  2.8083E-01  4.4969E-02
  1.7458E+01  1.3811E+01  9.3196E+00  5.2805E+00  2.6885E+00  1.1705E+00  3.6532E-01  5.8219E-02
  2.2673E+01  1.8175E+01  1.2455E+01  7.1204E+00  3.5784E+00  1.5281E+00  4.7136E-01  7.3741E-02
  2.9365E+01  2.3794E+01  1.6519E+01  9.5232E+00  4.7364E+00  1.9878E+00  6.0678E-01  9.5485E-02
  3.7971E+01  3.1016E+01  2.1754E+01  1.2637E+01  6.2321E+00  2.5733E+00  7.7617E-01  1.2037E-01
  4.9050E+01  4.0281E+01  2.8460E+01  1.6642E+01  8.1520E+00  3.3163E+00  9.8996E-01  1.5237E-01
  6.3295E+01  5.2130E+01  3.7002E+01  2.1756E+01  1.0600E+01  4.2534E+00  1.2554E+00  1.9399E-01
  8.1540E+01  6.7228E+01  4.7823E+01  2.8237E+01  1.3701E+01  5.4294E+00  1.5864E+00  2.4309E-01
  1.0477E+02  8.6361E+01  6.1451E+01  3.6394E+01  1.7603E+01  6.8971E+00  1.9958E+00  3.0248E-01
  1.3411E+02  1.1046E+02  7.8514E+01  4.6591E+01  2.2480E+01  8.7191E+00  2.4977E+00  3.7946E-01
  1.7086E+02  1.4059E+02  9.9751E+01  5.9253E+01  2.8537E+01  1.0968E+01  3.1146E+00  4.6932E-01
  2.1652E+02  1.7799E+02  1.2602E+02  7.4874E+01  3.6011E+01  1.3730E+01  3.8606E+00  5.7037E-01
  2.7278E+02  2.2406E+02  1.5831E+02  9.4027E+01  4.5175E+01  1.7101E+01  4.7685E+00  7.0790E-01
  3.4160E+02  2.8042E+02  1.9775E+02  1.1737E+02  5.6339E+01  2.1193E+01  5.8602E+00  8.5855E-01
  4.2515E+02  3.4886E+02  2.4562E+02  1.4564E+02  6.9857E+01  2.6134E+01  7.1723E+00  1.0348E+00
  5.2587E+02  4.3140E+02  3.0337E+02  1.7968E+02  8.6127E+01  3.2065E+01  8.7457E+00  1.2676E+00
  6.4637E+02  5.3027E+02  3.7258E+02  2.2045E+02  1.0559E+02  3.9146E+01  1.0602E+01  1.5218E+00
  7.8945E+02  6.4789E+02  4.5503E+02  2.6899E+02  1.2875E+02  4.7555E+01  1.2804E+01  1.8265E+00
  9.5806E+02  7.8689E+02  5.5264E+02  3.2644E+02  1.5613E+02  5.7481E+01  1.5379E+01  2.2083E+00
  1.1553E+03  9.5003E+02  6.6749E+02  3.9407E+02  1.8832E+02  6.9135E+01  1.8373E+01  2.6283E+00
  1.3844E+03  1.1402E+03  8.0181E+02  4.7322E+02  2.2596E+02  8.2743E+01  2.1875E+01  3.1236E+00
  1.6487E+03  1.3605E+03  9.5794E+02  5.6533E+02  2.6973E+02  9.8540E+01  2.5946E+01  3.7226E+00
  1.9519E+03  1.6140E+03  1.1384E+03  6.7193E+02  3.2035E+02  1.1680E+02  3.0657E+01  4.3697E+00
  2.2977E+03  1.9041E+03  1.3456E+03  7.9461E+02  3.7855E+02  1.3779E+02  3.6116E+01  5.1310E+00
  2.6901E+03  2.2343E+03  1.5824E+03  9.3501E+02  4.4511E+02  1.6176E+02  4.2436E+01  6.0197E+00
  3.1333E+03  2.6079E+03  1.8513E+03  1.0948E+03  5.2081E+02  1.8898E+02  4.9610E+01  6.9652E+00
  3.6312E+03  3.0286E+03  2.1550E+03  1.2755E+03  6.0641E+02  2.1969E+02  5.7743E+01  8.0841E+00
  4.1878E+03  3.4999E+03  2.4961E+03  1.4790E+03  7.0267E+02  2.5425E+02  6.6976E+01  9.3175E+00
  4.8071E+03  4.0251E+03  2.8772E+03  1.7066E+03  8.1033E+02  2.9307E+02  7.7148E+01  1.0628E+01
  5.4928E+03  4.6075E+03  3.3005E+03  1.9598E+03  9.3005E+02  3.3662E+02  8.8378E+01  1.2139E+01
  6.2486E+03  5.2500E+03  3.7682E+03  2.2399E+03  1.0624E+03  3.8539E+02  1.0073E+02  1.3709E+01
  7.0780E+03  5.9554E+03  4.2821E+03  2.5480E+03  1.2080E+03  4.3954E+02  1.1394E+02  1.5378E+01
  7.9835E+03  6.7255E+03  4.8437E+03  2.8848E+03  1.3670E+03  4.9899E+02  1.2809E+02  1.7223E+01
  8.9670E+03  7.5618E+03  5.4537E+03  3.2510E+03  1.5399E+03  5.6347E+02  1.4326E+02  1.9059E+01
  1.0029E+04  8.4649E+03  6.1127E+03  3.6466E+03  1.7273E+03  6.3242E+02  1.5918E+02  2.1032E+01
  1.1169E+04  9.4345E+03  6.8203E+03  4.0713E+03  1.9297E+03  7.0541E+02  1.7602E+02  2.3132E+01
  1.2386E+04  1.0469E+04  7.5753E+03  4.5244E+03  2.1472E+03  7.8236E+02  1.9397E+02  2.5194E+01
  1.3675E+04  1.1566E+04  8.3756E+03  5.0047E+03  2.3788E+03  8.6326E+02  2.1269E+02  2.7494E+01
  1.5031E+04  1.2720E+04  9.2182E+03  5.5105E+03  2.6229E+03  9.4808E+02  2.3235E+02  2.9830E+01
  1.6449E+04  1.3927E+04  1.0099E+04  6.0396E+03  2.8775E+03  1.0367E+03  2.5322E+02  3.2181E+01
  1.7918E+04  1.5179E+04  1.1013E+04  6.5897E+03  3.1414E+03  1.1291E+03  2.7462E+02  3.4807E+01
  1.9430E+04  1.6467E+04  1.1954E+04  7.1576E+03  3.4133E+03  1.2247E+03  2.9678E+02  3.7275E+01
  2.0971E+04  1.7781E+04  1.2914E+04  7.7391E+03  3.6916E+03  1.3224E+03  3.1978E+02  3.9887E+01
  2.2527E+04  1.9107E+04  1.3884E+04  8.3292E+03  3.9743E+03  1.4218E+03  3.4245E+02  4.2617E+01
  2.4079E+04  2.0430E+04  1.4854E+04  8.9220E+03  4.2585E+03  1.5217E+03  3.6535E+02  4.5064E+01
  2.5607E+04  2.1735E+04  1.5814E+04  9.5110E+03  4.5413E+03  1.6202E+03  3.8814E+02  4.7753E+01
  2.7091E+04  2.3003E+04  1.6750E+04  1.0088E+04  4.8187E+03  1.7166E+03  4.0952E+02  5.0197E+01
  2.8505E+04  2.4214E+04  1.7650E+04  1.0646E+04  5.0868E+03  1.8097E+03  4.3052E+02  5.2409E+01
  2.9824E+04  2.5348E+04  1.8498E+04  1.1174E+04  5.3417E+03  1.8974E+03  4.5050E+02  5.4850E+01
  3.1022E+04  2.6383E+04  1.9279E+04  1.1664E+04  5.5795E+03  1.9795E+03  4.6840E+02  5.6827E+01
  3.2074E+04  2.7298E+04  1.9977E+04  1.2107E+04  5.7967E+03  2.0558E+03  4.8587E+02  5.8807E+01
  3.2956E+04  2.8075E+04  2.0580E+04  1.2498E+04  5.9923E+03  2.1256E+03  5.0234E+02  6.0882E+01
  3.3647E+04  2.8699E+04  2.1084E+04  1.2840E+04  6.1724E+03  2.1935E+03  5.1896E+02  6.2953E+01
  3.4134E+04  2.9176E+04  2.1510E+04  1.3157E+04  6.3493E+03  2.2635E+03  5.3734E+02  6.5576E+01
  3.4432E+04  2.9600E+04  2.2024E+04  1.3613E+04  6.6322E+03  2.3828E+03  5.6950E+02  6.9997E+01
  3.4602E+04  3.0240E+04  2.3027E+04  1.4585E+04  7.2763E+03  2.6755E+03  6.5463E+02  8.2433E+01
  3.3882E+04  2.7902E+04  1.9374E+04  1.0996E+04  4.8793E+03  1.5867E+03  3.4090E+02  3.7350E+01
  3.3602E+04  2.8151E+04  2.0083E+04  1.1787E+04  5.4385E+03  1.8499E+03  4.1915E+02  4.8977E+01
  3.3010E+04  2.7803E+04  2.0015E+04  1.1883E+04  5.5522E+03  1.9140E+03  4.4013E+02  5.2325E+01
  3.2193E+04  2.7149E+04  1.9592E+04  1.1673E+04  5.4802E+03  1.9020E+03  4.4157E+02  5.3253E+01
  3.1197E+04  2.6315E+04  1.9001E+04  1.1338E+04  5.3402E+03  1.8637E+03  4.3587E+02  5.2995E+01
  3.0049E+04  2.5341E+04  1.8294E+04  1.0921E+04  5.1539E+03  1.8064E+03  4.2553E+02  5.2252E+01
  2.8775E+04  2.4255E+04  1.7499E+04  1.0446E+04  4.9372E+03  1.7376E+03  4.1215E+02  5.0942E+01
  2.7400E+04  2.3082E+04  1.6637E+04  9.9294E+03  4.6995E+03  1.6599E+03  3.9557E+02  4.9135E+01
  2.5949E+04  2.1844E+04  1.5726E+04  9.3823E+03  4.4470E+03  1.5761E+03  3.7803E+02  4.7403E+01
  2.4444E+04  2.0563E+04  1.4783E+04  8.8150E+03  4.1845E+03  1.4889E+03  3.5911E+02  4.5114E+01
  2.2907E+04  1.9256E+04  1.3825E+04  8.2356E+03  3.9159E+03  1.3987E+03  3.3848E+02  4.2695E+01
  2.1359E+04  1.7941E+04  1.2863E+04  7.6518E+03  3.6440E+03  1.3063E+03  3.1777E+02  4.0335E+01
  1.9815E+04  1.6631E+04  1.1910E+04  7.0705E+03  3.3713E+03  1.2131E+03  2.9628E+02  3.7538E+01
  1.8294E+04  1.5341E+04  1.0974E+04  6.4989E+03  3.1008E+03  1.1195E+03  2.7407E+02  3.4913E+01
  1.6806E+04  1.4082E+04  1.0063E+04  5.9443E+03  2.8351E+03  1.0263E+03  2.5233E+02  3.2215E+01
  1.5365E+04  1.2863E+04  9.1820E+03  5.4124E+03  2.5769E+03  9.3515E+02  2.3055E+02  2.9393E+01
  1.3979E+04  1.1692E+04  8.3377E+03  4.9062E+03  2.3288E+03  8.4698E+02  2.0913E+02  2.6877E+01
  1.2657E+04  1.0578E+04  7.5344E+03  4.4273E+03  2.0932E+03  7.6260E+02  1.8891E+02  2.4280E+01
  1.1405E+04  9.5238E+03  6.7756E+03  3.9762E+03  1.8721E+03  6.8292E+02  1.6951E+02  2.1837E+01
  1.0228E+04  8.5344E+03  6.0637E+03  3.5537E+03  1.6671E+03  6.0846E+02  1.5129E+02  1.9643E+01
  9.1299E+03  7.6118E+03  5.4005E+03  3.1606E+03  1.4785E+03  5.3935E+02  1.3460E+02  1.7435E+01
  8.1120E+03  6.7572E+03  4.7865E+03  2.7970E+03  1.3060E+03  4.7566E+02  1.1913E+02  1.5505E+01
  7.1751E+03  5.9705E+03  4.2217E+03  2.4631E+03  1.1489E+03  4.1745E+02  1.0492E+02  1.3729E+01
  6.3180E+03  5.2507E+03  3.7053E+03  2.1583E+03  1.0063E+03  3.6457E+02  9.2184E+01  1.2020E+01
  5.5382E+03  4.5956E+03  3.2358E+03  1.8818E+03  8.7717E+02  3.1674E+02  8.0583E+01  1.0579E+01
  4.8323E+03  4.0029E+03  2.8116E+03  1.6325E+03  7.6093E+02  2.7388E+02  7.0081E+01  9.2192E+00
  4.1964E+03  3.4693E+03  2.4304E+03  1.4091E+03  6.5687E+02  2.3582E+02  6.0818E+01  7.9747E+00
  3.6262E+03  2.9915E+03  2.0899E+03  1.2100E+03  5.6428E+02  2.0223E+02  5.2473E+01  6.9462E+00
  3.1174E+03  2.5658E+03  1.7875E+03  1.0337E+03  4.8236E+02  1.7282E+02  4.4982E+01  5.9557E+00
  2.6657E+03  2.1887E+03  1.5205E+03  8.7856E+02  4.1027E+02  1.4711E+02  3.8431E+01  5.1093E+00
  2.2666E+03  1.8563E+03  1.2862E+03  7.4279E+02  3.4719E+02  1.2469E+02  3.2602E+01  4.4015E+00
  1.9158E+03  1.5650E+03  1.0819E+03  6.2471E+02  2.9232E+02  1.0520E+02  2.7475E+01  3.7199E+00
  1.6090E+03  1.3113E+03  9.0487E+02  5.2263E+02  2.4485E+02  8.8305E+01  2.3067E+01  3.1644E+00
  1.3423E+03  1.0917E+03  7.5236E+02  4.3490E+02  2.0403E+02  7.3779E+01  1.9291E+01  2.6808E+00
  1.1120E+03  9.0294E+02  6.2185E+02  3.5996E+02  1.6912E+02  6.1356E+01  1.6053E+01  2.2249E+00
  9.1467E+02  7.4182E+02  5.1091E+02  2.9631E+02  1.3945E+02  5.0791E+01  1.3325E+01  1.8616E+00
  7.4684E+02  6.0530E+02  4.1722E+02  2.4257E+02  1.1437E+02  4.1858E+01  1.1042E+01  1.5487E+00
  6.0525E+02  4.9045E+02  3.3865E+02  1.9748E+02  9.3315E+01  3.4336E+01  9.0994E+00  1.2574E+00
  4.8673E+02  3.9457E+02  2.7323E+02  1.5986E+02  7.5737E+01  2.8040E+01  7.4781E+00  1.0387E+00
  3.8833E+02  3.1516E+02  2.1913E+02  1.2867E+02  6.1154E+01  2.2800E+01  6.1199E+00  8.5155E-01
  3.0733E+02  2.4997E+02  1.7472E+02  1.0298E+02  4.9132E+01  1.8460E+01  4.9784E+00  6.7682E-01
  2.4135E+02  1.9696E+02  1.3853E+02  8.1955E+01  3.9284E+01  1.4886E+01  4.0360E+00  5.5633E-01
  1.8821E+02  1.5429E+02  1.0924E+02  6.4857E+01  3.1265E+01  1.1957E+01  3.2545E+00  4.4904E-01
  1.4593E+02  1.2026E+02  8.5698E+01  5.1050E+01  2.4777E+01  9.5682E+00  2.6166E+00  3.5419E-01
  1.1268E+02  9.3355E+01  6.6898E+01  3.9977E+01  1.9558E+01  7.6294E+00  2.0951E+00  2.8820E-01
  8.6807E+01  7.2235E+01  5.1976E+01  3.1159E+01  1.5384E+01  6.0630E+00  1.6709E+00  2.3172E-01
  6.6822E+01  5.5743E+01  4.0202E+01  2.4184E+01  1.2064E+01  4.8030E+00  1.3298E+00  1.8136E-01
  5.1431E+01  4.2908E+01  3.0965E+01  1.8704E+01  9.4359E+00  3.7935E+00  1.0511E+00  1.4501E-01
  3.9577E+01  3.2944E+01  2.3763E+01  1.4425E+01  7.3655E+00  2.9877E+00  8.3037E-01  1.1632E-01
  3.0426E+01  2.5225E+01  1.8181E+01  1.1105E+01  5.7409E+00  2.3467E+00  6.5140E-01  8.8906E-02
  2.3347E+01  1.9264E+01  1.3881E+01  8.5402E+00  4.4702E+00  1.8384E+00  5.1034E-01  7.0422E-02
  1.7870E+01  1.4678E+01  1.0587E+01  6.5685E+00  3.4788E+00  1.4364E+00  3.9819E-01  5.4781E-02
  1.3647E+01  1.1170E+01  8.0773E+00  5.0572E+00  2.7066E+00  1.1194E+00  3.0933E-01  4.1602E-02
  1.0409E+01  8.5024E+00  6.1736E+00  3.9011E+00  2.1055E+00  8.6994E-01  2.4005E-01  3.2390E-02
  7.9441E+00  6.4860E+00  4.7333E+00  3.0168E+00  1.6375E+00  6.7417E-01  1.8505E-01  2.4484E-02
  6.0793E+00  4.9673E+00  3.6440E+00  2.3393E+00  1.2728E+00  5.2117E-01  1.4275E-01  1.9051E-02
  4.6732E+00  3.8239E+00  2.8185E+00  1.8187E+00  9.8825E-01  4.0140E-01  1.0926E-01  1.4201E-02
  3.6119E+00  2.9606E+00  2.1902E+00  1.4168E+00  7.6610E-01  3.0916E-01  8.3722E-02  1.1144E-02
  2.8071E+00  2.3049E+00  1.7091E+00  1.1049E+00  5.9206E-01  2.3608E-01  6.3588E-02  8.3800E-03
  2.1926E+00  1.8033E+00  1.3380E+00  8.6197E-01  4.5811E-01  1.8225E-01  4.8333E-02  6.2372E-03
  1.7197E+00  1.4165E+00  1.0495E+00  6.7012E-01  3.4960E-01  1.3764E-01  3.6876E-02  4.9951E-03
  1.3529E+00  1.1156E+00  8.2496E-01  5.2526E-01  2.7333E-01  1.0612E-01  2.7119E-02  3.2094E-03
  1.0668E+00  8.7912E-01  6.4285E-01  4.0067E-01  2.0573E-01  8.1113E-02  2.1231E-02  2.9165E-03
  8.3989E-01  6.9988E-01  5.2035E-01  3.2386E-01  1.6108E-01  6.1475E-02  1.5805E-02  1.6912E-03
