# CREATED BY GENE DIAGNOSTICS TOOL on Sat May 17 18:21:09 2025 /home/unix/ottink/gene/diagnostics
# diag: vsp1, run(s): vip010vem020, time window: 281.2-281.29511(2 steps), species: i
# original data path: /Differ/Data/IMT/lottink/RFP_nTEM/vres_scan/v2/
# normalization: L_ref=1.5m
#
# vpar
 -3.0000E+00
 -2.9048E+00
 -2.8095E+00
 -2.7143E+00
 -2.6190E+00
 -2.5238E+00
 -2.4286E+00
 -2.3333E+00
 -2.2381E+00
 -2.1429E+00
 -2.0476E+00
 -1.9524E+00
 -1.8571E+00
 -1.7619E+00
 -1.6667E+00
 -1.5714E+00
 -1.4762E+00
 -1.3810E+00
 -1.2857E+00
 -1.1905E+00
 -1.0952E+00
 -1.0000E+00
 -9.0476E-01
 -8.0952E-01
 -7.1429E-01
 -6.1905E-01
 -5.2381E-01
 -4.2857E-01
 -3.3333E-01
 -2.3810E-01
 -1.4286E-01
 -4.7619E-02
  4.7619E-02
  1.4286E-01
  2.3810E-01
  3.3333E-01
  4.2857E-01
  5.2381E-01
  6.1905E-01
  7.1429E-01
  8.0952E-01
  9.0476E-01
  1.0000E+00
  1.0952E+00
  1.1905E+00
  1.2857E+00
  1.3810E+00
  1.4762E+00
  1.5714E+00
  1.6667E+00
  1.7619E+00
  1.8571E+00
  1.9524E+00
  2.0476E+00
  2.1429E+00
  2.2381E+00
  2.3333E+00
  2.4286E+00
  2.5238E+00
  2.6190E+00
  2.7143E+00
  2.8095E+00
  2.9048E+00
  3.0000E+00


# mu
  1.8108E-02
  9.5589E-02
  2.3573E-01
  4.3989E-01
  7.1007E-01
  1.0491E+00
  1.4607E+00
  1.9499E+00
  2.5234E+00
  3.1901E+00
  3.9625E+00
  4.8582E+00
  5.9041E+00
  7.1447E+00
  8.6646E+00
  1.0681E+01


# trapped boundary
#  mu         vpar      
  1.8108E-02 -7.6321E-02
  1.8108E-02  8.8062E-02
  9.5589E-02 -1.8200E-01
  9.5589E-02  1.9374E-01
  2.3573E-01 -2.8767E-01
  2.3573E-01  2.9941E-01
  4.3989E-01 -4.0509E-01
  4.3989E-01  4.1683E-01
  7.1007E-01 -5.1076E-01
  7.1007E-01  5.2250E-01
  1.0491E+00 -6.1644E-01
  1.0491E+00  6.2818E-01
  1.4607E+00 -7.3386E-01
  1.4607E+00  7.4560E-01
  1.9499E+00 -8.5127E-01
  1.9499E+00  8.6301E-01
  2.5234E+00 -9.6869E-01
  2.5234E+00  9.8043E-01
  3.1901E+00 -1.0861E+00
  3.1901E+00  1.0978E+00
  3.9625E+00 -1.2153E+00
  3.9625E+00  1.2270E+00
  4.8582E+00 -1.3444E+00
  4.8582E+00  1.3562E+00
  5.9041E+00 -1.4736E+00
  5.9041E+00  1.4853E+00
  7.1447E+00 -1.6262E+00
  7.1447E+00  1.6380E+00
  8.6646E+00 -1.7906E+00
  8.6646E+00  1.8023E+00
  1.0681E+01 -1.9902E+00
  1.0681E+01  2.0020E+00


# , time = 281.28353, var = <|f|^2>^(1/2) , z = 0
  1.1494E-01  1.0967E-01  9.9903E-02  8.7492E-02  7.3954E-02  6.0132E-02  4.7275E-02  3.5257E-02  2.5244E-02  1.6991E-02  1.0710E-02  6.2127E-03  3.2624E-03  1.4783E-03  5.5668E-04  1.7515E-04
  2.0263E-01  1.9342E-01  1.7608E-01  1.5374E-01  1.2911E-01  1.0385E-01  8.0394E-02  5.9076E-02  4.1663E-02  2.7752E-02  1.7436E-02  1.0150E-02  5.3685E-03  2.4757E-03  9.4287E-04  2.9935E-04
  3.4936E-01  3.3369E-01  3.0433E-01  2.6653E-01  2.2483E-01  1.8192E-01  1.4173E-01  1.0471E-01  7.4066E-02  4.9313E-02  3.0885E-02  1.7908E-02  9.4423E-03  4.3243E-03  1.6355E-03  6.1378E-04
  5.9224E-01  5.6593E-01  5.1663E-01  4.5297E-01  3.8252E-01  3.0992E-01  2.4184E-01  1.7905E-01  1.2691E-01  8.4635E-02  5.3042E-02  3.0768E-02  1.6248E-02  7.4692E-03  2.8415E-03  1.1907E-03
  9.8656E-01  9.4313E-01  8.6188E-01  7.5661E-01  6.3974E-01  5.1901E-01  4.0555E-01  3.0073E-01  2.1351E-01  1.4263E-01  8.9491E-02  5.1909E-02  2.7395E-02  1.2598E-02  4.7782E-03  2.0383E-03
  1.6149E+00  1.5444E+00  1.4129E+00  1.2418E+00  1.0513E+00  8.5402E-01  6.6817E-01  4.9610E-01  3.5263E-01  2.3589E-01  1.4820E-01  8.6057E-02  4.5427E-02  2.0878E-02  7.9741E-03  2.6438E-03
  2.5974E+00  2.4852E+00  2.2758E+00  2.0028E+00  1.6977E+00  1.3809E+00  1.0817E+00  8.0417E-01  5.7224E-01  3.8321E-01  2.4100E-01  1.4009E-01  7.3994E-02  3.4058E-02  1.2957E-02  3.5177E-03
  4.1054E+00  3.9295E+00  3.6022E+00  3.1740E+00  2.6938E+00  2.1938E+00  1.7208E+00  1.2809E+00  9.1243E-01  6.1168E-01  3.8498E-01  2.2390E-01  1.1836E-01  5.4568E-02  2.0746E-02  5.6014E-03
  6.3763E+00  6.1056E+00  5.6027E+00  4.9427E+00  4.2000E+00  3.4249E+00  2.6897E+00  2.0046E+00  1.4295E+00  9.5927E-01  6.0429E-01  3.5183E-01  1.8595E-01  8.5846E-02  3.2761E-02  9.1691E-03
  9.7321E+00  9.3225E+00  8.5632E+00  7.5635E+00  6.4349E+00  5.2539E+00  4.1312E+00  3.0826E+00  2.2005E+00  1.4783E+00  9.3182E-01  5.4241E-01  2.8759E-01  1.3227E-01  5.0858E-02  1.3797E-02
  1.4597E+01  1.3988E+01  1.2861E+01  1.1374E+01  9.6881E+00  7.9198E+00  6.2349E+00  4.6580E+00  3.3287E+00  2.2381E+00  1.4118E+00  8.2328E-01  4.3603E-01  2.0107E-01  7.6698E-02  2.0626E-02
  2.1518E+01  2.0627E+01  1.8984E+01  1.6807E+01  1.4333E+01  1.1732E+01  9.2468E+00  6.9163E+00  4.9470E+00  3.3299E+00  2.1023E+00  1.2262E+00  6.4779E-01  3.0310E-01  1.1365E-01  3.6442E-02
  3.1174E+01  2.9893E+01  2.7537E+01  2.4408E+01  2.0840E+01  1.7077E+01  1.3476E+01  1.0092E+01  7.2267E+00  4.8679E+00  3.0753E+00  1.7958E+00  9.5005E-01  4.4517E-01  1.6444E-01  6.8366E-02
  4.4388E+01  4.2579E+01  3.9259E+01  3.4837E+01  2.9777E+01  2.4430E+01  1.9301E+01  1.4470E+01  1.0369E+01  6.9938E+00  4.4267E+00  2.5776E+00  1.3852E+00  6.3580E-01  2.1908E-01  1.1549E-01
  6.2126E+01  5.9611E+01  5.5011E+01  4.8868E+01  4.1817E+01  3.4349E+01  2.7167E+01  2.0392E+01  1.4635E+01  9.8820E+00  6.2454E+00  3.6597E+00  1.9766E+00  8.3335E-01  2.7882E-01  1.7616E-01
  8.5475E+01  8.2038E+01  7.5770E+01  6.7380E+01  5.7720E+01  4.7467E+01  3.7585E+01  2.8246E+01  2.0284E+01  1.3705E+01  8.6653E+00  5.1750E+00  2.6487E+00  9.3550E-01  3.5831E-01  2.5992E-01
  1.1561E+02  1.1099E+02  1.0259E+02  9.1327E+01  7.8317E+01  6.4479E+01  5.1113E+01  3.8461E+01  2.7661E+01  1.8682E+01  1.1947E+01  7.0301E+00  2.9984E+00  1.2041E+00  4.5605E-01  3.7419E-01
  1.5375E+02  1.4764E+02  1.3657E+02  1.2170E+02  1.0447E+02  8.6108E+01  6.8338E+01  5.1485E+01  3.7029E+01  2.5122E+01  1.6201E+01  8.3292E+00  3.4776E+00  1.6949E+00  5.9492E-01  5.1486E-01
  2.0107E+02  1.9312E+02  1.7877E+02  1.5945E+02  1.3702E+02  1.1307E+02  8.9840E+01  6.7740E+01  4.8799E+01  3.3504E+01  1.9994E+01  8.5822E+00  5.9650E+00  2.0296E+00  7.4587E-01  6.7191E-01
  2.5863E+02  2.4845E+02  2.3015E+02  2.0547E+02  1.7675E+02  1.4603E+02  1.1612E+02  8.7671E+01  6.3785E+01  4.2225E+01  2.0123E+01  1.4359E+01  8.3764E+00  2.5657E+00  8.5104E-01  8.1771E-01
  3.2726E+02  3.1443E+02  2.9147E+02  2.6045E+02  2.2428E+02  1.8549E+02  1.4769E+02  1.1220E+02  8.0367E+01  4.3838E+01  2.7787E+01  2.3331E+01  1.0511E+01  3.6513E+00  8.9309E-01  8.9902E-01
  4.0749E+02  3.9156E+02  3.6322E+02  3.2488E+02  2.8005E+02  2.3192E+02  1.8551E+02  1.4052E+02  8.7797E+01  4.8747E+01  4.9967E+01  2.9970E+01  1.4878E+01  5.5379E+00  1.1295E+00  8.4258E-01
  4.9946E+02  4.8000E+02  4.4558E+02  3.9896E+02  3.4434E+02  2.8615E+02  2.2922E+02  1.5863E+02  8.4668E+01  8.9094E+01  6.7575E+01  4.0659E+01  2.1866E+01  9.0172E+00  2.2176E+00  5.6515E-01
  6.0296E+02  5.7955E+02  5.3845E+02  4.8274E+02  4.1777E+02  3.4819E+02  2.6331E+02  1.4754E+02  1.3550E+02  1.2693E+02  8.8515E+01  5.8852E+01  3.2187E+01  1.4627E+01  4.4747E+00  3.0416E-01
  7.1750E+02  6.8980E+02  6.4160E+02  5.7649E+02  5.0038E+02  4.0192E+02  2.5018E+02  1.8971E+02  2.0548E+02  1.6297E+02  1.2614E+02  8.2454E+01  4.7736E+01  2.2749E+01  8.0212E+00  1.2514E+00
  8.4261E+02  8.1037E+02  7.5501E+02  6.8012E+02  5.7650E+02  3.9486E+02  2.5810E+02  2.9434E+02  2.6313E+02  2.2884E+02  1.7210E+02  1.1548E+02  6.8160E+01  3.3879E+01  1.2951E+01  2.7883E+00
  9.7825E+02  9.4126E+02  8.7841E+02  7.7968E+02  5.8377E+02  3.5860E+02  3.7973E+02  3.7508E+02  3.6180E+02  3.0705E+02  2.3051E+02  1.5719E+02  9.3759E+01  4.7773E+01  1.9174E+01  4.7864E+00
  1.1260E+03  1.0834E+03  1.0013E+03  8.1040E+02  5.1218E+02  4.5780E+02  4.8223E+02  5.0702E+02  4.7885E+02  3.9619E+02  3.0260E+02  2.0492E+02  1.2359E+02  6.3805E+01  2.6340E+01  7.1196E+00
  1.2938E+03  1.2367E+03  1.0702E+03  7.3217E+02  5.4797E+02  5.6852E+02  6.4101E+02  6.6368E+02  5.9796E+02  5.0324E+02  3.7740E+02  2.5708E+02  1.5496E+02  8.0649E+01  3.3852E+01  9.5753E+00
  1.5036E+03  1.3864E+03  1.0458E+03  6.9891E+02  6.3527E+02  7.4001E+02  8.2684E+02  8.0661E+02  7.3682E+02  6.0310E+02  4.5324E+02  3.0623E+02  1.8507E+02  9.6466E+01  4.0870E+01  1.1873E+01
  1.7235E+03  1.4722E+03  9.8195E+02  7.0793E+02  7.9150E+02  9.3778E+02  9.8530E+02  9.6616E+02  8.5052E+02  6.9520E+02  5.1501E+02  3.4809E+02  2.0924E+02  1.0927E+02  4.6477E+01  1.3699E+01
  1.3558E+03  1.0638E+03  7.6515E+02  8.1911E+02  1.0007E+03  1.1124E+03  1.1487E+03  1.0714E+03  9.3986E+02  7.5331E+02  5.5726E+02  3.7380E+02  2.2449E+02  1.1698E+02  4.9835E+01  1.4788E+01
  6.3547E+02  7.8247E+02  9.6067E+02  1.0966E+03  1.1970E+03  1.2370E+03  1.2265E+03  1.1200E+03  9.6959E+02  7.7114E+02  5.6764E+02  3.7952E+02  2.2745E+02  1.1837E+02  5.0399E+01  1.4963E+01
  3.1752E+02  5.3322E+02  8.6432E+02  1.0430E+03  1.1610E+03  1.2171E+03  1.1758E+03  1.0906E+03  9.2936E+02  7.4370E+02  5.4357E+02  3.6400E+02  2.1751E+02  1.1318E+02  4.8069E+01  1.4194E+01
  5.7446E+02  4.1596E+02  3.5989E+02  7.1109E+02  9.0869E+02  1.0191E+03  1.0455E+03  9.6088E+02  8.3964E+02  6.6839E+02  4.9266E+02  3.2859E+02  1.9685E+02  1.0209E+02  4.3182E+01  1.2597E+01
  7.7627E+02  7.0810E+02  5.1894E+02  3.4267E+02  6.1296E+02  7.5892E+02  8.2242E+02  8.0592E+02  6.9867E+02  5.7010E+02  4.1903E+02  2.8131E+02  1.6800E+02  8.6971E+01  3.6487E+01  1.0410E+01
  8.1943E+02  7.7898E+02  6.9301E+02  4.9718E+02  3.2384E+02  5.2522E+02  6.0046E+02  6.1322E+02  5.6076E+02  4.5314E+02  3.3941E+02  2.2699E+02  1.3575E+02  6.9815E+01  2.8884E+01  7.9361E+00
  8.0722E+02  7.7159E+02  7.0947E+02  6.1044E+02  4.1799E+02  2.8653E+02  4.2729E+02  4.4020E+02  4.1749E+02  3.4858E+02  2.5848E+02  1.7454E+02  1.0355E+02  5.2719E+01  2.1306E+01  5.4815E+00
  7.6629E+02  7.3368E+02  6.7680E+02  6.0088E+02  4.9664E+02  3.1891E+02  2.3890E+02  3.2015E+02  2.9329E+02  2.5385E+02  1.9012E+02  1.2709E+02  7.4898E+01  3.7373E+01  1.4489E+01  3.2983E+00
  7.0719E+02  6.7779E+02  6.2576E+02  5.5639E+02  4.7651E+02  3.7543E+02  2.2324E+02  1.8604E+02  2.1544E+02  1.7387E+02  1.3498E+02  8.8552E+01  5.1459E+01  2.4754E+01  8.9238E+00  1.5496E+00
  6.3690E+02  6.1087E+02  5.6428E+02  5.0186E+02  4.2999E+02  3.5457E+02  2.6340E+02  1.4426E+02  1.3349E+02  1.2800E+02  9.0298E+01  6.0540E+01  3.3394E+01  1.5330E+01  4.7981E+00  3.4349E-01
  5.6094E+02  5.3834E+02  4.9743E+02  4.4262E+02  3.7909E+02  3.1264E+02  2.4710E+02  1.7082E+02  8.7670E+01  8.5663E+01  6.5133E+01  3.9370E+01  2.1284E+01  8.7782E+00  2.1294E+00  5.6781E-01
  4.8376E+02  4.6452E+02  4.2929E+02  3.8210E+02  3.2741E+02  2.6972E+02  2.1330E+02  1.6120E+02  1.0151E+02  5.0668E+01  4.6387E+01  2.7230E+01  1.3360E+01  4.8494E+00  1.0356E+00  9.5629E-01
  4.0889E+02  3.9280E+02  3.6304E+02  3.2318E+02  2.7702E+02  2.2830E+02  1.8008E+02  1.3673E+02  9.7750E+01  5.4456E+01  2.7775E+01  2.0678E+01  8.7905E+00  3.0082E+00  1.1908E+00  1.0732E+00
  3.3889E+02  3.2570E+02  3.0102E+02  2.6800E+02  2.2976E+02  1.8941E+02  1.4941E+02  1.1305E+02  8.1987E+01  5.4411E+01  2.6678E+01  1.3667E+01  7.0382E+00  2.2602E+00  1.3255E+00  1.0138E+00
  2.7554E+02  2.6492E+02  2.4484E+02  2.1799E+02  1.8690E+02  1.5411E+02  1.2157E+02  9.1974E+01  6.6317E+01  4.5345E+01  2.7468E+01  1.1761E+01  5.5666E+00  1.9881E+00  1.2396E+00  8.6376E-01
  2.1984E+02  2.1144E+02  1.9541E+02  1.7398E+02  1.4917E+02  1.2301E+02  9.7019E+01  7.3428E+01  5.2899E+01  3.5947E+01  2.3045E+01  1.2349E+01  4.6996E+00  1.8673E+00  1.0418E+00  6.8552E-01
  1.7215E+02  1.6563E+02  1.5306E+02  1.3627E+02  1.1685E+02  9.6359E+01  7.5978E+01  5.7504E+01  4.1453E+01  2.8104E+01  1.7933E+01  1.0574E+01  4.8358E+00  1.7255E+00  8.2423E-01  5.1722E-01
  1.3233E+02  1.2736E+02  1.1768E+02  1.0477E+02  8.9837E+01  7.4089E+01  5.8402E+01  4.4195E+01  3.1846E+01  2.1614E+01  1.3731E+01  8.1273E+00  4.2570E+00  1.6616E+00  6.5367E-01  3.7445E-01
  9.9863E+01  9.6138E+01  8.8826E+01  7.9077E+01  6.7805E+01  5.5922E+01  4.4069E+01  3.3346E+01  2.4023E+01  1.6307E+01  1.0373E+01  6.0914E+00  3.2609E+00  1.4750E+00  5.2916E-01  2.6385E-01
  7.3997E+01  7.1254E+01  6.5827E+01  5.8598E+01  5.0245E+01  4.1440E+01  3.2647E+01  2.4701E+01  1.7787E+01  1.2062E+01  7.6832E+00  4.5174E+00  2.3938E+00  1.1366E+00  4.2454E-01  1.8091E-01
  5.3841E+01  5.1856E+01  4.7900E+01  4.2635E+01  3.6556E+01  3.0151E+01  2.3745E+01  1.7965E+01  1.2933E+01  8.7701E+00  5.5774E+00  3.2886E+00  1.7391E+00  8.1940E-01  3.2197E-01  1.1659E-01
  3.8470E+01  3.7059E+01  3.4226E+01  3.0461E+01  2.6116E+01  2.1540E+01  1.6958E+01  1.2829E+01  9.2324E+00  6.2559E+00  3.9807E+00  2.3452E+00  1.2455E+00  5.8291E-01  2.2936E-01  7.1247E-02
  2.6994E+01  2.6009E+01  2.4016E+01  2.1371E+01  1.8322E+01  1.5111E+01  1.1893E+01  8.9956E+00  6.4719E+00  4.3846E+00  2.7859E+00  1.6419E+00  8.7342E-01  4.1041E-01  1.5913E-01  4.5358E-02
  1.8603E+01  1.7926E+01  1.6549E+01  1.4724E+01  1.2622E+01  1.0410E+01  8.1898E+00  6.1941E+00  4.4549E+00  3.0164E+00  1.9173E+00  1.1279E+00  5.9969E-01  2.8348E-01  1.0926E-01  3.1136E-02
  1.2591E+01  1.2134E+01  1.1200E+01  9.9631E+00  8.5397E+00  7.0426E+00  5.5384E+00  4.1883E+00  3.0113E+00  2.0382E+00  1.2943E+00  7.6200E-01  4.0426E-01  1.9128E-01  7.4238E-02  2.1322E-02
  8.3706E+00  8.0672E+00  7.4442E+00  6.6208E+00  5.6741E+00  4.6791E+00  3.6782E+00  2.7811E+00  1.9989E+00  1.3523E+00  8.5862E-01  5.0483E-01  2.6793E-01  1.2648E-01  4.9584E-02  1.3737E-02
  5.4656E+00  5.2677E+00  4.8596E+00  4.3211E+00  3.7026E+00  3.0530E+00  2.3989E+00  1.8136E+00  1.3030E+00  8.8115E-01  5.5912E-01  3.2883E-01  1.7418E-01  8.2232E-02  3.2261E-02  8.4700E-03
  3.5054E+00  3.3785E+00  3.1159E+00  2.7699E+00  2.3730E+00  1.9564E+00  1.5366E+00  1.1615E+00  8.3417E-01  5.6383E-01  3.5767E-01  2.1021E-01  1.1142E-01  5.2457E-02  2.0545E-02  5.4091E-03
  2.2083E+00  2.1283E+00  1.9623E+00  1.7439E+00  1.4937E+00  1.2313E+00  9.6664E-01  7.3053E-01  5.2448E-01  3.5437E-01  2.2472E-01  1.3204E-01  6.9821E-02  3.2876E-02  1.2825E-02  3.9008E-03
  1.3665E+00  1.3169E+00  1.2138E+00  1.0784E+00  9.2343E-01  7.6107E-01  5.9715E-01  4.5120E-01  3.2387E-01  2.1882E-01  1.3878E-01  8.1525E-02  4.3117E-02  2.0288E-02  7.9239E-03  2.7982E-03
  8.3058E-01  8.0042E-01  7.3749E-01  6.5504E-01  5.6088E-01  4.6235E-01  3.6281E-01  2.7434E-01  1.9707E-01  1.3316E-01  8.4333E-02  4.9383E-02  2.5996E-02  1.2181E-02  4.7446E-03  1.7826E-03
  4.9607E-01  4.7782E-01  4.3971E-01  3.8988E-01  3.3315E-01  2.7406E-01  2.1458E-01  1.6201E-01  1.1616E-01  7.8298E-02  4.9487E-02  2.8996E-02  1.5339E-02  7.2432E-03  2.8408E-03  9.8101E-04
  2.9042E-01  2.8103E-01  2.6086E-01  2.3418E-01  2.0315E-01  1.6982E-01  1.3489E-01  1.0290E-01  7.4292E-02  5.0158E-02  3.1682E-02  1.8522E-02  9.7354E-03  4.5357E-03  1.7541E-03  6.8350E-04


# trapped boundary
#  mu         vpar      
  1.8108E-02 -7.6321E-02
  1.8108E-02  8.8062E-02
  9.5589E-02 -1.8200E-01
  9.5589E-02  1.9374E-01
  2.3573E-01 -2.8767E-01
  2.3573E-01  2.9941E-01
  4.3989E-01 -4.0509E-01
  4.3989E-01  4.1683E-01
  7.1007E-01 -5.1076E-01
  7.1007E-01  5.2250E-01
  1.0491E+00 -6.1644E-01
  1.0491E+00  6.2818E-01
  1.4607E+00 -7.3386E-01
  1.4607E+00  7.4560E-01
  1.9499E+00 -8.5127E-01
  1.9499E+00  8.6301E-01
  2.5234E+00 -9.6869E-01
  2.5234E+00  9.8043E-01
  3.1901E+00 -1.0861E+00
  3.1901E+00  1.0978E+00
  3.9625E+00 -1.2153E+00
  3.9625E+00  1.2270E+00
  4.8582E+00 -1.3444E+00
  4.8582E+00  1.3562E+00
  5.9041E+00 -1.4736E+00
  5.9041E+00  1.4853E+00
  7.1447E+00 -1.6262E+00
  7.1447E+00  1.6380E+00
  8.6646E+00 -1.7906E+00
  8.6646E+00  1.8023E+00
  1.0681E+01 -1.9902E+00
  1.0681E+01  2.0020E+00


# , time = 281.29511, var = <|f|^2>^(1/2) , z = 0
  1.1519E-01  1.0991E-01  1.0012E-01  8.7684E-02  7.4116E-02  6.0264E-02  4.7379E-02  3.5334E-02  2.5299E-02  1.7029E-02  1.0734E-02  6.2263E-03  3.2695E-03  1.4816E-03  5.5792E-04  1.7560E-04
  2.0308E-01  1.9385E-01  1.7647E-01  1.5408E-01  1.2939E-01  1.0408E-01  8.0571E-02  5.9206E-02  4.1754E-02  2.7813E-02  1.7474E-02  1.0173E-02  5.3803E-03  2.4811E-03  9.4484E-04  3.0014E-04
  3.5012E-01  3.3442E-01  3.0499E-01  2.6712E-01  2.2532E-01  1.8232E-01  1.4204E-01  1.0494E-01  7.4229E-02  4.9421E-02  3.0953E-02  1.7947E-02  9.4630E-03  4.3338E-03  1.6391E-03  6.1501E-04
  5.9354E-01  5.6717E-01  5.1776E-01  4.5396E-01  3.8336E-01  3.1060E-01  2.4237E-01  1.7945E-01  1.2719E-01  8.4820E-02  5.3158E-02  3.0835E-02  1.6284E-02  7.4856E-03  2.8478E-03  1.1931E-03
  9.8873E-01  9.4520E-01  8.6377E-01  7.5827E-01  6.4114E-01  5.2014E-01  4.0644E-01  3.0139E-01  2.1398E-01  1.4294E-01  8.9688E-02  5.2023E-02  2.7455E-02  1.2626E-02  4.7887E-03  2.0430E-03
  1.6184E+00  1.5478E+00  1.4160E+00  1.2446E+00  1.0536E+00  8.5589E-01  6.6964E-01  4.9719E-01  3.5341E-01  2.3641E-01  1.4852E-01  8.6246E-02  4.5527E-02  2.0924E-02  7.9918E-03  2.6499E-03
  2.6031E+00  2.4906E+00  2.2808E+00  2.0072E+00  1.7014E+00  1.3839E+00  1.0841E+00  8.0594E-01  5.7350E-01  3.8405E-01  2.4153E-01  1.4040E-01  7.4156E-02  3.4132E-02  1.2985E-02  3.5236E-03
  4.1144E+00  3.9382E+00  3.6101E+00  3.1809E+00  2.6997E+00  2.1987E+00  1.7246E+00  1.2837E+00  9.1443E-01  6.1302E-01  3.8582E-01  2.2439E-01  1.1862E-01  5.4688E-02  2.0792E-02  5.6137E-03
  6.3903E+00  6.1190E+00  5.6150E+00  4.9535E+00  4.2093E+00  3.4324E+00  2.6956E+00  2.0090E+00  1.4326E+00  9.6138E-01  6.0562E-01  3.5260E-01  1.8636E-01  8.6035E-02  3.2832E-02  9.1909E-03
  9.7535E+00  9.3430E+00  8.5820E+00  7.5801E+00  6.4490E+00  5.2655E+00  4.1403E+00  3.0894E+00  2.2054E+00  1.4815E+00  9.3386E-01  5.4360E-01  2.8822E-01  1.3256E-01  5.0970E-02  1.3825E-02
  1.4630E+01  1.4019E+01  1.2890E+01  1.1399E+01  9.7093E+00  7.9372E+00  6.2486E+00  4.6682E+00  3.3360E+00  2.2430E+00  1.4149E+00  8.2509E-01  4.3698E-01  2.0151E-01  7.6867E-02  2.0670E-02
  2.1565E+01  2.0672E+01  1.9025E+01  1.6844E+01  1.4365E+01  1.1757E+01  9.2671E+00  6.9315E+00  4.9579E+00  3.3372E+00  2.1069E+00  1.2289E+00  6.4921E-01  3.0376E-01  1.1390E-01  3.6521E-02
  3.1242E+01  2.9959E+01  2.7598E+01  2.4462E+01  2.0885E+01  1.7115E+01  1.3506E+01  1.0114E+01  7.2426E+00  4.8786E+00  3.0821E+00  1.7998E+00  9.5214E-01  4.4614E-01  1.6480E-01  6.8512E-02
  4.4486E+01  4.2672E+01  3.9345E+01  3.4913E+01  2.9842E+01  2.4484E+01  1.9343E+01  1.4502E+01  1.0392E+01  7.0091E+00  4.4365E+00  2.5833E+00  1.3883E+00  6.3720E-01  2.1956E-01  1.1574E-01
  6.2263E+01  5.9742E+01  5.5132E+01  4.8975E+01  4.1909E+01  3.4424E+01  2.7227E+01  2.0437E+01  1.4667E+01  9.9037E+00  6.2592E+00  3.6678E+00  1.9810E+00  8.3517E-01  2.7943E-01  1.7655E-01
  8.5662E+01  8.2218E+01  7.5936E+01  6.7528E+01  5.7847E+01  4.7571E+01  3.7667E+01  2.8308E+01  2.0329E+01  1.3735E+01  8.6844E+00  5.1864E+00  2.6546E+00  9.3753E-01  3.5909E-01  2.6051E-01
  1.1587E+02  1.1124E+02  1.0282E+02  9.1527E+01  7.8489E+01  6.4620E+01  5.1225E+01  3.8546E+01  2.7722E+01  1.8723E+01  1.1973E+01  7.0456E+00  3.0050E+00  1.2067E+00  4.5708E-01  3.7504E-01
  1.5409E+02  1.4797E+02  1.3687E+02  1.2196E+02  1.0470E+02  8.6298E+01  6.8488E+01  5.1598E+01  3.7110E+01  2.5177E+01  1.6237E+01  8.3474E+00  3.4851E+00  1.6985E+00  5.9633E-01  5.1603E-01
  2.0152E+02  1.9355E+02  1.7917E+02  1.5980E+02  1.3732E+02  1.1332E+02  9.0038E+01  6.7889E+01  4.8907E+01  3.3578E+01  2.0038E+01  8.6010E+00  5.9779E+00  2.0338E+00  7.4769E-01  6.7341E-01
  2.5920E+02  2.4900E+02  2.3066E+02  2.0592E+02  1.7713E+02  1.4635E+02  1.1638E+02  8.7864E+01  6.3925E+01  4.2318E+01  2.0167E+01  1.4391E+01  8.3945E+00  2.5708E+00  8.5312E-01  8.1952E-01
  3.2798E+02  3.1512E+02  2.9211E+02  2.6102E+02  2.2477E+02  1.8590E+02  1.4802E+02  1.1245E+02  8.0543E+01  4.3934E+01  2.7848E+01  2.3382E+01  1.0534E+01  3.6586E+00  8.9521E-01  9.0099E-01
  4.0838E+02  3.9242E+02  3.6401E+02  3.2559E+02  2.8066E+02  2.3243E+02  1.8591E+02  1.4083E+02  8.7990E+01  4.8854E+01  5.0078E+01  3.0036E+01  1.4910E+01  5.5492E+00  1.1318E+00  8.4443E-01
  5.0056E+02  4.8105E+02  4.4656E+02  3.9984E+02  3.4510E+02  2.8678E+02  2.2973E+02  1.5898E+02  8.4854E+01  8.9291E+01  6.7725E+01  4.0749E+01  2.1913E+01  9.0361E+00  2.2221E+00  5.6640E-01
  6.0428E+02  5.8082E+02  5.3963E+02  4.8380E+02  4.1869E+02  3.4895E+02  2.6389E+02  1.4787E+02  1.3580E+02  1.2721E+02  8.8712E+01  5.8982E+01  3.2257E+01  1.4658E+01  4.4839E+00  3.0476E-01
  7.1907E+02  6.9131E+02  6.4301E+02  5.7776E+02  5.0148E+02  4.0280E+02  2.5073E+02  1.9013E+02  2.0594E+02  1.6334E+02  1.2642E+02  8.2636E+01  4.7840E+01  2.2798E+01  8.0381E+00  1.2540E+00
  8.4446E+02  8.1215E+02  7.5667E+02  6.8161E+02  5.7777E+02  3.9573E+02  2.5866E+02  2.9499E+02  2.6371E+02  2.2935E+02  1.7248E+02  1.1574E+02  6.8309E+01  3.3953E+01  1.2978E+01  2.7942E+00
  9.8040E+02  9.4332E+02  8.8034E+02  7.8140E+02  5.8506E+02  3.5939E+02  3.8056E+02  3.7591E+02  3.6260E+02  3.0773E+02  2.3102E+02  1.5754E+02  9.3965E+01  4.7877E+01  1.9215E+01  4.7965E+00
  1.1285E+03  1.0858E+03  1.0035E+03  8.1218E+02  5.1330E+02  4.5880E+02  4.8328E+02  5.0813E+02  4.7990E+02  3.9707E+02  3.0328E+02  2.0538E+02  1.2387E+02  6.3944E+01  2.6396E+01  7.1348E+00
  1.2967E+03  1.2395E+03  1.0725E+03  7.3378E+02  5.4917E+02  5.6976E+02  6.4242E+02  6.6513E+02  5.9928E+02  5.0435E+02  3.7824E+02  2.5765E+02  1.5530E+02  8.0826E+01  3.3925E+01  9.5957E+00
  1.5069E+03  1.3894E+03  1.0481E+03  7.0044E+02  6.3666E+02  7.4163E+02  8.2865E+02  8.0838E+02  7.3844E+02  6.0443E+02  4.5424E+02  3.0690E+02  1.8547E+02  9.6677E+01  4.0959E+01  1.1898E+01
  1.7273E+03  1.4755E+03  9.8411E+02  7.0948E+02  7.9323E+02  9.3983E+02  9.8745E+02  9.6828E+02  8.5239E+02  6.9673E+02  5.1615E+02  3.4886E+02  2.0970E+02  1.0951E+02  4.6577E+01  1.3728E+01
  1.3588E+03  1.0661E+03  7.6683E+02  8.2090E+02  1.0029E+03  1.1148E+03  1.1512E+03  1.0738E+03  9.4193E+02  7.5497E+02  5.5849E+02  3.7462E+02  2.2499E+02  1.1724E+02  4.9943E+01  1.4819E+01
  6.3686E+02  7.8418E+02  9.6277E+02  1.0990E+03  1.1996E+03  1.2397E+03  1.2292E+03  1.1225E+03  9.7172E+02  7.7284E+02  5.6890E+02  3.8036E+02  2.2795E+02  1.1863E+02  5.0508E+01  1.4995E+01
  3.1822E+02  5.3438E+02  8.6621E+02  1.0452E+03  1.1635E+03  1.2198E+03  1.1784E+03  1.0930E+03  9.3140E+02  7.4533E+02  5.4477E+02  3.6480E+02  2.1800E+02  1.1343E+02  4.8173E+01  1.4224E+01
  5.7572E+02  4.1688E+02  3.6068E+02  7.1264E+02  9.1067E+02  1.0213E+03  1.0478E+03  9.6299E+02  8.4149E+02  6.6986E+02  4.9375E+02  3.2932E+02  1.9729E+02  1.0231E+02  4.3275E+01  1.2624E+01
  7.7797E+02  7.0965E+02  5.2008E+02  3.4342E+02  6.1430E+02  7.6058E+02  8.2422E+02  8.0769E+02  7.0020E+02  5.7136E+02  4.1995E+02  2.8193E+02  1.6837E+02  8.7162E+01  3.6566E+01  1.0432E+01
  8.2123E+02  7.8070E+02  6.9453E+02  4.9827E+02  3.2455E+02  5.2637E+02  6.0177E+02  6.1456E+02  5.6199E+02  4.5413E+02  3.4017E+02  2.2749E+02  1.3605E+02  6.9968E+01  2.8946E+01  7.9527E+00
  8.0899E+02  7.7328E+02  7.1103E+02  6.1179E+02  4.1891E+02  2.8716E+02  4.2822E+02  4.4116E+02  4.1841E+02  3.4935E+02  2.5905E+02  1.7493E+02  1.0378E+02  5.2835E+01  2.1352E+01  5.4929E+00
  7.6797E+02  7.3529E+02  6.7829E+02  6.0220E+02  4.9773E+02  3.1962E+02  2.3942E+02  3.2085E+02  2.9394E+02  2.5441E+02  1.9054E+02  1.2737E+02  7.5064E+01  3.7455E+01  1.4520E+01  3.3050E+00
  7.0875E+02  6.7928E+02  6.2713E+02  5.5761E+02  4.7756E+02  3.7625E+02  2.2373E+02  1.8645E+02  2.1591E+02  1.7425E+02  1.3528E+02  8.8749E+01  5.1574E+01  2.4808E+01  8.9430E+00  1.5526E+00
  6.3830E+02  6.1222E+02  5.6552E+02  5.0296E+02  4.3093E+02  3.5535E+02  2.6398E+02  1.4458E+02  1.3378E+02  1.2828E+02  9.0499E+01  6.0674E+01  3.3468E+01  1.5363E+01  4.8085E+00  3.4390E-01
  5.6217E+02  5.3952E+02  4.9853E+02  4.4359E+02  3.7993E+02  3.1333E+02  2.4764E+02  1.7120E+02  8.7863E+01  8.5851E+01  6.5278E+01  3.9457E+01  2.1331E+01  8.7970E+00  2.1343E+00  5.6936E-01
  4.8483E+02  4.6554E+02  4.3023E+02  3.8294E+02  3.2813E+02  2.7031E+02  2.1377E+02  1.6156E+02  1.0173E+02  5.0780E+01  4.6490E+01  2.7290E+01  1.3389E+01  4.8596E+00  1.0384E+00  9.5869E-01
  4.0978E+02  3.9366E+02  3.6383E+02  3.2389E+02  2.7763E+02  2.2880E+02  1.8048E+02  1.3703E+02  9.7964E+01  5.4575E+01  2.7836E+01  2.0723E+01  8.8093E+00  3.0147E+00  1.1937E+00  1.0758E+00
  3.3964E+02  3.2641E+02  3.0169E+02  2.6859E+02  2.3026E+02  1.8983E+02  1.4974E+02  1.1330E+02  8.2167E+01  5.4530E+01  2.6737E+01  1.3697E+01  7.0533E+00  2.2653E+00  1.3284E+00  1.0162E+00
  2.7615E+02  2.6550E+02  2.4538E+02  2.1847E+02  1.8731E+02  1.5444E+02  1.2183E+02  9.2176E+01  6.6463E+01  4.5444E+01  2.7528E+01  1.1787E+01  5.5786E+00  1.9926E+00  1.2423E+00  8.6582E-01
  2.2032E+02  2.1191E+02  1.9584E+02  1.7436E+02  1.4950E+02  1.2328E+02  9.7232E+01  7.3589E+01  5.3015E+01  3.6026E+01  2.3095E+01  1.2376E+01  4.7098E+00  1.8714E+00  1.0440E+00  6.8712E-01
  1.7253E+02  1.6599E+02  1.5340E+02  1.3657E+02  1.1710E+02  9.6571E+01  7.6145E+01  5.7631E+01  4.1545E+01  2.8166E+01  1.7972E+01  1.0597E+01  4.8464E+00  1.7293E+00  8.2601E-01  5.1839E-01
  1.3262E+02  1.2763E+02  1.1794E+02  1.0500E+02  9.0034E+01  7.4252E+01  5.8530E+01  4.4292E+01  3.1916E+01  2.1661E+01  1.3761E+01  8.1451E+00  4.2664E+00  1.6652E+00  6.5510E-01  3.7526E-01
  1.0008E+02  9.6349E+01  8.9021E+01  7.9250E+01  6.7954E+01  5.6045E+01  4.4166E+01  3.3419E+01  2.4075E+01  1.6343E+01  1.0396E+01  6.1047E+00  3.2681E+00  1.4783E+00  5.3032E-01  2.6440E-01
  7.4160E+01  7.1411E+01  6.5971E+01  5.8727E+01  5.0355E+01  4.1531E+01  3.2718E+01  2.4755E+01  1.7826E+01  1.2088E+01  7.7001E+00  4.5273E+00  2.3990E+00  1.1391E+00  4.2547E-01  1.8129E-01
  5.3959E+01  5.1970E+01  4.8005E+01  4.2729E+01  3.6637E+01  3.0217E+01  2.3798E+01  1.8004E+01  1.2961E+01  8.7894E+00  5.5896E+00  3.2958E+00  1.7429E+00  8.2119E-01  3.2267E-01  1.1684E-01
  3.8554E+01  3.7141E+01  3.4301E+01  3.0528E+01  2.6174E+01  2.1588E+01  1.6996E+01  1.2857E+01  9.2527E+00  6.2696E+00  3.9894E+00  2.3504E+00  1.2482E+00  5.8420E-01  2.2987E-01  7.1405E-02
  2.7054E+01  2.6066E+01  2.4069E+01  2.1418E+01  1.8362E+01  1.5144E+01  1.1919E+01  9.0153E+00  6.4861E+00  4.3942E+00  2.7920E+00  1.6455E+00  8.7534E-01  4.1131E-01  1.5948E-01  4.5458E-02
  1.8644E+01  1.7965E+01  1.6586E+01  1.4757E+01  1.2650E+01  1.0433E+01  8.2077E+00  6.2077E+00  4.4647E+00  3.0230E+00  1.9215E+00  1.1304E+00  6.0100E-01  2.8410E-01  1.0950E-01  3.1203E-02
  1.2619E+01  1.2161E+01  1.1224E+01  9.9850E+00  8.5584E+00  7.0581E+00  5.5506E+00  4.1975E+00  3.0179E+00  2.0427E+00  1.2971E+00  7.6367E-01  4.0515E-01  1.9170E-01  7.4401E-02  2.1366E-02
  8.3890E+00  8.0849E+00  7.4605E+00  6.6353E+00  5.6865E+00  4.6893E+00  3.6862E+00  2.7872E+00  2.0033E+00  1.3553E+00  8.6050E-01  5.0594E-01  2.6852E-01  1.2676E-01  4.9693E-02  1.3767E-02
  5.4776E+00  5.2793E+00  4.8703E+00  4.3306E+00  3.7108E+00  3.0597E+00  2.4042E+00  1.8176E+00  1.3059E+00  8.8308E-01  5.6034E-01  3.2955E-01  1.7456E-01  8.2413E-02  3.2332E-02  8.4901E-03
  3.5131E+00  3.3859E+00  3.1227E+00  2.7760E+00  2.3782E+00  1.9607E+00  1.5400E+00  1.1640E+00  8.3601E-01  5.6507E-01  3.5846E-01  2.1067E-01  1.1166E-01  5.2572E-02  2.0590E-02  5.4205E-03
  2.2131E+00  2.1330E+00  1.9666E+00  1.7477E+00  1.4970E+00  1.2340E+00  9.6877E-01  7.3213E-01  5.2563E-01  3.5515E-01  2.2521E-01  1.3233E-01  6.9974E-02  3.2948E-02  1.2853E-02  3.9092E-03
  1.3695E+00  1.3198E+00  1.2165E+00  1.0807E+00  9.2546E-01  7.6275E-01  5.9846E-01  4.5219E-01  3.2458E-01  2.1930E-01  1.3908E-01  8.1704E-02  4.3212E-02  2.0333E-02  7.9411E-03  2.8045E-03
  8.3240E-01  8.0218E-01  7.3911E-01  6.5648E-01  5.6211E-01  4.6336E-01  3.6360E-01  2.7494E-01  1.9751E-01  1.3345E-01  8.4518E-02  4.9492E-02  2.6053E-02  1.2208E-02  4.7550E-03  1.7866E-03
  4.9716E-01  4.7887E-01  4.4067E-01  3.9074E-01  3.3388E-01  2.7466E-01  2.1505E-01  1.6237E-01  1.1642E-01  7.8470E-02  4.9595E-02  2.9060E-02  1.5373E-02  7.2591E-03  2.8470E-03  9.8318E-04
  2.9105E-01  2.8165E-01  2.6143E-01  2.3469E-01  2.0359E-01  1.7020E-01  1.3519E-01  1.0313E-01  7.4455E-02  5.0268E-02  3.1751E-02  1.8563E-02  9.7568E-03  4.5456E-03  1.7579E-03  6.8496E-04
