# CREATED BY GENE DIAGNOSTICS TOOL on Sat May 17 18:09:46 2025 /home/unix/ottink/gene/diagnostics
# diag: vsp1, run(s): vim010vep040, time window: 381.64-381.645(1 steps), species: i
# original data path: /Differ/Data/IMT/lottink/Tokamak_ITG/vres_scan/v1/
# normalization: L_ref=1.65m
#
# vpar
 -3.0000E+00
 -2.9528E+00
 -2.9055E+00
 -2.8583E+00
 -2.8110E+00
 -2.7638E+00
 -2.7165E+00
 -2.6693E+00
 -2.6220E+00
 -2.5748E+00
 -2.5276E+00
 -2.4803E+00
 -2.4331E+00
 -2.3858E+00
 -2.3386E+00
 -2.2913E+00
 -2.2441E+00
 -2.1969E+00
 -2.1496E+00
 -2.1024E+00
 -2.0551E+00
 -2.0079E+00
 -1.9606E+00
 -1.9134E+00
 -1.8661E+00
 -1.8189E+00
 -1.7717E+00
 -1.7244E+00
 -1.6772E+00
 -1.6299E+00
 -1.5827E+00
 -1.5354E+00
 -1.4882E+00
 -1.4409E+00
 -1.3937E+00
 -1.3465E+00
 -1.2992E+00
 -1.2520E+00
 -1.2047E+00
 -1.1575E+00
 -1.1102E+00
 -1.0630E+00
 -1.0157E+00
 -9.6850E-01
 -9.2126E-01
 -8.7402E-01
 -8.2677E-01
 -7.7953E-01
 -7.3228E-01
 -6.8504E-01
 -6.3780E-01
 -5.9055E-01
 -5.4331E-01
 -4.9606E-01
 -4.4882E-01
 -4.0157E-01
 -3.5433E-01
 -3.0709E-01
 -2.5984E-01
 -2.1260E-01
 -1.6535E-01
 -1.1811E-01
 -7.0866E-02
 -2.3622E-02
  2.3622E-02
  7.0866E-02
  1.1811E-01
  1.6535E-01
  2.1260E-01
  2.5984E-01
  3.0709E-01
  3.5433E-01
  4.0157E-01
  4.4882E-01
  4.9606E-01
  5.4331E-01
  5.9055E-01
  6.3780E-01
  6.8504E-01
  7.3228E-01
  7.7953E-01
  8.2677E-01
  8.7402E-01
  9.2126E-01
  9.6850E-01
  1.0157E+00
  1.0630E+00
  1.1102E+00
  1.1575E+00
  1.2047E+00
  1.2520E+00
  1.2992E+00
  1.3465E+00
  1.3937E+00
  1.4409E+00
  1.4882E+00
  1.5354E+00
  1.5827E+00
  1.6299E+00
  1.6772E+00
  1.7244E+00
  1.7717E+00
  1.8189E+00
  1.8661E+00
  1.9134E+00
  1.9606E+00
  2.0079E+00
  2.0551E+00
  2.1024E+00
  2.1496E+00
  2.1969E+00
  2.2441E+00
  2.2913E+00
  2.3386E+00
  2.3858E+00
  2.4331E+00
  2.4803E+00
  2.5276E+00
  2.5748E+00
  2.6220E+00
  2.6693E+00
  2.7165E+00
  2.7638E+00
  2.8110E+00
  2.8583E+00
  2.9055E+00
  2.9528E+00
  3.0000E+00


# mu
  1.3581E-02
  7.1692E-02
  1.7680E-01
  3.2992E-01
  5.3256E-01
  7.8681E-01
  1.0955E+00
  1.4624E+00
  1.8925E+00
  2.3926E+00
  2.9718E+00
  3.6436E+00
  4.4281E+00
  5.3585E+00
  6.4984E+00
  8.0108E+00


# trapped boundary
#  mu         vpar      
  1.3581E-02 -6.4579E-02
  1.3581E-02  7.6321E-02
  7.1692E-02 -1.5851E-01
  7.1692E-02  1.7025E-01
  1.7680E-01 -2.5245E-01
  1.7680E-01  2.6419E-01
  3.2992E-01 -3.4638E-01
  3.2992E-01  3.5812E-01
  5.3256E-01 -4.4031E-01
  5.3256E-01  4.5205E-01
  7.8681E-01 -5.3425E-01
  7.8681E-01  5.4599E-01
  1.0955E+00 -6.2818E-01
  1.0955E+00  6.3992E-01
  1.4624E+00 -7.3386E-01
  1.4624E+00  7.4560E-01
  1.8925E+00 -8.2779E-01
  1.8925E+00  8.3953E-01
  2.3926E+00 -9.3346E-01
  2.3926E+00  9.4521E-01
  2.9718E+00 -1.0509E+00
  2.9718E+00  1.0626E+00
  3.6436E+00 -1.1566E+00
  3.6436E+00  1.1683E+00
  4.4281E+00 -1.2740E+00
  4.4281E+00  1.2857E+00
  5.3585E+00 -1.4031E+00
  5.3585E+00  1.4149E+00
  6.4984E+00 -1.5440E+00
  6.4984E+00  1.5558E+00
  8.0108E+00 -1.7202E+00
  8.0108E+00  1.7319E+00


# , time = 381.645, var = <|f|^2>^(1/2) , z = 0
  2.1139E-01  2.0317E-01  1.8939E-01  1.7064E-01  1.4785E-01  1.2237E-01  9.6042E-02  7.1042E-02  4.9205E-02  3.1665E-02  1.8825E-02  1.0325E-02  5.1900E-03  2.2434E-03  8.8115E-04  3.9816E-04
  2.8094E-01  2.6624E-01  2.4207E-01  2.1077E-01  1.7551E-01  1.3959E-01  1.0577E-01  7.5940E-02  5.1346E-02  3.2445E-02  1.8974E-02  1.0279E-02  4.9928E-03  2.2243E-03  9.3584E-04  3.0536E-04
  3.6892E-01  3.5018E-01  3.1938E-01  2.7937E-01  2.3384E-01  1.8665E-01  1.4148E-01  1.0152E-01  6.8833E-02  4.3894E-02  2.6103E-02  1.4384E-02  7.3752E-03  3.1727E-03  1.1132E-03  3.1046E-04
  4.8493E-01  4.6049E-01  4.2018E-01  3.6771E-01  3.0800E-01  2.4627E-01  1.8735E-01  1.3504E-01  9.1798E-02  5.8569E-02  3.4828E-02  1.9512E-02  9.6225E-03  4.1239E-03  1.5879E-03  5.3558E-04
  6.3593E-01  6.0418E-01  5.5171E-01  4.8326E-01  4.0516E-01  3.2409E-01  2.4620E-01  1.7667E-01  1.1928E-01  7.5505E-02  4.4572E-02  2.5044E-02  1.2556E-02  5.4126E-03  2.0202E-03  4.1203E-04
  8.3095E-01  7.9005E-01  7.2221E-01  6.3339E-01  5.3172E-01  4.2597E-01  3.2437E-01  2.3377E-01  1.5873E-01  1.0106E-01  5.9883E-02  3.4287E-02  1.6807E-02  7.0757E-03  2.5978E-03  9.5191E-04
  1.0800E+00  1.0278E+00  9.4100E-01  8.2678E-01  6.9536E-01  5.5801E-01  4.2539E-01  3.0645E-01  2.0764E-01  1.3180E-01  7.7832E-02  4.4744E-02  2.1622E-02  9.2202E-03  3.7290E-03  9.5965E-04
  1.3934E+00  1.3279E+00  1.2182E+00  1.0730E+00  9.0490E-01  7.2798E-01  5.5624E-01  4.0167E-01  2.7289E-01  1.7372E-01  1.0293E-01  6.0106E-02  2.8437E-02  1.1718E-02  4.1778E-03  1.4287E-03
  1.7816E+00  1.7006E+00  1.5642E+00  1.3824E+00  1.1700E+00  9.4454E-01  7.2388E-01  5.2380E-01  3.5607E-01  2.2661E-01  1.3442E-01  7.8930E-02  3.6518E-02  1.4959E-02  5.8651E-03  1.6382E-03
  2.2548E+00  2.1563E+00  1.9895E+00  1.7654E+00  1.5009E+00  1.2172E+00  9.3669E-01  6.8012E-01  4.6360E-01  2.9566E-01  1.7619E-01  1.0409E-01  4.7231E-02  1.9559E-02  6.9161E-03  2.2199E-03
  2.8239E+00  2.7057E+00  2.5047E+00  2.2326E+00  1.9082E+00  1.5562E+00  1.2038E+00  8.7789E-01  6.0016E-01  3.8336E-01  2.2980E-01  1.3547E-01  6.0121E-02  2.4715E-02  9.2036E-03  2.2706E-03
  3.5038E+00  3.3624E+00  3.1220E+00  2.7953E+00  2.4028E+00  1.9719E+00  1.5351E+00  1.1257E+00  7.7298E-01  4.9525E-01  2.9947E-01  1.7542E-01  7.6488E-02  3.1840E-02  1.1956E-02  3.3898E-03
  4.3190E+00  4.1477E+00  3.8585E+00  3.4671E+00  2.9965E+00  2.4756E+00  1.9409E+00  1.4329E+00  9.8914E-01  6.3588E-01  3.8864E-01  2.2467E-01  9.6369E-02  3.9511E-02  1.4879E-02  4.1497E-03
  5.3123E+00  5.0982E+00  4.7421E+00  4.2682E+00  3.7039E+00  3.0793E+00  2.4323E+00  1.8092E+00  1.2572E+00  8.1180E-01  5.0243E-01  2.8534E-01  1.2073E-01  4.8590E-02  1.9211E-02  5.1657E-03
  6.5503E+00  6.2724E+00  5.8183E+00  5.2298E+00  4.5455E+00  3.7973E+00  3.0210E+00  2.2653E+00  1.5860E+00  1.0295E+00  6.4565E-01  3.5860E-01  1.5023E-01  6.2337E-02  2.2732E-02  6.6827E-03
  8.1181E+00  7.7493E+00  7.1532E+00  6.3999E+00  5.5521E+00  4.6489E+00  3.7205E+00  2.8121E+00  1.9851E+00  1.2970E+00  8.2403E-01  4.4643E-01  1.8613E-01  7.6895E-02  2.8718E-02  8.8272E-03
  1.0095E+01  9.6107E+00  8.8258E+00  7.8437E+00  6.7683E+00  5.6608E+00  4.5476E+00  3.4619E+00  2.4645E+00  1.6228E+00  1.0428E+00  5.5014E-01  2.2892E-01  9.8927E-02  3.5107E-02  9.8515E-03
  1.2519E+01  1.1911E+01  1.0907E+01  9.6348E+00  8.2527E+00  6.8707E+00  5.5244E+00  4.2291E+00  3.0352E+00  2.0167E+00  1.3073E+00  6.7175E-01  2.8212E-01  1.2009E-01  4.3294E-02  1.2981E-02
  1.5367E+01  1.4649E+01  1.3429E+01  1.1835E+01  1.0071E+01  8.3271E+00  6.6799E+00  5.1315E+00  3.7095E+00  2.4895E+00  1.6215E+00  8.1279E-01  3.4292E-01  1.4571E-01  5.4675E-02  1.5107E-02
  1.8562E+01  1.7764E+01  1.6371E+01  1.4470E+01  1.2282E+01  1.0085E+01  8.0506E+00  6.1908E+00  4.5019E+00  3.0535E+00  1.9888E+00  9.7524E-01  4.1595E-01  1.7576E-01  6.7448E-02  1.7538E-02
  2.2006E+01  2.1163E+01  1.9657E+01  1.7514E+01  1.4913E+01  1.2198E+01  9.6781E+00  7.4323E+00  5.4283E+00  3.7224E+00  2.4105E+00  1.1615E+00  5.0372E-01  2.1363E-01  8.0949E-02  2.2186E-02
  2.5611E+01  2.4746E+01  2.3185E+01  2.0892E+01  1.7950E+01  1.4701E+01  1.1605E+01  8.8833E+00  6.5058E+00  4.5100E+00  2.8870E+00  1.3748E+00  6.0703E-01  2.6511E-01  9.9527E-02  2.5883E-02
  2.9319E+01  2.8442E+01  2.6859E+01  2.4498E+01  2.1330E+01  1.7598E+01  1.3867E+01  1.0572E+01  7.7511E+00  5.4284E+00  3.4169E+00  1.6183E+00  7.3794E-01  3.2825E-01  1.1797E-01  3.1595E-02
  3.3086E+01  3.2195E+01  3.0602E+01  2.8225E+01  2.4953E+01  2.0854E+01  1.6483E+01  1.2525E+01  9.1806E+00  6.4855E+00  3.9989E+00  1.8977E+00  8.8155E-01  3.9809E-01  1.3944E-01  3.8932E-02
  3.6836E+01  3.5943E+01  3.4349E+01  3.1983E+01  2.8703E+01  2.4392E+01  1.9450E+01  1.4764E+01  1.0810E+01  7.6820E+00  4.6314E+00  2.2119E+00  1.0471E+00  4.7193E-01  1.6646E-01  4.6133E-02
  4.0422E+01  3.9565E+01  3.8017E+01  3.5695E+01  3.2470E+01  2.8106E+01  2.2730E+01  1.7299E+01  1.2654E+01  9.0104E+00  5.3136E+00  2.5750E+00  1.2364E+00  5.4708E-01  1.9972E-01  5.5605E-02
  4.3585E+01  4.2848E+01  4.1457E+01  3.9267E+01  3.6158E+01  3.1877E+01  2.6256E+01  2.0126E+01  1.4727E+01  1.0453E+01  6.0487E+00  3.0005E+00  1.4667E+00  6.3955E-01  2.3686E-01  6.6702E-02
  4.5958E+01  4.5469E+01  4.4428E+01  4.2554E+01  3.9674E+01  3.5590E+01  2.9934E+01  2.3222E+01  1.7037E+01  1.1984E+01  6.8436E+00  3.4915E+00  1.7590E+00  7.5773E-01  2.8401E-01  7.6914E-02
  4.7095E+01  4.7017E+01  4.6595E+01  4.5331E+01  4.2896E+01  3.9138E+01  3.3653E+01  2.6540E+01  1.9578E+01  1.3573E+01  7.7070E+00  4.0500E+00  2.1031E+00  9.1270E-01  3.3696E-01  9.0183E-02
  4.6552E+01  4.7054E+01  4.7557E+01  4.7293E+01  4.5651E+01  4.2415E+01  3.7298E+01  3.0014E+01  2.2322E+01  1.5191E+01  8.6536E+00  4.6536E+00  2.4693E+00  1.1133E+00  3.9140E-01  1.0394E-01
  4.4003E+01  4.5204E+01  4.6916E+01  4.8084E+01  4.7698E+01  4.5301E+01  4.0755E+01  3.3561E+01  2.5205E+01  1.6816E+01  9.6974E+00  5.3620E+00  2.8570E+00  1.3272E+00  4.6114E-01  1.1863E-01
  3.9484E+01  4.1330E+01  4.4378E+01  4.7352E+01  4.8747E+01  4.7636E+01  4.3911E+01  3.7087E+01  2.8128E+01  1.8444E+01  1.0886E+01  6.2645E+00  3.2695E+00  1.5532E+00  5.2988E-01  1.3853E-01
  3.4022E+01  3.5923E+01  3.9940E+01  4.4840E+01  4.8497E+01  4.9221E+01  4.6651E+01  4.0485E+01  3.0966E+01  2.0093E+01  1.2259E+01  7.3621E+00  3.7748E+00  1.7802E+00  6.0144E-01  1.5889E-01
  3.1170E+01  3.1184E+01  3.4352E+01  4.0534E+01  4.6694E+01  4.9825E+01  4.8848E+01  4.3637E+01  3.3592E+01  2.1808E+01  1.3771E+01  8.5211E+00  4.4677E+00  1.9864E+00  6.8353E-01  1.8139E-01
  3.7186E+01  3.2541E+01  3.0320E+01  3.5018E+01  4.3230E+01  4.9221E+01  5.0355E+01  4.6396E+01  3.5912E+01  2.3643E+01  1.5387E+01  9.6172E+00  5.3465E+00  2.2047E+00  7.6990E-01  2.0561E-01
  5.4173E+01  4.4659E+01  3.3408E+01  3.0362E+01  3.8310E+01  4.7237E+01  5.1011E+01  4.8597E+01  3.7907E+01  2.5685E+01  1.7278E+01  1.0728E+01  6.3752E+00  2.4483E+00  8.9378E-01  2.2479E-01
  7.9672E+01  6.6133E+01  4.6786E+01  3.1189E+01  3.2851E+01  4.3825E+01  5.0660E+01  5.0074E+01  3.9646E+01  2.8012E+01  1.9831E+01  1.2291E+01  7.4210E+00  2.7305E+00  1.0708E+00  2.4694E-01
  1.1189E+02  9.4543E+01  6.8307E+01  4.1229E+01  2.9331E+01  3.9183E+01  4.9185E+01  5.0721E+01  4.1268E+01  3.0673E+01  2.2972E+01  1.4695E+01  8.3632E+00  3.0620E+00  1.3022E+00  2.7128E-01
  1.4988E+02  1.2858E+02  9.5679E+01  5.9017E+01  3.1841E+01  3.3973E+01  4.6572E+01  5.0545E+01  4.2931E+01  3.3624E+01  2.5778E+01  1.7764E+01  9.1575E+00  3.4039E+00  1.5893E+00  3.0788E-01
  1.9274E+02  1.6726E+02  1.2752E+02  8.1962E+01  4.2032E+01  2.9732E+01  4.2989E+01  4.9690E+01  4.4746E+01  3.6911E+01  2.7488E+01  2.0968E+01  9.8350E+00  3.7072E+00  1.8956E+00  3.6745E-01
  2.3919E+02  2.0933E+02  1.6260E+02  1.0833E+02  5.7724E+01  2.9029E+01  3.8824E+01  4.8384E+01  4.6748E+01  4.0862E+01  2.9461E+01  2.3690E+01  1.0541E+01  3.9339E+00  2.1872E+00  4.4870E-01
  2.8745E+02  2.5309E+02  1.9940E+02  1.3670E+02  7.6532E+01  3.3668E+01  3.4589E+01  4.6832E+01  4.8922E+01  4.5482E+01  3.4998E+01  2.5611E+01  1.1373E+01  4.0860E+00  2.4297E+00  5.4998E-01
  3.3514E+02  2.9638E+02  2.3610E+02  1.6561E+02  9.6788E+01  4.2587E+01  3.0717E+01  4.5142E+01  5.1188E+01  4.9425E+01  4.5581E+01  2.6797E+01  1.2357E+01  4.2431E+00  2.5819E+00  6.6185E-01
  3.7946E+02  3.3679E+02  2.7079E+02  1.9364E+02  1.1725E+02  5.3606E+01  2.7516E+01  4.3322E+01  5.3456E+01  5.0990E+01  5.9680E+01  2.7616E+01  1.3511E+01  4.5553E+00  2.6347E+00  7.7038E-01
  4.1799E+02  3.7237E+02  3.0200E+02  2.1970E+02  1.3709E+02  6.5348E+01  2.5533E+01  4.1324E+01  5.5688E+01  5.1453E+01  7.5057E+01  2.8953E+01  1.4654E+01  5.1556E+00  2.5887E+00  8.6672E-01
  4.4984E+02  4.0253E+02  3.2932E+02  2.4349E+02  1.5611E+02  7.7636E+01  2.5880E+01  3.8972E+01  5.7566E+01  5.6120E+01  8.9639E+01  3.2022E+01  1.5738E+01  6.0326E+00  2.4881E+00  9.3849E-01
  4.7700E+02  4.2895E+02  3.5404E+02  2.6583E+02  1.7496E+02  9.1046E+01  2.9469E+01  3.5851E+01  5.7856E+01  6.7560E+01  1.0190E+02  3.7738E+01  1.6824E+01  7.1109E+00  2.4220E+00  9.7797E-01
  5.0421E+02  4.5540E+02  3.7921E+02  2.8880E+02  1.9474E+02  1.0565E+02  3.5858E+01  3.1793E+01  5.5285E+01  8.0679E+01  1.1112E+02  4.6541E+01  1.8121E+01  8.2423E+00  2.5034E+00  9.8843E-01
  5.3673E+02  4.8620E+02  4.0810E+02  3.1428E+02  2.1539E+02  1.2011E+02  4.3797E+01  2.8072E+01  5.1196E+01  8.9614E+01  1.1738E+02  5.7911E+01  2.0240E+01  9.3052E+00  2.7927E+00  9.6757E-01
  5.7583E+02  5.2174E+02  4.3954E+02  3.3982E+02  2.3345E+02  1.3258E+02  5.2573E+01  2.6824E+01  4.9456E+01  9.2443E+01  1.2110E+02  7.0707E+01  2.3782E+01  1.0310E+01  3.2698E+00  9.3678E-01
  6.1007E+02  5.5042E+02  4.6203E+02  3.5548E+02  2.4319E+02  1.4226E+02  6.2668E+01  2.7277E+01  5.0681E+01  9.0575E+01  1.2222E+02  8.3676E+01  2.9020E+01  1.1270E+01  3.8520E+00  9.1400E-01
  6.1317E+02  5.4912E+02  4.5793E+02  3.5105E+02  2.4346E+02  1.4928E+02  7.4320E+01  2.6347E+01  5.1394E+01  8.6389E+01  1.2049E+02  9.5579E+01  3.5971E+01  1.2342E+01  4.4391E+00  9.2223E-01
  5.7394E+02  5.0936E+02  4.2420E+02  3.3145E+02  2.4077E+02  1.5325E+02  8.4870E+01  2.3665E+01  5.0045E+01  8.1532E+01  1.1612E+02  1.0521E+02  4.4157E+01  1.3744E+01  5.0075E+00  9.8641E-01
  5.2343E+02  4.5913E+02  3.8637E+02  3.1570E+02  2.3761E+02  1.5556E+02  9.0150E+01  2.1201E+01  4.7665E+01  7.6732E+01  1.0992E+02  1.1200E+02  5.3057E+01  1.5555E+01  5.5020E+00  1.1000E+00
  5.0138E+02  4.3459E+02  3.7022E+02  3.0728E+02  2.2828E+02  1.6054E+02  8.9542E+01  1.9391E+01  4.5157E+01  7.2378E+01  1.0267E+02  1.1552E+02  6.2174E+01  1.7875E+01  5.9236E+00  1.2441E+00
  5.1317E+02  4.3890E+02  3.6885E+02  2.9746E+02  2.1593E+02  1.6805E+02  8.7893E+01  1.7697E+01  4.2679E+01  6.8779E+01  9.5422E+01  1.1581E+02  7.0943E+01  2.0661E+01  6.3266E+00  1.4131E+00
  5.2215E+02  4.4378E+02  3.6971E+02  2.9550E+02  2.0741E+02  1.7213E+02  8.8841E+01  1.6041E+01  4.0372E+01  6.6057E+01  8.9110E+01  1.1339E+02  7.8879E+01  2.3672E+01  6.6734E+00  1.5623E+00
  4.9986E+02  4.3653E+02  3.7419E+02  3.0281E+02  2.0219E+02  1.7131E+02  9.0482E+01  1.4801E+01  3.8498E+01  6.4358E+01  8.4118E+01  1.0914E+02  8.5893E+01  2.6890E+01  7.0667E+00  1.7029E+00
  4.8020E+02  4.3846E+02  3.8142E+02  3.0947E+02  2.0361E+02  1.6848E+02  9.1261E+01  1.4993E+01  3.7093E+01  6.3678E+01  8.0536E+01  1.0374E+02  9.1586E+01  3.0045E+01  7.4945E+00  1.8136E+00
  4.9067E+02  4.4963E+02  3.8823E+02  3.1391E+02  2.1285E+02  1.6480E+02  9.0651E+01  1.6170E+01  3.6120E+01  6.3666E+01  7.8517E+01  9.8411E+01  9.6056E+01  3.2943E+01  7.9210E+00  1.8838E+00
  4.9833E+02  4.5593E+02  3.9289E+02  3.1608E+02  2.2357E+02  1.6130E+02  8.7192E+01  1.6209E+01  3.5512E+01  6.3856E+01  7.7798E+01  9.4235E+01  9.9708E+01  3.5672E+01  8.4467E+00  1.9418E+00
  5.0134E+02  4.5899E+02  3.9515E+02  3.1641E+02  2.2972E+02  1.5761E+02  8.0988E+01  1.3670E+01  3.5339E+01  6.3541E+01  7.7172E+01  9.0937E+01  1.0216E+02  3.7809E+01  8.9005E+00  1.9565E+00
  5.0183E+02  4.5922E+02  3.9490E+02  3.1525E+02  2.3030E+02  1.5002E+02  7.1177E+01  7.1523E+00  3.8327E+01  6.4695E+01  7.7755E+01  8.9472E+01  1.0413E+02  3.9486E+01  9.3350E+00  1.9531E+00
  4.9931E+02  4.5569E+02  3.8967E+02  3.0813E+02  2.2065E+02  1.3563E+02  5.8138E+01  6.5077E+00  4.5459E+01  7.0086E+01  8.2850E+01  9.2447E+01  1.0777E+02  4.1580E+01  1.0067E+01  2.0273E+00
  4.9546E+02  4.5571E+02  3.9586E+02  3.2190E+02  2.4118E+02  1.6314E+02  9.6044E+01  3.9676E+01  1.0449E+01  4.0700E+01  6.4197E+01  8.0430E+01  9.9127E+01  3.8295E+01  9.0944E+00  1.6516E+00
  4.8804E+02  4.4759E+02  3.8660E+02  3.1160E+02  2.2894E+02  1.4712E+02  8.3217E+01  3.1501E+01  1.3903E+01  4.5684E+01  6.9891E+01  8.5466E+01  1.0158E+02  3.9032E+01  9.5442E+00  1.6848E+00
  4.7838E+02  4.3831E+02  3.7798E+02  3.0446E+02  2.2492E+02  1.3602E+02  7.2491E+01  2.7628E+01  1.7805E+01  4.8025E+01  7.2377E+01  8.8681E+01  1.0110E+02  3.8183E+01  9.4916E+00  1.6118E+00
  4.6566E+02  4.2706E+02  3.6926E+02  2.9715E+02  2.2582E+02  1.2717E+02  6.5501E+01  2.8273E+01  2.0011E+01  5.0177E+01  7.4623E+01  9.2585E+01  9.9513E+01  3.6704E+01  9.2502E+00  1.5205E+00
  4.5682E+02  4.1786E+02  3.6149E+02  2.8719E+02  2.2782E+02  1.1554E+02  6.2661E+01  2.9626E+01  2.2452E+01  5.3753E+01  7.7785E+01  9.7802E+01  9.7150E+01  3.4908E+01  8.9047E+00  1.4294E+00
  4.5697E+02  4.1401E+02  3.5286E+02  2.7458E+02  2.2698E+02  1.0541E+02  6.5494E+01  3.0354E+01  2.4869E+01  5.7882E+01  8.1173E+01  1.0330E+02  9.3322E+01  3.2581E+01  8.3275E+00  1.3013E+00
  4.2627E+02  3.8302E+02  3.3761E+02  2.6920E+02  2.2295E+02  1.0102E+02  6.9923E+01  3.0039E+01  2.7814E+01  6.2228E+01  8.4958E+01  1.0873E+02  8.8288E+01  3.0070E+01  7.6641E+00  1.1685E+00
  4.1719E+02  3.5654E+02  3.1276E+02  2.6386E+02  2.1713E+02  9.8005E+01  7.3458E+01  2.8044E+01  3.1446E+01  6.6605E+01  8.9644E+01  1.1355E+02  8.2171E+01  2.7403E+01  6.8855E+00  1.0189E+00
  4.7451E+02  4.0353E+02  3.3418E+02  2.6874E+02  2.0958E+02  9.9648E+01  7.8422E+01  2.4219E+01  3.5412E+01  7.0944E+01  9.5313E+01  1.1659E+02  7.4952E+01  2.4581E+01  6.0104E+00  8.5280E-01
  5.2745E+02  4.6126E+02  3.8292E+02  3.0083E+02  2.1421E+02  1.1122E+02  8.0105E+01  1.8807E+01  4.0011E+01  7.5340E+01  1.0181E+02  1.1719E+02  6.7081E+01  2.1772E+01  5.1329E+00  6.9988E-01
  5.5522E+02  4.9353E+02  4.1214E+02  3.2538E+02  2.2923E+02  1.2677E+02  7.0432E+01  1.3427E+01  4.5234E+01  7.9672E+01  1.0870E+02  1.1490E+02  5.8906E+01  1.8935E+01  4.2177E+00  5.6110E-01
  5.7321E+02  5.1314E+02  4.2751E+02  3.3170E+02  2.3503E+02  1.3588E+02  5.3206E+01  1.0261E+01  5.0247E+01  8.3998E+01  1.1525E+02  1.0946E+02  5.0717E+01  1.6094E+01  3.3334E+00  4.7941E-01
  5.6567E+02  5.0904E+02  4.2492E+02  3.2497E+02  2.2576E+02  1.3170E+02  4.0167E+01  7.7531E+00  5.3592E+01  8.8115E+01  1.2029E+02  1.0111E+02  4.2962E+01  1.3345E+01  2.5017E+00  4.8692E-01
  5.2596E+02  4.7563E+02  3.9866E+02  3.0418E+02  2.0611E+02  1.1617E+02  3.3225E+01  1.5138E+01  5.3985E+01  9.1463E+01  1.2312E+02  9.0605E+01  3.5843E+01  1.0652E+01  1.7264E+00  5.5831E-01
  4.7534E+02  4.3073E+02  3.6060E+02  2.7386E+02  1.8142E+02  9.5789E+01  2.4958E+01  2.8766E+01  5.2626E+01  9.2725E+01  1.2344E+02  7.8816E+01  2.9450E+01  8.1256E+00  1.1252E+00  6.5468E-01
  4.3119E+02  3.8979E+02  3.2362E+02  2.4234E+02  1.5591E+02  7.5457E+01  1.7094E+01  4.0400E+01  5.4350E+01  8.9796E+01  1.2108E+02  6.6901E+01  2.3841E+01  5.8291E+00  8.7672E-01  7.4488E-01
  3.9379E+02  3.5386E+02  2.9010E+02  2.1264E+02  1.3148E+02  5.7469E+01  1.8607E+01  4.8111E+01  6.0549E+01  8.1063E+01  1.1572E+02  5.6104E+01  1.8915E+01  3.8042E+00  1.0986E+00  8.0213E-01
  3.5669E+02  3.1788E+02  2.5658E+02  1.8304E+02  1.0777E+02  4.2860E+01  2.6802E+01  5.3088E+01  6.5892E+01  6.8193E+01  1.0672E+02  4.7267E+01  1.4586E+01  2.2207E+00  1.4847E+00  8.2926E-01
  3.1485E+02  2.7802E+02  2.2034E+02  1.5205E+02  8.4326E+01  3.2666E+01  3.5582E+01  5.6584E+01  6.6744E+01  5.7060E+01  9.3572E+01  4.0794E+01  1.0941E+01  1.3859E+00  1.8455E+00  8.1960E-01
  2.6731E+02  2.3376E+02  1.8139E+02  1.2015E+02  6.1900E+01  2.8815E+01  4.3444E+01  5.8955E+01  6.4347E+01  5.2632E+01  7.7110E+01  3.6442E+01  7.9885E+00  1.6069E+00  2.0990E+00  7.7695E-01
  2.1670E+02  1.8741E+02  1.4174E+02  8.9141E+01  4.2765E+01  3.2110E+01  5.0133E+01  6.0294E+01  6.1169E+01  5.2108E+01  5.9487E+01  3.3298E+01  5.8756E+00  2.1634E+00  2.2325E+00  7.1215E-01
  1.6702E+02  1.4235E+02  1.0411E+02  6.1403E+01  3.1332E+01  3.9547E+01  5.5579E+01  6.0687E+01  5.8005E+01  5.0266E+01  4.3388E+01  3.0433E+01  4.7025E+00  2.5839E+00  2.2403E+00  6.2577E-01
  1.2169E+02  1.0161E+02  7.1115E+01  4.0221E+01  3.1749E+01  4.7671E+01  5.9676E+01  6.0202E+01  5.4581E+01  4.5992E+01  3.1695E+01  2.7255E+01  4.3502E+00  2.7698E+00  2.1286E+00  5.3422E-01
  8.3033E+01  6.7490E+01  4.5574E+01  3.0922E+01  3.9510E+01  5.4600E+01  6.2276E+01  5.8919E+01  5.0827E+01  4.0925E+01  2.6156E+01  2.3534E+01  4.6262E+00  2.7033E+00  1.9352E+00  4.4066E-01
  5.3009E+01  4.2660E+01  3.2256E+01  3.4856E+01  4.8156E+01  5.9565E+01  6.3272E+01  5.6933E+01  4.6948E+01  3.6478E+01  2.4620E+01  1.9459E+01  5.1871E+00  2.4542E+00  1.6825E+00  3.5256E-01
  3.5312E+01  3.2082E+01  3.4046E+01  4.3668E+01  5.5094E+01  6.2396E+01  6.2681E+01  5.4327E+01  4.3136E+01  3.2671E+01  2.3230E+01  1.5323E+01  5.6618E+00  2.0538E+00  1.4049E+00  2.7710E-01
  3.3891E+01  3.6175E+01  4.2633E+01  5.1697E+01  5.9633E+01  6.3221E+01  6.0655E+01  5.1180E+01  3.9472E+01  2.9108E+01  2.0530E+01  1.1663E+01  5.8519E+00  1.6119E+00  1.1429E+00  2.1084E-01
  4.1724E+01  4.5005E+01  5.0843E+01  5.7297E+01  6.1768E+01  6.2294E+01  5.7457E+01  4.7590E+01  3.5971E+01  2.5741E+01  1.7257E+01  9.1809E+00  5.6242E+00  1.2499E+00  9.0510E-01  1.5896E-01
  4.9993E+01  5.2550E+01  5.6528E+01  6.0213E+01  6.1773E+01  5.9899E+01  5.3407E+01  4.3688E+01  3.2613E+01  2.2661E+01  1.4534E+01  7.9660E+00  5.0078E+00  1.0275E+00  7.1599E-01  1.1840E-01
  5.5738E+01  5.7255E+01  5.9346E+01  6.0681E+01  6.0023E+01  5.6318E+01  4.8837E+01  3.9621E+01  2.9361E+01  1.9869E+01  1.2564E+01  7.2960E+00  4.1152E+00  9.6990E-01  5.7199E-01  8.7128E-02
  5.8445E+01  5.9021E+01  5.9564E+01  5.9136E+01  5.6887E+01  5.1852E+01  4.4050E+01  3.5528E+01  2.6193E+01  1.7315E+01  1.0890E+01  6.4910E+00  3.1589E+00  9.7673E-01  4.5249E-01  6.6743E-02
  5.8396E+01  5.8257E+01  5.7687E+01  5.6058E+01  5.2685E+01  4.6840E+01  3.9290E+01  3.1518E+01  2.3111E+01  1.4986E+01  9.2674E+00  5.4107E+00  2.3591E+00  9.5545E-01  3.6069E-01  5.2765E-02
  5.6176E+01  5.5562E+01  5.4277E+01  5.1864E+01  4.7727E+01  4.1643E+01  3.4719E+01  2.7663E+01  2.0142E+01  1.2876E+01  7.7865E+00  4.3264E+00  1.8289E+00  9.0109E-01  2.8111E-01  4.4792E-02
  5.2438E+01  5.1543E+01  4.9825E+01  4.6901E+01  4.2375E+01  3.6579E+01  3.0422E+01  2.4011E+01  1.7329E+01  1.0982E+01  6.5318E+00  3.4861E+00  1.5684E+00  7.9565E-01  2.1381E-01  4.2448E-02
  4.7753E+01  4.6699E+01  4.4717E+01  4.1510E+01  3.7028E+01  3.1860E+01  2.6424E+01  2.0602E+01  1.4722E+01  9.2961E+00  5.4709E+00  2.9183E+00  1.4212E+00  6.5156E-01  1.6599E-01  4.0940E-02
  4.2553E+01  4.1408E+01  3.9295E+01  3.6087E+01  3.2029E+01  2.7569E+01  2.2728E+01  1.7469E+01  1.2361E+01  7.8059E+00  4.5554E+00  2.4718E+00  1.2402E+00  5.0352E-01  1.3160E-01  3.9773E-02
  3.7173E+01  3.6009E+01  3.3937E+01  3.1022E+01  2.7557E+01  2.3694E+01  1.9335E+01  1.4644E+01  1.0270E+01  6.4996E+00  3.7567E+00  2.0456E+00  1.0178E+00  3.6503E-01  1.0731E-01  3.8372E-02
  3.1946E+01  3.0860E+01  2.9016E+01  2.6550E+01  2.3615E+01  2.0189E+01  1.6259E+01  1.2147E+01  8.4544E+00  5.3635E+00  3.0792E+00  1.6365E+00  7.7787E-01  2.6056E-01  9.3799E-02  3.5389E-02
  2.7200E+01  2.6274E+01  2.4738E+01  2.2676E+01  2.0111E+01  1.7017E+01  1.3515E+01  9.9805E+00  6.8997E+00  4.3852E+00  2.5078E+00  1.3045E+00  5.8116E-01  1.9918E-01  8.4000E-02  3.1040E-02
  2.3113E+01  2.2349E+01  2.1064E+01  1.9268E+01  1.6956E+01  1.4170E+01  1.1110E+01  8.1284E+00  5.5849E+00  3.5533E+00  2.0281E+00  1.0494E+00  4.5341E-01  1.7594E-01  7.2770E-02  2.7599E-02
  1.9619E+01  1.8964E+01  1.7831E+01  1.6207E+01  1.4114E+01  1.1652E+01  9.0393E+00  6.5655E+00  4.4867E+00  2.8555E+00  1.6275E+00  8.4464E-01  3.7913E-01  1.6272E-01  6.4780E-02  2.2504E-02
  1.6542E+01  1.5950E+01  1.4919E+01  1.3449E+01  1.1591E+01  9.4713E+00  7.2872E+00  5.2642E+00  3.5816E+00  2.2774E+00  1.2961E+00  6.7306E-01  3.1695E-01  1.4227E-01  5.5249E-02  1.7627E-02
  1.3768E+01  1.3232E+01  1.2304E+01  1.1004E+01  9.4023E+00  7.6227E+00  5.8300E+00  4.1950E+00  2.8438E+00  1.8032E+00  1.0244E+00  5.2549E-01  2.5597E-01  1.1693E-01  4.1454E-02  1.4099E-02
  1.1290E+01  1.0817E+01  1.0007E+01  8.8940E+00  7.5511E+00  6.0875E+00  4.6360E+00  3.3258E+00  2.2462E+00  1.4172E+00  8.0333E-01  4.0856E-01  1.8991E-01  8.6275E-02  3.2036E-02  9.5980E-03
  9.1371E+00  8.7333E+00  8.0495E+00  7.1224E+00  6.0196E+00  4.8331E+00  3.6682E+00  2.6237E+00  1.7641E+00  1.1057E+00  6.2487E-01  3.1679E-01  1.4118E-01  5.8310E-02  2.2559E-02  6.4713E-03
  7.3245E+00  6.9890E+00  6.4251E+00  5.6671E+00  4.7732E+00  3.8190E+00  2.8888E+00  2.0587E+00  1.3768E+00  8.5645E-01  4.8200E-01  2.4381E-01  1.0571E-01  3.9634E-02  1.6131E-02  4.5393E-03
  5.8361E+00  5.5618E+00  5.1026E+00  4.4885E+00  3.7681E+00  3.0036E+00  2.2629E+00  1.6053E+00  1.0669E+00  6.5826E-01  3.6854E-01  1.8562E-01  8.3622E-02  3.0310E-02  1.1481E-02  2.9035E-03
  4.6317E+00  4.4085E+00  4.0362E+00  3.5399E+00  2.9604E+00  2.3492E+00  1.7613E+00  1.2426E+00  8.2018E-01  5.0175E-01  2.7911E-01  1.3967E-01  6.6733E-02  2.7145E-02  1.0720E-02  2.8769E-03
  3.6615E+00  3.4800E+00  3.1779E+00  2.7770E+00  2.3115E+00  1.8245E+00  1.3603E+00  9.5373E-01  6.2494E-01  3.7899E-01  2.0921E-01  1.0417E-01  4.9682E-02  2.5120E-02  9.3886E-03  3.0867E-03
  2.8788E+00  2.7310E+00  2.4859E+00  2.1625E+00  1.7902E+00  1.4048E+00  1.0410E+00  7.2508E-01  4.7154E-01  2.8337E-01  1.5503E-01  7.7103E-02  3.6547E-02  1.9764E-02  8.7779E-03  3.0467E-03
  2.2453E+00  2.1253E+00  1.9273E+00  1.6681E+00  1.3729E+00  1.0707E+00  7.8853E-01  5.4555E-01  3.5198E-01  2.0945E-01  1.1346E-01  5.6468E-02  2.6189E-02  1.5526E-02  7.0366E-03  2.5340E-03
  1.7327E+00  1.6359E+00  1.4775E+00  1.2721E+00  1.0410E+00  8.0712E-01  5.9078E-01  4.0588E-01  2.5958E-01  1.5276E-01  8.1923E-02  4.0950E-02  1.9448E-02  9.2915E-03  5.9061E-03  2.7497E-03
  1.3199E+00  1.2430E+00  1.1182E+00  9.5801E-01  7.7979E-01  6.0132E-01  4.3747E-01  2.9825E-01  1.8881E-01  1.0971E-01  5.8325E-02  2.9433E-02  1.4974E-02  6.6419E-03  3.5790E-03  1.7710E-03
  9.9106E-01  9.3111E-01  8.3458E-01  7.1199E-01  5.7686E-01  4.4254E-01  3.1986E-01  2.1610E-01  1.3512E-01  7.7406E-02  4.0917E-02  2.1001E-02  1.1131E-02  4.3217E-03  2.7758E-03  1.5253E-03
  7.3309E-01  6.8729E-01  6.1420E-01  5.2212E-01  4.2126E-01  3.2145E-01  2.3057E-01  1.5402E-01  9.4863E-02  5.3544E-02  2.8307E-02  1.4932E-02  8.2805E-03  4.2133E-03  1.1743E-03  9.1194E-04
  5.3424E-01  4.9996E-01  4.4572E-01  3.7772E-01  3.0349E-01  2.3014E-01  1.6347E-01  1.0763E-01  6.5095E-02  3.6193E-02  1.9258E-02  1.0563E-02  6.0454E-03  3.9810E-03  1.1900E-03  5.1217E-04
  3.8374E-01  3.5853E-01  3.1893E-01  2.6943E-01  2.1541E-01  1.6203E-01  1.1362E-01  7.3437E-02  4.3479E-02  2.3902E-02  1.3055E-02  7.6632E-03  4.5374E-03  3.0715E-03  1.1604E-03  4.0974E-04
  2.7180E-01  2.5348E-01  2.2494E-01  1.8928E-01  1.5032E-01  1.1183E-01  7.7081E-02  4.8616E-02  2.7997E-02  1.5183E-02  8.6123E-03  5.5020E-03  3.5098E-03  2.4612E-03  1.0787E-03  3.0570E-04
  1.8986E-01  1.7664E-01  1.5621E-01  1.3071E-01  1.0284E-01  7.5345E-02  5.0740E-02  3.1015E-02  1.7405E-02  9.7315E-03  6.2380E-03  4.3479E-03  2.8125E-03  1.3290E-03  1.1546E-03  2.2806E-04
  1.3079E-01  1.2125E-01  1.0669E-01  8.8533E-02  6.8717E-02  4.9261E-02  3.2043E-02  1.8544E-02  9.7126E-03  5.4648E-03  4.0899E-03  3.1884E-03  2.1551E-03  9.5724E-04  8.3630E-04  4.4072E-04
  8.8869E-02  8.1965E-02  7.1570E-02  5.8676E-02  4.4663E-02  3.1048E-02  1.9309E-02  1.0711E-02  6.1279E-03  4.6221E-03  3.8110E-03  2.8089E-03  1.7906E-03  8.5863E-04  6.6408E-04  3.4422E-04
  5.9699E-02  5.4650E-02  4.7201E-02  3.8067E-02  2.8245E-02  1.8797E-02  1.0711E-02  4.8570E-03  2.4696E-03  2.7566E-03  2.7285E-03  2.1145E-03  1.3028E-03  6.5677E-04  3.5098E-04  3.1393E-04
  4.0203E-02  3.6350E-02  3.0693E-02  2.3772E-02  1.6491E-02  1.0022E-02  5.7512E-03  4.5315E-03  4.5348E-03  4.0557E-03  3.1518E-03  2.1535E-03  1.2689E-03  8.5521E-04  2.9263E-04  3.3311E-04
  2.5844E-02  2.4256E-02  2.2323E-02  1.9997E-02  1.7234E-02  1.4047E-02  1.0646E-02  7.4305E-03  4.8442E-03  3.0694E-03  1.9769E-03  1.2626E-03  7.3982E-04  3.9727E-04  2.9321E-04  3.8574E-04
