# CREATED BY GENE DIAGNOSTICS TOOL on Sat May 17 18:10:54 2025 /home/unix/ottink/gene/diagnostics
# diag: vsp1, run(s): vip010vem005, time window: 227.6-227.6094(1 steps), species: i
# original data path: /Differ/Data/IMT/lottink/Tokamak_ITG/vres_scan/v2/
# normalization: L_ref=1.65m
#
# vpar
 -3.0000E+00
 -2.9528E+00
 -2.9055E+00
 -2.8583E+00
 -2.8110E+00
 -2.7638E+00
 -2.7165E+00
 -2.6693E+00
 -2.6220E+00
 -2.5748E+00
 -2.5276E+00
 -2.4803E+00
 -2.4331E+00
 -2.3858E+00
 -2.3386E+00
 -2.2913E+00
 -2.2441E+00
 -2.1969E+00
 -2.1496E+00
 -2.1024E+00
 -2.0551E+00
 -2.0079E+00
 -1.9606E+00
 -1.9134E+00
 -1.8661E+00
 -1.8189E+00
 -1.7717E+00
 -1.7244E+00
 -1.6772E+00
 -1.6299E+00
 -1.5827E+00
 -1.5354E+00
 -1.4882E+00
 -1.4409E+00
 -1.3937E+00
 -1.3465E+00
 -1.2992E+00
 -1.2520E+00
 -1.2047E+00
 -1.1575E+00
 -1.1102E+00
 -1.0630E+00
 -1.0157E+00
 -9.6850E-01
 -9.2126E-01
 -8.7402E-01
 -8.2677E-01
 -7.7953E-01
 -7.3228E-01
 -6.8504E-01
 -6.3780E-01
 -5.9055E-01
 -5.4331E-01
 -4.9606E-01
 -4.4882E-01
 -4.0157E-01
 -3.5433E-01
 -3.0709E-01
 -2.5984E-01
 -2.1260E-01
 -1.6535E-01
 -1.1811E-01
 -7.0866E-02
 -2.3622E-02
  2.3622E-02
  7.0866E-02
  1.1811E-01
  1.6535E-01
  2.1260E-01
  2.5984E-01
  3.0709E-01
  3.5433E-01
  4.0157E-01
  4.4882E-01
  4.9606E-01
  5.4331E-01
  5.9055E-01
  6.3780E-01
  6.8504E-01
  7.3228E-01
  7.7953E-01
  8.2677E-01
  8.7402E-01
  9.2126E-01
  9.6850E-01
  1.0157E+00
  1.0630E+00
  1.1102E+00
  1.1575E+00
  1.2047E+00
  1.2520E+00
  1.2992E+00
  1.3465E+00
  1.3937E+00
  1.4409E+00
  1.4882E+00
  1.5354E+00
  1.5827E+00
  1.6299E+00
  1.6772E+00
  1.7244E+00
  1.7717E+00
  1.8189E+00
  1.8661E+00
  1.9134E+00
  1.9606E+00
  2.0079E+00
  2.0551E+00
  2.1024E+00
  2.1496E+00
  2.1969E+00
  2.2441E+00
  2.2913E+00
  2.3386E+00
  2.3858E+00
  2.4331E+00
  2.4803E+00
  2.5276E+00
  2.5748E+00
  2.6220E+00
  2.6693E+00
  2.7165E+00
  2.7638E+00
  2.8110E+00
  2.8583E+00
  2.9055E+00
  2.9528E+00
  3.0000E+00


# mu
  1.3581E-02
  7.1692E-02
  1.7680E-01
  3.2992E-01
  5.3256E-01
  7.8681E-01
  1.0955E+00
  1.4624E+00
  1.8925E+00
  2.3926E+00
  2.9718E+00
  3.6436E+00
  4.4281E+00
  5.3585E+00
  6.4984E+00
  8.0108E+00


# trapped boundary
#  mu         vpar      
  1.3581E-02 -6.4579E-02
  1.3581E-02  7.6321E-02
  7.1692E-02 -1.5851E-01
  7.1692E-02  1.7025E-01
  1.7680E-01 -2.5245E-01
  1.7680E-01  2.6419E-01
  3.2992E-01 -3.4638E-01
  3.2992E-01  3.5812E-01
  5.3256E-01 -4.4031E-01
  5.3256E-01  4.5205E-01
  7.8681E-01 -5.3425E-01
  7.8681E-01  5.4599E-01
  1.0955E+00 -6.2818E-01
  1.0955E+00  6.3992E-01
  1.4624E+00 -7.3386E-01
  1.4624E+00  7.4560E-01
  1.8925E+00 -8.2779E-01
  1.8925E+00  8.3953E-01
  2.3926E+00 -9.3346E-01
  2.3926E+00  9.4521E-01
  2.9718E+00 -1.0509E+00
  2.9718E+00  1.0626E+00
  3.6436E+00 -1.1566E+00
  3.6436E+00  1.1683E+00
  4.4281E+00 -1.2740E+00
  4.4281E+00  1.2857E+00
  5.3585E+00 -1.4031E+00
  5.3585E+00  1.4149E+00
  6.4984E+00 -1.5440E+00
  6.4984E+00  1.5558E+00
  8.0108E+00 -1.7202E+00
  8.0108E+00  1.7319E+00


# , time = 227.6094, var = <|f|^2>^(1/2) , z = 0
  2.4136E+00  2.2731E+00  2.0497E+00  1.7680E+00  1.4568E+00  1.1427E+00  8.4818E-01  5.9196E-01  3.8762E-01  2.3955E-01  1.4257E-01  8.3255E-02  4.6920E-02  2.4612E-02  1.4325E-02  6.7826E-03
  3.4562E+00  3.2508E+00  2.9220E+00  2.5098E+00  2.0636E+00  1.6295E+00  1.2399E+00  9.0877E-01  6.3729E-01  4.2153E-01  2.6002E-01  1.4932E-01  7.8956E-02  3.6904E-02  1.4988E-02  8.7890E-03
  4.8325E+00  4.5527E+00  4.0997E+00  3.5216E+00  2.8800E+00  2.2366E+00  1.6437E+00  1.1390E+00  7.4289E-01  4.5662E-01  2.6629E-01  1.4912E-01  8.0638E-02  4.0392E-02  1.5308E-02  9.6103E-03
  6.6980E+00  6.3189E+00  5.7018E+00  4.9115E+00  4.0329E+00  3.1529E+00  2.3455E+00  1.6610E+00  1.1218E+00  7.2260E-01  4.4155E-01  2.5225E-01  1.3325E-01  6.5671E-02  2.6349E-02  1.0141E-02
  9.1939E+00  8.6852E+00  7.8526E+00  6.7808E+00  5.5813E+00  4.3699E+00  3.2470E+00  2.2836E+00  1.5163E+00  9.4813E-01  5.5862E-01  3.1045E-01  1.6195E-01  7.6918E-02  2.5170E-02  1.8940E-02
  1.2509E+01  1.1831E+01  1.0717E+01  9.2773E+00  7.6579E+00  6.0137E+00  4.4826E+00  3.1646E+00  2.1130E+00  1.3324E+00  7.9327E-01  4.4454E-01  2.3176E-01  1.0933E-01  5.0363E-02  1.0969E-02
  1.6884E+01  1.5986E+01  1.4505E+01  1.2585E+01  1.0417E+01  8.2032E+00  6.1299E+00  4.3340E+00  2.8915E+00  1.8143E+00  1.0679E+00  5.8817E-01  3.0264E-01  1.4055E-01  5.8532E-02  2.0634E-02
  2.2627E+01  2.1442E+01  1.9483E+01  1.6938E+01  1.4054E+01  1.1099E+01  8.3175E+00  5.8953E+00  3.9403E+00  2.4751E+00  1.4576E+00  8.0159E-01  4.1006E-01  1.8878E-01  8.7878E-02  1.4228E-02
  3.0125E+01  2.8566E+01  2.5987E+01  2.2630E+01  1.8819E+01  1.4901E+01  1.1197E+01  7.9569E+00  5.3278E+00  3.3468E+00  1.9655E+00  1.0729E+00  5.4312E-01  2.6063E-01  1.0587E-01  2.4791E-02
  3.9854E+01  3.7815E+01  3.4434E+01  3.0028E+01  2.5019E+01  1.9857E+01  1.4961E+01  1.0660E+01  7.1538E+00  4.4992E+00  2.6405E+00  1.4365E+00  7.2200E-01  3.3618E-01  1.2623E-01  3.3190E-02
  5.2393E+01  4.9742E+01  4.5337E+01  3.9588E+01  3.3041E+01  2.6279E+01  1.9848E+01  1.4178E+01  9.5386E+00  6.0092E+00  3.5254E+00  1.9089E+00  9.5481E-01  4.3902E-01  1.6758E-01  5.3030E-02
  6.8418E+01  6.5001E+01  5.9306E+01  5.1856E+01  4.3352E+01  3.4547E+01  2.6150E+01  1.8727E+01  1.2630E+01  7.9743E+00  4.6805E+00  2.5243E+00  1.2591E+00  5.6251E-01  2.0249E-01  6.6168E-02
  8.8696E+01  8.4337E+01  7.7048E+01  6.7478E+01  5.6515E+01  4.5126E+01  3.4230E+01  2.4569E+01  1.6612E+01  1.0514E+01  6.1780E+00  3.3190E+00  1.6422E+00  7.1149E-01  2.9722E-01  1.1095E-01
  1.1406E+02  1.0857E+02  9.9350E+01  8.7188E+01  7.3183E+01  5.8564E+01  4.4519E+01  3.2024E+01  2.1704E+01  1.3774E+01  8.1055E+00  4.3398E+00  2.1366E+00  9.6936E-01  3.8779E-01  1.3116E-01
  1.4537E+02  1.3855E+02  1.2705E+02  1.1179E+02  9.4093E+01  7.5498E+01  5.7532E+01  4.1477E+01  2.8176E+01  1.7930E+01  1.0570E+01  5.6421E+00  2.7684E+00  1.2431E+00  5.1871E-01  1.5832E-01
  1.8349E+02  1.7515E+02  1.6101E+02  1.4212E+02  1.2004E+02  9.6641E+01  7.3860E+01  5.3380E+01  3.6345E+01  2.3193E+01  1.3696E+01  7.2920E+00  3.5725E+00  1.6477E+00  6.3759E-01  1.9359E-01
  2.2925E+02  2.1920E+02  2.0208E+02  1.7904E+02  1.5186E+02  1.2276E+02  9.4166E+01  6.8254E+01  4.6587E+01  2.9815E+01  1.7632E+01  9.3714E+00  4.6106E+00  2.0441E+00  7.8834E-01  2.3650E-01
  2.8353E+02  2.7155E+02  2.5108E+02  2.2337E+02  1.9038E+02  1.5467E+02  1.1917E+02  8.6690E+01  5.9335E+01  3.8086E+01  2.2551E+01  1.1973E+01  5.8496E+00  2.5336E+00  9.4908E-01  2.5359E-01
  3.4740E+02  3.3320E+02  3.0893E+02  2.7596E+02  2.3643E+02  1.9318E+02  1.4964E+02  1.0933E+02  7.5080E+01  4.8345E+01  2.8648E+01  1.5206E+01  7.3858E+00  3.1568E+00  1.1622E+00  3.2722E-01
  4.2231E+02  4.0546E+02  3.7672E+02  3.3774E+02  2.9085E+02  2.3910E+02  1.8636E+02  1.3688E+02  9.4369E+01  6.0974E+01  3.6147E+01  1.9194E+01  9.3257E+00  3.9810E+00  1.4797E+00  3.9059E-01
  5.1023E+02  4.9009E+02  4.5592E+02  4.0984E+02  3.5456E+02  2.9327E+02  2.3010E+02  1.7004E+02  1.1779E+02  7.6396E+01  4.5298E+01  2.4090E+01  1.1733E+01  5.1529E+00  1.9304E+00  4.8885E-01
  6.1320E+02  5.8913E+02  5.4836E+02  4.9374E+02  4.2864E+02  3.5655E+02  2.8168E+02  2.0955E+02  1.4597E+02  9.5071E+01  5.6380E+01  3.0068E+01  1.4871E+01  6.6028E+00  2.4011E+00  7.0271E-01
  7.3253E+02  7.0417E+02  6.5589E+02  5.9113E+02  5.1441E+02  4.2992E+02  3.4192E+02  2.5617E+02  1.7955E+02  1.1748E+02  6.9700E+01  3.7366E+01  1.8435E+01  8.1994E+00  3.1014E+00  9.2416E-01
  8.6778E+02  8.3540E+02  7.7952E+02  7.0360E+02  6.1336E+02  5.1449E+02  4.1170E+02  3.1069E+02  2.1922E+02  1.4410E+02  8.5603E+01  4.6073E+01  2.2635E+01  9.9853E+00  3.7857E+00  1.1989E+00
  1.0167E+03  9.8109E+02  9.1864E+02  8.3183E+02  7.2681E+02  6.1144E+02  4.9190E+02  3.7390E+02  2.6569E+02  1.7544E+02  1.0445E+02  5.6521E+01  2.7530E+01  1.1862E+01  4.5121E+00  1.5028E+00
  1.1758E+03  1.1380E+03  1.0708E+03  9.7489E+02  8.5534E+02  7.2182E+02  5.8340E+02  4.4654E+02  3.1967E+02  2.1200E+02  1.2667E+02  6.8998E+01  3.3722E+01  1.4147E+01  5.4043E+00  1.7327E+00
  1.3413E+03  1.3023E+03  1.2323E+03  1.1301E+03  9.9818E+02  8.4619E+02  6.8695E+02  5.2928E+02  3.8184E+02  2.5429E+02  1.5272E+02  8.3991E+01  4.1753E+01  1.7251E+01  6.3789E+00  1.9892E+00
  1.5084E+03  1.4695E+03  1.3988E+03  1.2935E+03  1.1530E+03  9.8420E+02  8.0302E+02  6.2265E+02  4.5278E+02  3.0284E+02  1.8311E+02  1.0191E+02  5.1540E+01  2.1509E+01  7.5016E+00  2.2266E+00
  1.6710E+03  1.6339E+03  1.5653E+03  1.4605E+03  1.3159E+03  1.1343E+03  9.3160E+02  7.2700E+02  5.3291E+02  3.5816E+02  2.1843E+02  1.2234E+02  6.2321E+01  2.6954E+01  8.9716E+00  2.3718E+00
  1.8207E+03  1.7880E+03  1.7255E+03  1.6258E+03  1.4824E+03  1.2935E+03  1.0719E+03  8.4242E+02  6.2245E+02  4.2080E+02  2.5909E+02  1.4571E+02  7.3819E+01  3.3071E+01  1.0859E+01  2.4655E+00
  1.9465E+03  1.9219E+03  1.8713E+03  1.7831E+03  1.6473E+03  1.4579E+03  1.2223E+03  9.6863E+02  7.2141E+02  4.9129E+02  3.0595E+02  1.7333E+02  8.6039E+01  3.9768E+01  1.3080E+01  2.5027E+00
  2.0357E+03  2.0237E+03  1.9925E+03  1.9247E+03  1.8047E+03  1.6227E+03  1.3801E+03  1.1049E+03  8.2961E+02  5.7024E+02  3.5985E+02  2.0706E+02  1.0142E+02  4.6194E+01  1.6030E+01  2.4661E+00
  2.0747E+03  2.0802E+03  2.0772E+03  2.0409E+03  1.9478E+03  1.7826E+03  1.5419E+03  1.2499E+03  9.4672E+02  6.5826E+02  4.2139E+02  2.4720E+02  1.2245E+02  5.2179E+01  1.9468E+01  2.5337E+00
  2.0514E+03  2.0790E+03  2.1130E+03  2.1210E+03  2.0685E+03  1.9320E+03  1.7034E+03  1.4016E+03  1.0724E+03  7.5590E+02  4.9049E+02  2.9122E+02  1.4965E+02  5.8581E+01  2.3429E+01  2.6974E+00
  1.9587E+03  2.0106E+03  2.0888E+03  2.1535E+03  2.1574E+03  2.0644E+03  1.8600E+03  1.5575E+03  1.2062E+03  8.6382E+02  5.6741E+02  3.3598E+02  1.8208E+02  6.5343E+01  2.8476E+01  3.1589E+00
  1.8026E+03  1.8740E+03  1.9971E+03  2.1281E+03  2.2046E+03  2.1723E+03  2.0065E+03  1.7143E+03  1.3480E+03  9.8251E+02  6.5524E+02  3.8461E+02  2.1548E+02  7.4175E+01  3.4306E+01  4.3447E+00
  1.6220E+03  1.6901E+03  1.8406E+03  2.0377E+03  2.2003E+03  2.2476E+03  2.1371E+03  1.8685E+03  1.4973E+03  1.1126E+03  7.5785E+02  4.4630E+02  2.4544E+02  8.6208E+01  4.1489E+01  6.2401E+00
  1.5296E+03  1.5317E+03  1.6463E+03  1.8828E+03  2.1366E+03  2.2819E+03  2.2459E+03  2.0166E+03  1.6535E+03  1.2537E+03  8.7204E+02  5.3034E+02  2.6927E+02  1.0100E+02  5.0141E+01  8.9665E+00
  1.7220E+03  1.5643E+03  1.4990E+03  1.6825E+03  2.0093E+03  2.2671E+03  2.3262E+03  2.1550E+03  1.8154E+03  1.4052E+03  9.8710E+02  6.3727E+02  2.8579E+02  1.1837E+02  5.9590E+01  1.2348E+01
  2.3197E+03  1.9667E+03  1.5720E+03  1.4999E+03  1.8234E+03  2.1961E+03  2.3715E+03  2.2802E+03  1.9808E+03  1.5687E+03  1.1010E+03  7.5499E+02  2.9764E+02  1.3620E+02  6.9869E+01  1.6097E+01
  3.2854E+03  2.7575E+03  2.0186E+03  1.4786E+03  1.6041E+03  2.0648E+03  2.3752E+03  2.3881E+03  2.1469E+03  1.7472E+03  1.2350E+03  8.6995E+02  3.0877E+02  1.5215E+02  7.9850E+01  2.0183E+01
  4.5561E+03  3.8667E+03  2.8260E+03  1.7866E+03  1.4241E+03  1.8746E+03  2.3312E+03  2.4739E+03  2.3094E+03  1.9341E+03  1.4266E+03  9.7408E+02  3.2498E+02  1.6504E+02  8.8658E+01  2.4244E+01
  6.0930E+03  5.2414E+03  3.9193E+03  2.4479E+03  1.4308E+03  1.6384E+03  2.2339E+03  2.5313E+03  2.4646E+03  2.1089E+03  1.6938E+03  1.0679E+03  3.5158E+02  1.7371E+02  9.5766E+01  2.8087E+01
  7.8674E+03  6.8481E+03  5.2462E+03  3.3862E+03  1.7619E+03  1.3961E+03  2.0780E+03  2.5537E+03  2.6102E+03  2.2631E+03  2.0140E+03  1.1648E+03  3.9219E+02  1.7938E+02  1.0009E+02  3.1620E+01
  9.8461E+03  8.6551E+03  6.7704E+03  4.5378E+03  2.4036E+03  1.2467E+03  1.8603E+03  2.5336E+03  2.7406E+03  2.4317E+03  2.3476E+03  1.2811E+03  4.5345E+02  1.8546E+02  1.0170E+02  3.4432E+01
  1.1984E+04  1.0624E+04  8.4577E+03  5.8601E+03  3.2724E+03  1.3481E+03  1.5826E+03  2.4645E+03  2.8345E+03  2.6743E+03  2.6649E+03  1.4320E+03  5.3886E+02  1.9797E+02  1.0100E+02  3.6642E+01
  1.4231E+04  1.2710E+04  1.0272E+04  7.3183E+03  4.3065E+03  1.7654E+03  1.2597E+03  2.3424E+03  2.8602E+03  2.9993E+03  2.9525E+03  1.6297E+03  6.5052E+02  2.2298E+02  9.9121E+01  3.8055E+01
  1.6539E+04  1.4867E+04  1.2172E+04  8.8763E+03  5.4610E+03  2.4171E+03  9.4547E+02  2.1631E+03  2.8169E+03  3.3365E+03  3.2146E+03  1.8718E+03  7.9124E+02  2.6519E+02  9.8693E+01  3.8674E+01
  1.8856E+04  1.7041E+04  1.4106E+04  1.0487E+04  6.6887E+03  3.2063E+03  7.9717E+02  1.9124E+03  2.7587E+03  3.6015E+03  3.4616E+03  2.1491E+03  9.5704E+02  3.2567E+02  1.0307E+02  3.8906E+01
  2.1100E+04  1.9147E+04  1.5995E+04  1.2077E+04  7.9257E+03  4.0545E+03  9.7679E+02  1.5738E+03  2.7337E+03  3.7598E+03  3.6909E+03  2.4500E+03  1.1455E+03  4.0089E+02  1.1473E+02  3.8726E+01
  2.3130E+04  2.1054E+04  1.7714E+04  1.3539E+04  9.0856E+03  4.8877E+03  1.3412E+03  1.1683E+03  2.7140E+03  3.8248E+03  3.8917E+03  2.7552E+03  1.3538E+03  4.8957E+02  1.3452E+02  3.8847E+01
  2.4752E+04  2.2577E+04  1.9097E+04  1.4743E+04  1.0074E+04  5.6311E+03  1.7452E+03  7.7129E+02  2.6435E+03  3.8237E+03  4.0526E+03  3.0481E+03  1.5730E+03  5.8818E+02  1.6181E+02  3.9835E+01
  2.5796E+04  2.3553E+04  2.0009E+04  1.5592E+04  1.0821E+04  6.2196E+03  2.1988E+03  4.4509E+02  2.5101E+03  3.7785E+03  4.1627E+03  3.3171E+03  1.7986E+03  6.9258E+02  1.9343E+02  4.1895E+01
  2.6237E+04  2.3964E+04  2.0443E+04  1.6082E+04  1.1326E+04  6.6195E+03  2.6984E+03  2.0445E+02  2.3388E+03  3.7037E+03  4.2195E+03  3.5466E+03  2.0241E+03  8.0270E+02  2.2875E+02  4.5708E+01
  2.6242E+04  2.3970E+04  2.0543E+04  1.6311E+04  1.1679E+04  6.8550E+03  3.1259E+03  2.6782E+02  2.1582E+03  3.6077E+03  4.2327E+03  3.7304E+03  2.2388E+03  9.1331E+02  2.6563E+02  5.1049E+01
  2.6114E+04  2.3867E+04  2.0565E+04  1.6470E+04  1.1998E+04  7.0166E+03  3.3990E+03  5.0920E+02  1.9855E+03  3.4979E+03  4.2094E+03  3.8693E+03  2.4397E+03  1.0219E+03  3.0162E+02  5.7367E+01
  2.6219E+04  2.4021E+04  2.0789E+04  1.6715E+04  1.2309E+04  7.2052E+03  3.5772E+03  7.3126E+02  1.8261E+03  3.3835E+03  4.1578E+03  3.9611E+03  2.6213E+03  1.1286E+03  3.3777E+02  6.5010E+01
  2.6700E+04  2.4541E+04  2.1238E+04  1.7034E+04  1.2595E+04  7.4389E+03  3.7354E+03  9.0929E+02  1.6809E+03  3.2682E+03  4.0914E+03  4.0107E+03  2.7740E+03  1.2251E+03  3.7020E+02  7.2674E+01
  2.7339E+04  2.5180E+04  2.1751E+04  1.7423E+04  1.2881E+04  7.6954E+03  3.8838E+03  1.0413E+03  1.5513E+03  3.1533E+03  4.0192E+03  4.0326E+03  2.9026E+03  1.3127E+03  3.9928E+02  8.0388E+01
  2.7992E+04  2.5803E+04  2.2294E+04  1.7888E+04  1.3174E+04  7.9945E+03  4.0473E+03  1.1414E+03  1.4306E+03  3.0410E+03  3.9403E+03  4.0269E+03  3.0027E+03  1.3894E+03  4.2545E+02  8.8070E+01
  2.8663E+04  2.6426E+04  2.2839E+04  1.8354E+04  1.3455E+04  8.3322E+03  4.2681E+03  1.2396E+03  1.3062E+03  2.9300E+03  3.8524E+03  3.9899E+03  3.0628E+03  1.4442E+03  4.4348E+02  9.4137E+01
  2.9285E+04  2.7006E+04  2.3351E+04  1.8775E+04  1.3735E+04  8.6983E+03  4.5717E+03  1.3774E+03  1.1707E+03  2.8402E+03  3.7852E+03  3.9558E+03  3.1062E+03  1.4883E+03  4.5877E+02  9.9814E+01
  2.9817E+04  2.7518E+04  2.3833E+04  1.9207E+04  1.4134E+04  9.2142E+03  5.0555E+03  1.6947E+03  9.1701E+02  2.6839E+03  3.6772E+03  3.8884E+03  3.1107E+03  1.5094E+03  4.6694E+02  1.0385E+02
  3.0266E+04  2.8011E+04  2.4398E+04  1.9855E+04  1.4888E+04  1.0048E+04  5.7774E+03  2.2559E+03  5.6000E+02  2.3358E+03  3.3754E+03  3.6570E+03  2.9841E+03  1.4584E+03  4.4927E+02  1.0122E+02
  3.0556E+04  2.8063E+04  2.4068E+04  1.9065E+04  1.3651E+04  8.3636E+03  3.6541E+03  2.4622E+02  2.5973E+03  4.0256E+03  4.5790E+03  4.4550E+03  3.4634E+03  1.6733E+03  5.2587E+02  1.2131E+02
  3.0823E+04  2.8388E+04  2.4483E+04  1.9586E+04  1.4305E+04  9.1320E+03  4.3565E+03  5.2729E+02  2.1449E+03  3.6648E+03  4.2817E+03  4.2290E+03  3.2996E+03  1.5852E+03  4.9624E+02  1.1488E+02
  3.0975E+04  2.8552E+04  2.4665E+04  1.9778E+04  1.4518E+04  9.5071E+03  4.7624E+03  8.5907E+02  1.9569E+03  3.5547E+03  4.2132E+03  4.1804E+03  3.2303E+03  1.5361E+03  4.8281E+02  1.1221E+02
  3.1026E+04  2.8608E+04  2.4736E+04  1.9863E+04  1.4550E+04  9.6808E+03  4.9512E+03  9.8328E+02  1.9318E+03  3.5479E+03  4.2108E+03  4.1682E+03  3.1587E+03  1.4780E+03  4.6670E+02  1.0839E+02
  3.0981E+04  2.8578E+04  2.4734E+04  1.9904E+04  1.4534E+04  9.7882E+03  5.0360E+03  1.0177E+03  1.9448E+03  3.5467E+03  4.2061E+03  4.1431E+03  3.0563E+03  1.4006E+03  4.4416E+02  1.0267E+02
  3.0913E+04  2.8501E+04  2.4686E+04  1.9906E+04  1.4514E+04  9.8518E+03  5.0481E+03  1.0042E+03  1.9916E+03  3.5681E+03  4.2256E+03  4.1258E+03  2.9430E+03  1.3194E+03  4.2175E+02  9.6874E+01
  3.0850E+04  2.8397E+04  2.4631E+04  1.9901E+04  1.4526E+04  9.8784E+03  5.0090E+03  9.6904E+02  2.0627E+03  3.6071E+03  4.2594E+03  4.0948E+03  2.8050E+03  1.2279E+03  3.9571E+02  9.0269E+01
  3.0801E+04  2.8309E+04  2.4590E+04  1.9913E+04  1.4584E+04  9.8534E+03  4.9245E+03  9.2454E+02  2.1534E+03  3.6611E+03  4.2937E+03  4.0309E+03  2.6388E+03  1.1294E+03  3.6767E+02  8.3387E+01
  3.0970E+04  2.8436E+04  2.4666E+04  1.9958E+04  1.4638E+04  9.7223E+03  4.8016E+03  8.7967E+02  2.2601E+03  3.7227E+03  4.3192E+03  3.9314E+03  2.4543E+03  1.0313E+03  3.3980E+02  7.7130E+01
  3.1421E+04  2.8833E+04  2.4913E+04  2.0041E+04  1.4630E+04  9.4669E+03  4.6530E+03  8.4789E+02  2.3761E+03  3.7838E+03  4.3279E+03  3.7888E+03  2.2506E+03  9.3118E+02  3.1005E+02  7.0973E+01
  3.1929E+04  2.9284E+04  2.5182E+04  2.0081E+04  1.4509E+04  9.1284E+03  4.4431E+03  8.5001E+02  2.4937E+03  3.8385E+03  4.3044E+03  3.5963E+03  2.0344E+03  8.3482E+02  2.8116E+02  6.5846E+01
  3.2159E+04  2.9478E+04  2.5238E+04  1.9941E+04  1.4223E+04  8.7274E+03  4.1106E+03  9.0897E+02  2.6037E+03  3.8771E+03  4.2355E+03  3.3602E+03  1.8175E+03  7.4490E+02  2.5322E+02  6.1715E+01
  3.1817E+04  2.9140E+04  2.4856E+04  1.9486E+04  1.3721E+04  8.2331E+03  3.6620E+03  1.0072E+03  2.6909E+03  3.8899E+03  4.1191E+03  3.0903E+03  1.6053E+03  6.6053E+02  2.2649E+02  5.8329E+01
  3.0798E+04  2.8170E+04  2.3939E+04  1.8642E+04  1.2974E+04  7.6149E+03  3.1662E+03  1.1048E+03  2.7398E+03  3.8679E+03  3.9539E+03  2.7952E+03  1.4057E+03  5.8514E+02  2.0317E+02  5.5962E+01
  2.9214E+04  2.6671E+04  2.2562E+04  1.7445E+04  1.1997E+04  6.8792E+03  2.6779E+03  1.2105E+03  2.7530E+03  3.7937E+03  3.7458E+03  2.4951E+03  1.2278E+03  5.1804E+02  1.8318E+02  5.4012E+01
  2.7260E+04  2.4824E+04  2.0882E+04  1.6007E+04  1.0856E+04  6.0620E+03  2.2164E+03  1.3566E+03  2.7512E+03  3.6438E+03  3.5115E+03  2.2071E+03  1.0712E+03  4.5862E+02  1.6751E+02  5.2197E+01
  2.5090E+04  2.2775E+04  1.9034E+04  1.4442E+04  9.6306E+03  5.2111E+03  1.8008E+03  1.5332E+03  2.7441E+03  3.4103E+03  3.2643E+03  1.9440E+03  9.3871E+02  4.0844E+02  1.5630E+02  5.0400E+01
  2.2790E+04  2.0610E+04  1.7104E+04  1.2829E+04  8.3875E+03  4.3742E+03  1.4709E+03  1.7045E+03  2.7204E+03  3.1197E+03  3.0073E+03  1.7202E+03  8.2915E+02  3.6614E+02  1.4828E+02  4.8035E+01
  2.0409E+04  1.8384E+04  1.5145E+04  1.1215E+04  7.1712E+03  3.5895E+03  1.2756E+03  1.8500E+03  2.6693E+03  2.8285E+03  2.7399E+03  1.5398E+03  7.3707E+02  3.3167E+02  1.4207E+02  4.5181E+01
  1.7993E+04  1.6147E+04  1.3200E+04  9.6385E+03  6.0111E+03  2.8851E+03  1.2362E+03  1.9659E+03  2.5938E+03  2.5890E+03  2.4575E+03  1.3977E+03  6.6105E+02  3.0418E+02  1.3617E+02  4.1725E+01
  1.5603E+04  1.3948E+04  1.1307E+04  8.1280E+03  4.9292E+03  2.2844E+03  1.3178E+03  2.0525E+03  2.5025E+03  2.4059E+03  2.1631E+03  1.2870E+03  5.9722E+02  2.8121E+02  1.2915E+02  3.7608E+01
  1.3300E+04  1.1838E+04  9.5054E+03  6.7113E+03  3.9461E+03  1.8166E+03  1.4584E+03  2.1104E+03  2.4008E+03  2.2444E+03  1.8785E+03  1.1922E+03  5.4246E+02  2.6071E+02  1.2038E+02  3.3226E+01
  1.1132E+04  9.8565E+03  7.8257E+03  5.4121E+03  3.0832E+03  1.5174E+03  1.6116E+03  2.1412E+03  2.2909E+03  2.0781E+03  1.6320E+03  1.0988E+03  4.9659E+02  2.4053E+02  1.1010E+02  2.8598E+01
  9.1335E+03  8.0353E+03  6.2942E+03  4.2520E+03  2.3678E+03  1.4056E+03  1.7521E+03  2.1473E+03  2.1741E+03  1.9080E+03  1.4405E+03  9.9915E+02  4.5703E+02  2.1961E+02  9.8360E+01  2.4069E+01
  7.3294E+03  6.3971E+03  4.9321E+03  3.2531E+03  1.8371E+03  1.4457E+03  1.8672E+03  2.1311E+03  2.0525E+03  1.7443E+03  1.2963E+03  8.8997E+02  4.2233E+02  1.9743E+02  8.6192E+01  1.9965E+01
  5.7356E+03  4.9591E+03  3.7585E+03  2.4428E+03  1.5310E+03  1.5641E+03  1.9506E+03  2.0943E+03  1.9286E+03  1.5916E+03  1.1732E+03  7.7756E+02  3.9006E+02  1.7521E+02  7.4482E+01  1.6323E+01
  4.3644E+03  3.7365E+03  2.7950E+03  1.8592E+03  1.4494E+03  1.6983E+03  1.9993E+03  2.0378E+03  1.8043E+03  1.4485E+03  1.0528E+03  6.7266E+02  3.5735E+02  1.5404E+02  6.3544E+01  1.3467E+01
  3.2307E+03  2.7488E+03  2.0734E+03  1.5400E+03  1.5178E+03  1.8127E+03  2.0130E+03  1.9626E+03  1.6808E+03  1.3140E+03  9.3538E+02  5.8303E+02  3.2288E+02  1.3461E+02  5.4416E+01  1.1348E+01
  2.3580E+03  2.0274E+03  1.6334E+03  1.4684E+03  1.6403E+03  1.8909E+03  1.9935E+03  1.8701E+03  1.5585E+03  1.1883E+03  8.2757E+02  5.1116E+02  2.8590E+02  1.1832E+02  4.6723E+01  9.7691E+00
  1.7821E+03  1.6091E+03  1.4783E+03  1.5443E+03  1.7546E+03  1.9279E+03  1.9435E+03  1.7629E+03  1.4373E+03  1.0714E+03  7.3201E+02  4.5114E+02  2.4854E+02  1.0439E+02  4.0275E+01  8.7200E+00
  1.5212E+03  1.4812E+03  1.5169E+03  1.6602E+03  1.8326E+03  1.9244E+03  1.8668E+03  1.6441E+03  1.3174E+03  9.6303E+02  6.4660E+02  3.9630E+02  2.1315E+02  9.2274E+01  3.5111E+01  7.7972E+00
  1.5033E+03  1.5324E+03  1.6228E+03  1.7556E+03  1.8655E+03  1.8842E+03  1.7676E+03  1.5175E+03  1.1990E+03  8.6260E+02  5.6895E+02  3.4473E+02  1.8146E+02  8.1868E+01  3.0328E+01  6.9809E+00
  1.5900E+03  1.6341E+03  1.7173E+03  1.8074E+03  1.8544E+03  1.8121E+03  1.6504E+03  1.3868E+03  1.0832E+03  7.6963E+02  4.9843E+02  2.9707E+02  1.5541E+02  7.1666E+01  2.6174E+01  6.2559E+00
  1.6801E+03  1.7148E+03  1.7690E+03  1.8114E+03  1.8043E+03  1.7133E+03  1.5205E+03  1.2555E+03  9.7093E+02  6.8352E+02  4.3524E+02  2.5527E+02  1.3386E+02  6.2051E+01  2.2568E+01  5.5275E+00
  1.7307E+03  1.7490E+03  1.7715E+03  1.7721E+03  1.7215E+03  1.5937E+03  1.3834E+03  1.1267E+03  8.6366E+02  6.0384E+02  3.7889E+02  2.1951E+02  1.1534E+02  5.3114E+01  1.9208E+01  4.9037E+00
  1.7319E+03  1.7343E+03  1.7295E+03  1.6966E+03  1.6126E+03  1.4593E+03  1.2442E+03  1.0030E+03  7.6248E+02  5.3025E+02  3.2857E+02  1.8836E+02  9.8954E+01  4.4671E+01  1.6433E+01  4.3551E+00
  1.6877E+03  1.6772E+03  1.6510E+03  1.5925E+03  1.4841E+03  1.3168E+03  1.1079E+03  8.8622E+02  6.6827E+02  4.6257E+02  2.8381E+02  1.6064E+02  8.3772E+01  3.7421E+01  1.4017E+01  3.8184E+00
  1.6068E+03  1.5865E+03  1.5442E+03  1.4669E+03  1.3428E+03  1.1730E+03  9.7798E+02  7.7747E+02  5.8154E+02  4.0067E+02  2.4398E+02  1.3634E+02  7.0315E+01  3.1307E+01  1.1868E+01  3.3605E+00
  1.4982E+03  1.4706E+03  1.4166E+03  1.3269E+03  1.1964E+03  1.0338E+03  8.5696E+02  6.7737E+02  5.0252E+02  3.4448E+02  2.0872E+02  1.1510E+02  5.8811E+01  2.6319E+01  1.0024E+01  2.9329E+00
  1.3695E+03  1.3369E+03  1.2754E+03  1.1801E+03  1.0523E+03  9.0346E+02  7.4601E+02  5.8611E+02  4.3119E+02  2.9391E+02  1.7754E+02  9.6883E+01  4.9180E+01  2.2180E+01  8.4773E+00  2.4728E+00
  1.2280E+03  1.1926E+03  1.1284E+03  1.0344E+03  9.1643E+02  7.8441E+02  6.4539E+02  5.0358E+02  3.6732E+02  2.4881E+02  1.5009E+02  8.1228E+01  4.1117E+01  1.8638E+01  7.0578E+00  2.0945E+00
  1.0813E+03  1.0458E+03  9.8362E+02  8.9705E+02  7.9268E+02  6.7728E+02  5.5474E+02  4.2949E+02  3.1060E+02  2.0899E+02  1.2605E+02  6.7701E+01  3.4242E+01  1.5574E+01  5.8409E+00  1.7098E+00
  9.3764E+02  9.0469E+02  8.4846E+02  7.7255E+02  6.8225E+02  5.8156E+02  4.7347E+02  3.6344E+02  2.6061E+02  1.7419E+02  1.0512E+02  5.6169E+01  2.8192E+01  1.2788E+01  4.8783E+00  1.3451E+00
  8.0464E+02  7.7584E+02  7.2739E+02  6.6245E+02  5.8450E+02  4.9619E+02  4.0094E+02  3.0502E+02  2.1695E+02  1.4409E+02  8.7030E+01  4.6332E+01  2.3176E+01  1.0424E+01  3.9235E+00  1.1088E+00
  6.8686E+02  6.6251E+02  6.2149E+02  5.6588E+02  4.9794E+02  4.2014E+02  3.3659E+02  2.5379E+02  1.7916E+02  1.1831E+02  7.1527E+01  3.8023E+01  1.8875E+01  8.4867E+00  3.2230E+00  8.7892E-01
  5.8496E+02  5.6436E+02  5.2926E+02  4.8091E+02  4.2111E+02  3.5261E+02  2.7997E+02  2.0932E+02  1.4680E+02  9.6469E+01  5.8355E+01  3.1027E+01  1.5395E+01  6.8787E+00  2.6359E+00  7.2236E-01
  4.9683E+02  4.7902E+02  4.4835E+02  4.0571E+02  3.5293E+02  2.9305E+02  2.3065E+02  1.7115E+02  1.1937E+02  7.8123E+01  4.7263E+01  2.5167E+01  1.2496E+01  5.6235E+00  2.1451E+00  6.1888E-01
  4.1965E+02  4.0393E+02  3.7676E+02  3.3904E+02  2.9274E+02  2.4106E+02  1.8822E+02  1.3877E+02  9.6358E+01  6.2848E+01  3.8008E+01  2.0293E+01  1.0066E+01  4.5795E+00  1.7464E+00  4.8509E-01
  3.5133E+02  3.3737E+02  3.1331E+02  2.8021E+02  2.4016E+02  1.9623E+02  1.5218E+02  1.1161E+02  7.7236E+01  5.0234E+01  3.0355E+01  1.6267E+01  8.0853E+00  3.6645E+00  1.4285E+00  4.0294E-01
  2.9079E+02  2.7851E+02  2.5747E+02  2.2888E+02  1.9482E+02  1.5814E+02  1.2195E+02  8.9092E+01  6.1491E+01  3.9902E+01  2.4085E+01  1.2962E+01  6.4459E+00  2.9538E+00  1.1327E+00  3.3311E-01
  2.3762E+02  2.2700E+02  2.0896E+02  1.8474E+02  1.5634E+02  1.2622E+02  9.6933E+01  7.0610E+01  4.8639E+01  3.1501E+01  1.8989E+01  1.0269E+01  5.1242E+00  2.3036E+00  9.0904E-01  2.7153E-01
  1.9163E+02  1.8265E+02  1.6751E+02  1.4743E+02  1.2419E+02  9.9863E+01  7.6460E+01  5.5586E+01  3.8235E+01  2.4722E+01  1.4884E+01  8.0904E+00  4.0584E+00  1.8459E+00  6.9961E-01  2.0066E-01
  1.5258E+02  1.4516E+02  1.3274E+02  1.1642E+02  9.7734E+01  7.8371E+01  5.9888E+01  4.3482E+01  2.9873E+01  1.9286E+01  1.1599E+01  6.3401E+00  3.1937E+00  1.4494E+00  5.6836E-01  1.7561E-01
  1.2006E+02  1.1405E+02  1.0407E+02  9.1053E+01  7.6270E+01  6.1057E+01  4.6604E+01  3.3806E+01  2.3203E+01  1.4962E+01  8.9933E+00  4.9425E+00  2.5018E+00  1.1453E+00  4.3467E-01  1.2118E-01
  9.3467E+01  8.8703E+01  8.0825E+01  7.0613E+01  5.9077E+01  4.7252E+01  3.6044E+01  2.6129E+01  1.7916E+01  1.1541E+01  6.9382E+00  3.8367E+00  1.9527E+00  9.0591E-01  3.5605E-01  9.8010E-02
  7.2087E+01  6.8373E+01  6.2257E+01  5.4357E+01  4.5456E+01  3.6346E+01  2.7714E+01  2.0076E+01  1.3754E+01  8.8552E+00  5.3260E+00  2.9591E+00  1.5131E+00  6.9449E-01  2.7816E-01  7.5051E-02
  5.5158E+01  5.2304E+01  4.7617E+01  4.1573E+01  3.4766E+01  2.7796E+01  2.1187E+01  1.5339E+01  1.0502E+01  6.7641E+00  4.0787E+00  2.2832E+00  1.1768E+00  5.4529E-01  2.1259E-01  5.7977E-02
  4.1926E+01  3.9757E+01  3.6201E+01  3.1614E+01  2.6441E+01  2.1137E+01  1.6102E+01  1.1646E+01  7.9664E+00  5.1281E+00  3.0929E+00  1.7370E+00  8.9816E-01  4.1429E-01  1.6907E-01  4.3596E-02
  3.1696E+01  3.0059E+01  2.7378E+01  2.3915E+01  2.0003E+01  1.5987E+01  1.2176E+01  8.8086E+00  6.0352E+00  3.9023E+00  2.3741E+00  1.3496E+00  7.0246E-01  3.2544E-01  1.2051E-01  3.8953E-02
  2.3853E+01  2.2621E+01  2.0607E+01  1.8001E+01  1.5051E+01  1.2017E+01  9.1346E+00  6.5889E+00  4.4972E+00  2.8957E+00  1.7554E+00  9.9494E-01  5.1632E-01  2.4272E-01  9.8968E-02  3.0598E-02
  1.7876E+01  1.6951E+01  1.5439E+01  1.3483E+01  1.1273E+01  9.0073E+00  6.8674E+00  4.9880E+00  3.4476E+00  2.2618E+00  1.3994E+00  8.0315E-01  4.1953E-01  1.9500E-01  7.5337E-02  2.9314E-02
  1.3342E+01  1.2647E+01  1.1512E+01  1.0039E+01  8.3686E+00  6.6498E+00  5.0242E+00  3.6028E+00  2.4506E+00  1.5784E+00  9.5804E-01  5.4256E-01  2.8452E-01  1.3578E-01  5.7392E-02  1.7323E-02
  9.9313E+00  9.4056E+00  8.5557E+00  7.4691E+00  6.2587E+00  5.0361E+00  3.8895E+00  2.8754E+00  2.0232E+00  1.3409E+00  8.2803E-01  4.7333E-01  2.4675E-01  1.1449E-01  4.5534E-02  1.9234E-02
  7.2723E+00  6.9010E+00  6.3024E+00  5.5319E+00  4.6594E+00  3.7566E+00  2.8889E+00  2.1109E+00  1.4610E+00  9.5503E-01  5.8913E-01  3.4233E-01  1.8465E-01  8.9623E-02  3.4439E-02  6.9043E-03
