# CREATED BY GENE DIAGNOSTICS TOOL on Sat May 17 18:21:47 2025 /home/unix/ottink/gene/diagnostics
# diag: vsp1, run(s): vim010vep005, time window: 259.37-259.37239(1 steps), species: e
# original data path: /Differ/Data/IMT/lottink/RFP_nTEM/vres_scan/v1/
# normalization: L_ref=1.5m
#
# vpar
 -3.0000E+00
 -2.9048E+00
 -2.8095E+00
 -2.7143E+00
 -2.6190E+00
 -2.5238E+00
 -2.4286E+00
 -2.3333E+00
 -2.2381E+00
 -2.1429E+00
 -2.0476E+00
 -1.9524E+00
 -1.8571E+00
 -1.7619E+00
 -1.6667E+00
 -1.5714E+00
 -1.4762E+00
 -1.3810E+00
 -1.2857E+00
 -1.1905E+00
 -1.0952E+00
 -1.0000E+00
 -9.0476E-01
 -8.0952E-01
 -7.1429E-01
 -6.1905E-01
 -5.2381E-01
 -4.2857E-01
 -3.3333E-01
 -2.3810E-01
 -1.4286E-01
 -4.7619E-02
  4.7619E-02
  1.4286E-01
  2.3810E-01
  3.3333E-01
  4.2857E-01
  5.2381E-01
  6.1905E-01
  7.1429E-01
  8.0952E-01
  9.0476E-01
  1.0000E+00
  1.0952E+00
  1.1905E+00
  1.2857E+00
  1.3810E+00
  1.4762E+00
  1.5714E+00
  1.6667E+00
  1.7619E+00
  1.8571E+00
  1.9524E+00
  2.0476E+00
  2.1429E+00
  2.2381E+00
  2.3333E+00
  2.4286E+00
  2.5238E+00
  2.6190E+00
  2.7143E+00
  2.8095E+00
  2.9048E+00
  3.0000E+00


# mu
  1.8108E-02
  9.5589E-02
  2.3573E-01
  4.3989E-01
  7.1007E-01
  1.0491E+00
  1.4607E+00
  1.9499E+00
  2.5234E+00
  3.1901E+00
  3.9625E+00
  4.8582E+00
  5.9041E+00
  7.1447E+00
  8.6646E+00
  1.0681E+01


# trapped boundary
#  mu         vpar      
  1.8108E-02 -7.6321E-02
  1.8108E-02  8.8062E-02
  9.5589E-02 -1.8200E-01
  9.5589E-02  1.9374E-01
  2.3573E-01 -2.8767E-01
  2.3573E-01  2.9941E-01
  4.3989E-01 -4.0509E-01
  4.3989E-01  4.1683E-01
  7.1007E-01 -5.1076E-01
  7.1007E-01  5.2250E-01
  1.0491E+00 -6.1644E-01
  1.0491E+00  6.2818E-01
  1.4607E+00 -7.3386E-01
  1.4607E+00  7.4560E-01
  1.9499E+00 -8.5127E-01
  1.9499E+00  8.6301E-01
  2.5234E+00 -9.6869E-01
  2.5234E+00  9.8043E-01
  3.1901E+00 -1.0861E+00
  3.1901E+00  1.0978E+00
  3.9625E+00 -1.2153E+00
  3.9625E+00  1.2270E+00
  4.8582E+00 -1.3444E+00
  4.8582E+00  1.3562E+00
  5.9041E+00 -1.4736E+00
  5.9041E+00  1.4853E+00
  7.1447E+00 -1.6262E+00
  7.1447E+00  1.6380E+00
  8.6646E+00 -1.7906E+00
  8.6646E+00  1.8023E+00
  1.0681E+01 -1.9902E+00
  1.0681E+01  2.0020E+00


# , time = 259.37239, var = <|f|^2>^(1/2) , z = 0
  7.7422E-04  7.4910E-04  7.0556E-04  6.4628E-04  5.7485E-04  4.9556E-04  4.1299E-04  3.3166E-04  2.5568E-04  1.8830E-04  1.3172E-04  8.6861E-05  5.3398E-05  3.0940E-05  1.5624E-05  5.1490E-06
  1.3706E-03  1.3194E-03  1.2315E-03  1.1135E-03  9.7440E-04  8.2385E-04  6.7173E-04  5.2685E-04  3.9624E-04  2.8461E-04  1.9417E-04  1.2489E-04  7.5252E-05  4.0668E-05  2.2725E-05  1.6034E-05
  2.3860E-03  2.2978E-03  2.1465E-03  1.9439E-03  1.7050E-03  1.4467E-03  1.1854E-03  9.3584E-04  7.0971E-04  5.1486E-04  3.5526E-04  2.3150E-04  1.4019E-04  8.2025E-05  3.9459E-05  1.8799E-05
  4.0787E-03  3.9279E-03  3.6693E-03  3.3227E-03  2.9138E-03  2.4712E-03  2.0232E-03  1.5952E-03  1.2074E-03  8.7350E-04  6.0070E-04  3.8928E-04  2.3795E-04  1.2755E-04  7.3112E-05  4.0845E-05
  6.8473E-03  6.5943E-03  6.1601E-03  5.5784E-03  4.8922E-03  4.1495E-03  3.3979E-03  2.6798E-03  2.0292E-03  1.4692E-03  1.0114E-03  6.5828E-04  3.9429E-04  2.3454E-04  1.1168E-04  8.1435E-05
  1.1289E-02  1.0872E-02  1.0156E-02  9.1976E-03  8.0665E-03  6.8421E-03  5.6029E-03  4.4189E-03  3.3460E-03  2.4223E-03  1.6676E-03  1.0796E-03  6.6912E-04  3.5503E-04  1.9985E-04  1.0147E-04
  1.8279E-02  1.7604E-02  1.6445E-02  1.4893E-02  1.3062E-02  1.1080E-02  9.0736E-03  7.1567E-03  5.4196E-03  3.9240E-03  2.7001E-03  1.7639E-03  1.0441E-03  6.1718E-04  3.3803E-04  1.1933E-04
  2.9066E-02  2.7993E-02  2.6151E-02  2.3683E-02  2.0772E-02  1.7621E-02  1.4431E-02  1.1383E-02  8.6207E-03  6.2420E-03  4.3013E-03  2.7725E-03  1.7386E-03  9.4142E-04  5.2369E-04  2.2092E-04
  4.5391E-02  4.3716E-02  4.0841E-02  3.6988E-02  3.2443E-02  2.7522E-02  2.2541E-02  1.7782E-02  1.3468E-02  9.7536E-03  6.7051E-03  4.4128E-03  2.5960E-03  1.5414E-03  7.0536E-04  4.2983E-04
  6.9617E-02  6.7048E-02  6.2640E-02  5.6732E-02  4.9763E-02  4.2218E-02  3.4580E-02  2.7280E-02  2.0664E-02  1.4963E-02  1.0334E-02  6.6251E-03  4.1629E-03  2.3451E-03  1.2768E-03  7.4618E-04
  1.0486E-01  1.0099E-01  9.4357E-02  8.5461E-02  7.4966E-02  6.3603E-02  5.2099E-02  4.1105E-02  3.1138E-02  2.2564E-02  1.5479E-02  1.0244E-02  6.1758E-03  3.3080E-03  2.6978E-03  1.2901E-03
  1.5513E-01  1.4941E-01  1.3959E-01  1.2644E-01  1.1092E-01  9.4110E-02  7.7095E-02  6.0832E-02  4.6090E-02  3.3366E-02  2.3121E-02  1.4874E-02  9.1214E-03  5.5757E-03  4.5507E-03  2.1136E-03
  2.2539E-01  2.1708E-01  2.0283E-01  1.8372E-01  1.6118E-01  1.3676E-01  1.1205E-01  8.8421E-02  6.6995E-02  4.8599E-02  3.3309E-02  2.2028E-02  1.3009E-02  1.0540E-02  6.9989E-03  3.3175E-03
  3.2164E-01  3.0979E-01  2.8945E-01  2.6220E-01  2.3004E-01  1.9521E-01  1.5995E-01  1.2624E-01  9.5686E-02  6.9236E-02  4.8160E-02  3.1032E-02  2.1036E-02  1.7240E-02  1.0499E-02  6.2037E-03
  4.5080E-01  4.3420E-01  4.0571E-01  3.6753E-01  3.2248E-01  2.7368E-01  2.2427E-01  1.7703E-01  1.3415E-01  9.7529E-02  6.7159E-02  4.3749E-02  3.6206E-02  2.5767E-02  1.5660E-02  1.1756E-02
  6.2059E-01  5.9775E-01  5.5856E-01  5.0603E-01  4.4403E-01  3.7689E-01  3.0889E-01  2.4388E-01  1.8501E-01  1.3412E-01  9.2027E-02  6.8056E-02  5.6328E-02  3.7269E-02  2.9224E-02  1.8870E-02
  8.3917E-01  8.0831E-01  7.5535E-01  6.8436E-01  6.0058E-01  5.0984E-01  4.1793E-01  3.3000E-01  2.5030E-01  1.8175E-01  1.2814E-01  1.0937E-01  8.1102E-02  6.0397E-02  5.7151E-02  2.7970E-02
  1.1146E+00  1.0737E+00  1.0034E+00  9.0917E-01  7.9797E-01  6.7751E-01  5.5547E-01  4.3890E-01  3.3345E-01  2.4175E-01  1.9431E-01  1.6037E-01  1.1941E-01  1.2280E-01  9.5315E-02  4.0895E-02
  1.4544E+00  1.4010E+00  1.3094E+00  1.1866E+00  1.0416E+00  8.8454E-01  7.2551E-01  5.7348E-01  4.3496E-01  3.3372E-01  2.8699E-01  2.2067E-01  2.2661E-01  2.2611E-01  1.4462E-01  5.8120E-02
  1.8644E+00  1.7960E+00  1.6787E+00  1.5215E+00  1.3358E+00  1.1347E+00  9.3098E-01  7.3633E-01  5.6630E-01  4.7507E-01  3.8335E-01  3.7343E-01  4.3834E-01  3.5366E-01  2.1195E-01  8.0932E-02
  2.3481E+00  2.2622E+00  2.1147E+00  1.9169E+00  1.6835E+00  1.4306E+00  1.1748E+00  9.3139E-01  7.5753E-01  6.3236E-01  5.7197E-01  7.2551E-01  7.0361E-01  5.1477E-01  2.9770E-01  1.1165E-01
  2.9062E+00  2.8000E+00  2.6179E+00  2.3736E+00  2.0853E+00  1.7732E+00  1.4575E+00  1.1819E+00  9.9254E-01  8.4930E-01  1.0644E+00  1.1860E+00  1.0058E+00  7.1934E-01  4.0158E-01  1.5117E-01
  3.5353E+00  3.4065E+00  3.1855E+00  2.8892E+00  2.5396E+00  2.1617E+00  1.7905E+00  1.5013E+00  1.2572E+00  1.4323E+00  1.7495E+00  1.6648E+00  1.3795E+00  9.5400E-01  5.2676E-01  2.0001E-01
  4.2280E+00  4.0746E+00  3.8114E+00  3.4587E+00  3.0433E+00  2.5987E+00  2.1929E+00  1.8322E+00  1.8253E+00  2.3134E+00  2.4106E+00  2.2269E+00  1.7989E+00  1.2196E+00  6.7058E-01  2.5808E-01
  4.9735E+00  4.7941E+00  4.4867E+00  4.0753E+00  3.5939E+00  3.0976E+00  2.6229E+00  2.3666E+00  2.8370E+00  3.1317E+00  3.1382E+00  2.8545E+00  2.2380E+00  1.5153E+00  8.2902E-01  3.2389E-01
  5.7584E+00  5.5529E+00  5.2017E+00  4.7339E+00  4.1969E+00  3.6280E+00  3.1251E+00  3.3365E+00  3.7502E+00  3.9623E+00  3.9517E+00  3.4610E+00  2.7113E+00  1.8222E+00  9.9725E-01  3.9531E-01
  6.5725E+00  6.3413E+00  5.9504E+00  5.4402E+00  4.8400E+00  4.1625E+00  3.9496E+00  4.2441E+00  4.5740E+00  4.8895E+00  4.6753E+00  4.0865E+00  3.1788E+00  2.1315E+00  1.1666E+00  4.6886E-01
  7.4169E+00  7.1625E+00  6.7481E+00  6.2043E+00  5.4532E+00  4.7993E+00  4.6958E+00  4.9530E+00  5.5015E+00  5.6443E+00  5.3797E+00  4.6795E+00  3.6184E+00  2.4241E+00  1.3296E+00  5.4049E-01
  8.3295E+00  8.0660E+00  7.6612E+00  6.9721E+00  5.9966E+00  5.3225E+00  5.1977E+00  5.7246E+00  6.1814E+00  6.3175E+00  6.0168E+00  5.1857E+00  4.0099E+00  2.6849E+00  1.4756E+00  6.0569E-01
  9.6475E+00  9.3246E+00  8.7166E+00  7.5430E+00  6.3155E+00  5.5724E+00  5.6834E+00  6.1997E+00  6.6846E+00  6.8858E+00  6.4890E+00  5.6102E+00  4.3218E+00  2.9009E+00  1.5954E+00  6.5968E-01
  1.2335E+01  1.1198E+01  9.4692E+00  7.6484E+00  6.2670E+00  5.6584E+00  5.8193E+00  6.4416E+00  7.0942E+00  7.2138E+00  6.8723E+00  5.8887E+00  4.5541E+00  3.0506E+00  1.6817E+00  6.9858E-01
  1.0631E+01  1.0428E+01  8.5391E+00  6.9011E+00  5.7620E+00  5.3244E+00  5.7689E+00  6.6395E+00  7.1665E+00  7.4702E+00  7.0129E+00  6.0514E+00  4.6666E+00  3.1324E+00  1.7264E+00  7.1902E-01
  5.6923E+00  5.1905E+00  5.5938E+00  5.3144E+00  4.8690E+00  4.8375E+00  5.5195E+00  6.5103E+00  7.1083E+00  7.4407E+00  7.0007E+00  6.0486E+00  4.6673E+00  3.1338E+00  1.7273E+00  7.1938E-01
  3.8532E+00  4.2795E+00  4.6084E+00  4.6070E+00  4.3834E+00  4.6156E+00  5.3177E+00  6.2399E+00  7.0225E+00  7.1878E+00  6.8620E+00  5.8898E+00  4.5590E+00  3.0552E+00  1.6845E+00  6.9963E-01
  6.0156E+00  5.7269E+00  5.1454E+00  4.6341E+00  4.3182E+00  4.3642E+00  5.0922E+00  5.9452E+00  6.5915E+00  6.8674E+00  6.5006E+00  5.6241E+00  4.3337E+00  2.9088E+00  1.5996E+00  6.6127E-01
  6.5252E+00  6.2247E+00  5.6350E+00  4.8762E+00  4.3153E+00  4.2342E+00  4.6305E+00  5.4851E+00  6.0894E+00  6.2950E+00  6.0249E+00  5.2049E+00  4.0260E+00  2.6953E+00  1.4809E+00  6.0763E-01
  6.3886E+00  6.1224E+00  5.6534E+00  4.9946E+00  4.2565E+00  3.9407E+00  4.2201E+00  4.7423E+00  5.4379E+00  5.6426E+00  5.3951E+00  4.6975E+00  3.6349E+00  2.4350E+00  1.3353E+00  5.4256E-01
  6.0237E+00  5.7848E+00  5.3762E+00  4.8226E+00  4.1588E+00  3.5307E+00  3.5783E+00  4.0860E+00  4.5333E+00  4.8955E+00  4.6985E+00  4.1088E+00  3.1948E+00  2.1419E+00  1.1721E+00  4.7087E-01
  5.5379E+00  5.3240E+00  4.9574E+00  4.4670E+00  3.8902E+00  3.2848E+00  2.8506E+00  3.2327E+00  3.7273E+00  3.9718E+00  3.9713E+00  3.4820E+00  2.7269E+00  1.8315E+00  1.0020E+00  3.9708E-01
  4.9812E+00  4.7909E+00  4.4647E+00  4.0284E+00  3.5158E+00  2.9791E+00  2.4750E+00  2.2689E+00  2.8187E+00  3.1443E+00  3.1572E+00  2.8697E+00  2.2503E+00  1.5230E+00  8.3289E-01  3.2530E-01
  4.3882E+00  4.2217E+00  3.9361E+00  3.5540E+00  3.1045E+00  2.6229E+00  2.1795E+00  1.7954E+00  1.8195E+00  2.3273E+00  2.4250E+00  2.2393E+00  1.8069E+00  1.2250E+00  6.7335E-01  2.5909E-01
  3.7891E+00  3.6459E+00  3.4004E+00  3.0719E+00  2.6852E+00  2.2679E+00  1.8572E+00  1.5297E+00  1.2562E+00  1.4336E+00  1.7564E+00  1.6721E+00  1.3848E+00  9.5697E-01  5.2839E-01  2.0062E-01
  3.2085E+00  3.0876E+00  2.8804E+00  2.6031E+00  2.2765E+00  1.9239E+00  1.5684E+00  1.2554E+00  1.0337E+00  8.6697E-01  1.0705E+00  1.1886E+00  1.0082E+00  7.2068E-01  4.0220E-01  1.5143E-01
  2.6654E+00  2.5652E+00  2.3935E+00  2.1636E+00  1.8928E+00  1.6004E+00  1.3052E+00  1.0256E+00  8.1773E-01  6.6576E-01  5.8542E-01  7.2844E-01  7.0346E-01  5.1474E-01  2.9759E-01  1.1164E-01
  2.1728E+00  2.0913E+00  1.9515E+00  1.7644E+00  1.5440E+00  1.3059E+00  1.0658E+00  8.3673E-01  6.3618E-01  5.1564E-01  4.0386E-01  3.7818E-01  4.3773E-01  3.5247E-01  2.1139E-01  8.0749E-02
  1.7384E+00  1.6733E+00  1.5616E+00  1.4121E+00  1.2359E+00  1.0457E+00  8.5348E-01  6.7065E-01  5.0496E-01  3.7817E-01  3.0814E-01  2.2882E-01  2.2632E-01  2.2461E-01  1.4376E-01  5.7858E-02
  1.3652E+00  1.3141E+00  1.2265E+00  1.1092E+00  9.7101E-01  8.2170E-01  6.7091E-01  5.2721E-01  3.9747E-01  2.8629E-01  2.1920E-01  1.7064E-01  1.2148E-01  1.2165E-01  9.4386E-02  4.0626E-02
  1.0525E+00  1.0131E+00  9.4563E-01  8.5527E-01  7.4882E-01  6.3378E-01  5.1758E-01  4.0685E-01  3.0698E-01  2.2081E-01  1.5404E-01  1.2209E-01  8.5742E-02  6.0355E-02  5.6436E-02  2.7755E-02
  7.9655E-01  7.6679E-01  7.1575E-01  6.4741E-01  5.6689E-01  4.7987E-01  3.9196E-01  3.0816E-01  2.3242E-01  1.6795E-01  1.1423E-01  8.0745E-02  6.1788E-02  3.8643E-02  2.8875E-02  1.8718E-02
  5.9188E-01  5.6978E-01  5.3187E-01  4.8112E-01  4.2132E-01  3.5669E-01  2.9139E-01  2.2914E-01  1.7290E-01  1.2444E-01  8.5527E-02  5.4919E-02  4.1080E-02  2.7643E-02  1.5793E-02  1.1678E-02
  4.3180E-01  4.1568E-01  3.8805E-01  3.5104E-01  3.0743E-01  2.6030E-01  2.1267E-01  1.6726E-01  1.2622E-01  9.1151E-02  6.2201E-02  4.0023E-02  2.5690E-02  1.8958E-02  1.0963E-02  6.2178E-03
  3.0930E-01  2.9776E-01  2.7797E-01  2.5148E-01  2.2025E-01  1.8650E-01  1.5239E-01  1.1987E-01  9.0475E-02  6.5169E-02  4.4921E-02  2.8867E-02  1.7104E-02  1.2069E-02  7.5311E-03  3.3891E-03
  2.1754E-01  2.0943E-01  1.9551E-01  1.7688E-01  1.5493E-01  1.3120E-01  1.0721E-01  8.4343E-02  6.3669E-02  4.5953E-02  3.1336E-02  2.0509E-02  1.2233E-02  7.0897E-03  4.9665E-03  2.2193E-03
  1.5023E-01  1.4463E-01  1.3503E-01  1.2216E-01  1.0701E-01  9.0620E-02  7.4060E-02  5.8268E-02  4.3991E-02  3.1720E-02  2.1822E-02  1.3925E-02  8.5482E-03  4.5570E-03  3.0402E-03  1.4052E-03
  1.0187E-01  9.8075E-02  9.1564E-02  8.2845E-02  7.2570E-02  6.1460E-02  5.0232E-02  3.9525E-02  2.9843E-02  2.1534E-02  1.4723E-02  9.6299E-03  5.6869E-03  3.1829E-03  1.6505E-03  8.3230E-04
  6.7830E-02  6.5304E-02  6.0970E-02  5.5166E-02  4.8325E-02  4.0929E-02  3.3454E-02  2.6325E-02  1.9879E-02  1.4342E-02  9.8456E-03  6.3033E-03  3.8869E-03  2.1327E-03  9.8810E-04  4.9971E-04
  4.4349E-02  4.2697E-02  3.9864E-02  3.6070E-02  3.1599E-02  2.6764E-02  2.1877E-02  1.7216E-02  1.3001E-02  9.3822E-03  6.4265E-03  4.1821E-03  2.4619E-03  1.4048E-03  7.0607E-04  2.9040E-04
  2.8473E-02  2.7413E-02  2.5595E-02  2.3159E-02  2.0289E-02  1.7185E-02  1.4048E-02  1.1056E-02  8.3498E-03  6.0257E-03  4.1331E-03  2.6596E-03  1.6354E-03  8.7122E-04  4.6094E-04  1.6610E-04
  1.7951E-02  1.7282E-02  1.6136E-02  1.4601E-02  1.2792E-02  1.0835E-02  8.8577E-03  6.9713E-03  5.2652E-03  3.7999E-03  2.6049E-03  1.6877E-03  1.0021E-03  5.7624E-04  2.8027E-04  1.2890E-04
  1.1113E-02  1.0699E-02  9.9896E-03  9.0394E-03  7.9195E-03  6.7085E-03  5.4844E-03  4.3168E-03  3.2609E-03  2.3541E-03  1.6150E-03  1.0429E-03  6.3549E-04  3.4023E-04  1.7897E-04  8.6135E-05
  6.7555E-03  6.5041E-03  6.0729E-03  5.4953E-03  4.8144E-03  4.0781E-03  3.3336E-03  2.6233E-03  1.9809E-03  1.4291E-03  9.7922E-04  6.3271E-04  3.7825E-04  2.1563E-04  1.0294E-04  5.2010E-05
  4.0327E-03  3.8827E-03  3.6254E-03  3.2810E-03  2.8752E-03  2.4368E-03  1.9938E-03  1.5714E-03  1.1892E-03  8.6051E-04  5.9190E-04  3.8378E-04  2.3313E-04  1.2703E-04  6.7408E-05  3.5996E-05
  2.3638E-03  2.2749E-03  2.1223E-03  1.9177E-03  1.6765E-03  1.4157E-03  1.1525E-03  9.0224E-04  6.7699E-04  4.8487E-04  3.2964E-04  2.1116E-04  1.2576E-04  7.0106E-05  3.3811E-05  1.2859E-05
  1.3624E-03  1.3180E-03  1.2412E-03  1.1365E-03  1.0104E-03  8.7038E-04  7.2460E-04  5.8111E-04  4.4717E-04  3.2859E-04  2.2918E-04  1.5053E-04  9.2253E-05  5.1465E-05  2.7048E-05  1.9354E-05
