# CREATED BY GENE DIAGNOSTICS TOOL on Sat May 17 19:53:57 2025 /home/unix/ottink/gene/diagnostics
# diag: vsp1, run(s): none_ve0, time window: 228.3-228.3986(1 steps), species: i
# original data path: /Differ/Data/IMT/lottink/Tokamak_ITG/dFdvp/v1/
# normalization: L_ref=1.65m
#
# vpar
 -3.0000E+00
 -2.9528E+00
 -2.9055E+00
 -2.8583E+00
 -2.8110E+00
 -2.7638E+00
 -2.7165E+00
 -2.6693E+00
 -2.6220E+00
 -2.5748E+00
 -2.5276E+00
 -2.4803E+00
 -2.4331E+00
 -2.3858E+00
 -2.3386E+00
 -2.2913E+00
 -2.2441E+00
 -2.1969E+00
 -2.1496E+00
 -2.1024E+00
 -2.0551E+00
 -2.0079E+00
 -1.9606E+00
 -1.9134E+00
 -1.8661E+00
 -1.8189E+00
 -1.7717E+00
 -1.7244E+00
 -1.6772E+00
 -1.6299E+00
 -1.5827E+00
 -1.5354E+00
 -1.4882E+00
 -1.4409E+00
 -1.3937E+00
 -1.3465E+00
 -1.2992E+00
 -1.2520E+00
 -1.2047E+00
 -1.1575E+00
 -1.1102E+00
 -1.0630E+00
 -1.0157E+00
 -9.6850E-01
 -9.2126E-01
 -8.7402E-01
 -8.2677E-01
 -7.7953E-01
 -7.3228E-01
 -6.8504E-01
 -6.3780E-01
 -5.9055E-01
 -5.4331E-01
 -4.9606E-01
 -4.4882E-01
 -4.0157E-01
 -3.5433E-01
 -3.0709E-01
 -2.5984E-01
 -2.1260E-01
 -1.6535E-01
 -1.1811E-01
 -7.0866E-02
 -2.3622E-02
  2.3622E-02
  7.0866E-02
  1.1811E-01
  1.6535E-01
  2.1260E-01
  2.5984E-01
  3.0709E-01
  3.5433E-01
  4.0157E-01
  4.4882E-01
  4.9606E-01
  5.4331E-01
  5.9055E-01
  6.3780E-01
  6.8504E-01
  7.3228E-01
  7.7953E-01
  8.2677E-01
  8.7402E-01
  9.2126E-01
  9.6850E-01
  1.0157E+00
  1.0630E+00
  1.1102E+00
  1.1575E+00
  1.2047E+00
  1.2520E+00
  1.2992E+00
  1.3465E+00
  1.3937E+00
  1.4409E+00
  1.4882E+00
  1.5354E+00
  1.5827E+00
  1.6299E+00
  1.6772E+00
  1.7244E+00
  1.7717E+00
  1.8189E+00
  1.8661E+00
  1.9134E+00
  1.9606E+00
  2.0079E+00
  2.0551E+00
  2.1024E+00
  2.1496E+00
  2.1969E+00
  2.2441E+00
  2.2913E+00
  2.3386E+00
  2.3858E+00
  2.4331E+00
  2.4803E+00
  2.5276E+00
  2.5748E+00
  2.6220E+00
  2.6693E+00
  2.7165E+00
  2.7638E+00
  2.8110E+00
  2.8583E+00
  2.9055E+00
  2.9528E+00
  3.0000E+00


# mu
  1.3581E-02
  7.1692E-02
  1.7680E-01
  3.2992E-01
  5.3256E-01
  7.8681E-01
  1.0955E+00
  1.4624E+00
  1.8925E+00
  2.3926E+00
  2.9718E+00
  3.6436E+00
  4.4281E+00
  5.3585E+00
  6.4984E+00
  8.0108E+00


# trapped boundary
#  mu         vpar      
  1.3581E-02 -6.4579E-02
  1.3581E-02  7.6321E-02
  7.1692E-02 -1.5851E-01
  7.1692E-02  1.7025E-01
  1.7680E-01 -2.5245E-01
  1.7680E-01  2.6419E-01
  3.2992E-01 -3.4638E-01
  3.2992E-01  3.5812E-01
  5.3256E-01 -4.4031E-01
  5.3256E-01  4.5205E-01
  7.8681E-01 -5.3425E-01
  7.8681E-01  5.4599E-01
  1.0955E+00 -6.2818E-01
  1.0955E+00  6.3992E-01
  1.4624E+00 -7.3386E-01
  1.4624E+00  7.4560E-01
  1.8925E+00 -8.2779E-01
  1.8925E+00  8.3953E-01
  2.3926E+00 -9.3346E-01
  2.3926E+00  9.4521E-01
  2.9718E+00 -1.0509E+00
  2.9718E+00  1.0626E+00
  3.6436E+00 -1.1566E+00
  3.6436E+00  1.1683E+00
  4.4281E+00 -1.2740E+00
  4.4281E+00  1.2857E+00
  5.3585E+00 -1.4031E+00
  5.3585E+00  1.4149E+00
  6.4984E+00 -1.5440E+00
  6.4984E+00  1.5558E+00
  8.0108E+00 -1.7202E+00
  8.0108E+00  1.7319E+00


# , time = 228.3986, var = <|f|^2>^(1/2) , z = 0
  1.8424E+01  1.7421E+01  1.5810E+01  1.3763E+01  1.1485E+01  9.1800E+00  7.0144E+00  5.1122E+00  3.5479E+00  2.3396E+00  1.4641E+00  8.6468E-01  4.7231E-01  2.3020E-01  8.9617E-02  2.2786E-02
  2.5153E+01  2.3826E+01  2.1686E+01  1.8961E+01  1.5936E+01  1.2887E+01  1.0024E+01  7.4761E+00  5.3092E+00  3.5478E+00  2.2059E+00  1.2675E+00  6.6346E-01  3.0793E-01  1.1888E-01  4.2253E-02
  3.3831E+01  3.2072E+01  2.9197E+01  2.5469E+01  2.1240E+01  1.6892E+01  1.2781E+01  9.1845E+00  6.2669E+00  4.0539E+00  2.4738E+00  1.4111E+00  7.4663E-01  3.5819E-01  1.4763E-01  3.9514E-02
  4.5308E+01  4.2978E+01  3.9166E+01  3.4227E+01  2.8638E+01  2.2910E+01  1.7505E+01  1.2763E+01  8.8767E+00  5.8717E+00  3.6632E+00  2.1164E+00  1.1127E+00  5.1874E-01  1.9869E-01  7.2500E-02
  6.0383E+01  5.7302E+01  5.2250E+01  4.5694E+01  3.8253E+01  3.0585E+01  2.3294E+01  1.6853E+01  1.1556E+01  7.4877E+00  4.5728E+00  2.6089E+00  1.3628E+00  6.4195E-01  2.6325E-01  7.2829E-02
  8.0123E+01  7.6048E+01  6.9357E+01  6.0682E+01  5.0842E+01  4.0700E+01  3.1051E+01  2.2517E+01  1.5486E+01  1.0073E+01  6.1773E+00  3.5406E+00  1.8560E+00  8.6426E-01  3.2764E-01  1.0634E-01
  1.0586E+02  1.0048E+02  9.1627E+01  8.0171E+01  6.7194E+01  5.3823E+01  4.1083E+01  2.9783E+01  2.0439E+01  1.3223E+01  8.0315E+00  4.5503E+00  2.3706E+00  1.0990E+00  4.5010E-01  1.1489E-01
  1.3921E+02  1.3212E+02  1.2045E+02  1.0537E+02  8.8322E+01  7.0779E+01  5.4068E+01  3.9229E+01  2.6930E+01  1.7416E+01  1.0567E+01  5.9712E+00  3.1058E+00  1.4491E+00  5.6451E-01  1.5808E-01
  1.8204E+02  1.7277E+02  1.5749E+02  1.3775E+02  1.1545E+02  9.2541E+01  7.0734E+01  5.1360E+01  3.5270E+01  2.2783E+01  1.3772E+01  7.7275E+00  3.9912E+00  1.8442E+00  7.2799E-01  1.9811E-01
  2.3642E+02  2.2443E+02  2.0464E+02  1.7900E+02  1.5004E+02  1.2029E+02  9.1994E+01  6.6851E+01  4.5942E+01  2.9675E+01  1.7907E+01  1.0002E+01  5.1489E+00  2.3998E+00  9.4121E-01  2.6077E-01
  3.0450E+02  2.8924E+02  2.6394E+02  2.3105E+02  1.9377E+02  1.5543E+02  1.1893E+02  8.6496E+01  5.9504E+01  3.8456E+01  2.3171E+01  1.2866E+01  6.5943E+00  3.0377E+00  1.1606E+00  3.3206E-01
  3.8836E+02  3.6930E+02  3.3750E+02  2.9591E+02  2.4852E+02  1.9954E+02  1.5281E+02  1.1124E+02  7.6609E+01  4.9557E+01  2.9841E+01  1.6481E+01  8.4146E+00  3.8429E+00  1.5286E+00  4.6621E-01
  4.8982E+02  4.6648E+02  4.2730E+02  3.7564E+02  3.1624E+02  2.5440E+02  1.9509E+02  1.4218E+02  9.8041E+01  6.3511E+01  3.8243E+01  2.1008E+01  1.0689E+01  4.9018E+00  1.8861E+00  5.3982E-01
  6.1017E+02  5.8226E+02  5.3504E+02  4.7211E+02  3.9890E+02  3.2187E+02  2.4737E+02  1.8056E+02  1.2469E+02  8.0910E+01  4.8738E+01  2.6642E+01  1.3497E+01  6.1229E+00  2.4268E+00  7.2036E-01
  7.5015E+02  7.1755E+02  6.6192E+02  5.8687E+02  4.9832E+02  4.0383E+02  3.1138E+02  2.2780E+02  1.5760E+02  1.0246E+02  6.1763E+01  3.3612E+01  1.6976E+01  7.8274E+00  3.0101E+00  8.8425E-01
  9.0999E+02  8.7274E+02  8.0865E+02  7.2104E+02  6.1601E+02  5.0205E+02  3.8887E+02  2.8540E+02  1.9790E+02  1.2895E+02  7.7787E+01  4.2176E+01  2.1290E+01  9.7133E+00  3.7794E+00  1.0700E+00
  1.0899E+03  1.0481E+03  9.7559E+02  8.7532E+02  7.5313E+02  6.1808E+02  4.8156E+02  3.5494E+02  2.4685E+02  1.6127E+02  9.7351E+01  5.2626E+01  2.6502E+01  1.2115E+01  4.6354E+00  1.2930E+00
  1.2912E+03  1.2444E+03  1.1633E+03  1.0502E+03  9.1045E+02  7.5316E+02  5.9100E+02  4.3800E+02  3.0577E+02  2.0040E+02  1.2102E+02  6.5299E+01  3.2887E+01  1.4901E+01  5.7269E+00  1.6393E+00
  1.5170E+03  1.4643E+03  1.3732E+03  1.2464E+03  1.0886E+03  9.0822E+02  7.1854E+02  5.3611E+02  3.7605E+02  2.4736E+02  1.4943E+02  8.0563E+01  4.0536E+01  1.8247E+01  7.0479E+00  1.9426E+00
  1.7732E+03  1.7125E+03  1.6088E+03  1.4659E+03  1.2885E+03  1.0841E+03  8.6532E+02  6.5066E+02  4.5905E+02  3.0327E+02  1.8323E+02  9.8827E+01  4.9715E+01  2.2511E+01  8.6279E+00  2.4120E+00
  2.0657E+03  1.9950E+03  1.8751E+03  1.7119E+03  1.5119E+03  1.2816E+03  1.0323E+03  7.8287E+02  5.5610E+02  3.6922E+02  2.2310E+02  1.2056E+02  6.1035E+01  2.7628E+01  1.0492E+01  3.0215E+00
  2.3958E+03  2.3148E+03  2.1765E+03  1.9887E+03  1.7613E+03  1.5021E+03  1.2203E+03  9.3382E+02  6.6840E+02  4.4631E+02  2.6974E+02  1.4633E+02  7.4226E+01  3.3827E+01  1.2981E+01  3.6056E+00
  2.7555E+03  2.6670E+03  2.5128E+03  2.2992E+03  2.0399E+03  1.7473E+03  1.4303E+03  1.1045E+03  7.9711E+02  5.3550E+02  3.2391E+02  1.7659E+02  9.0087E+01  4.1139E+01  1.5513E+01  4.4684E+00
  3.1270E+03  3.0373E+03  2.8755E+03  2.6417E+03  2.3498E+03  2.0193E+03  1.6635E+03  1.2958E+03  9.4328E+02  6.3767E+02  3.8635E+02  2.1210E+02  1.0821E+02  4.9221E+01  1.8734E+01  5.3824E+00
  3.4884E+03  3.4048E+03  3.2479E+03  3.0073E+03  2.6894E+03  2.3195E+03  1.9210E+03  1.5086E+03  1.1079E+03  7.5359E+02  4.5791E+02  2.5329E+02  1.2951E+02  5.8609E+01  2.2473E+01  6.3539E+00
  3.8183E+03  3.7475E+03  3.6088E+03  3.3795E+03  3.0514E+03  2.6471E+03  2.2034E+03  1.7435E+03  1.2918E+03  8.8388E+02  5.3946E+02  3.0123E+02  1.5492E+02  6.9625E+01  2.6540E+01  7.6224E+00
  4.0969E+03  4.0453E+03  3.9366E+03  3.7379E+03  3.4220E+03  2.9972E+03  2.5101E+03  2.0004E+03  1.4954E+03  1.0291E+03  6.3201E+02  3.5706E+02  1.8511E+02  8.2816E+01  3.1429E+01  8.8953E+00
  4.3043E+03  4.2783E+03  4.2116E+03  4.0611E+03  3.7826E+03  3.3602E+03  2.8385E+03  2.2788E+03  1.7188E+03  1.1897E+03  7.3676E+02  4.2088E+02  2.2020E+02  9.8905E+01  3.7100E+01  1.0354E+01
  4.4186E+03  4.4258E+03  4.4142E+03  4.3298E+03  4.1131E+03  3.7222E+03  3.1834E+03  2.5773E+03  1.9617E+03  1.3660E+03  8.5468E+02  4.9365E+02  2.5980E+02  1.1785E+02  4.3508E+01  1.2062E+01
  4.4196E+03  4.4666E+03  4.5241E+03  4.5255E+03  4.3948E+03  4.0663E+03  3.5363E+03  2.8932E+03  2.2227E+03  1.5586E+03  9.8734E+02  5.7569E+02  3.0284E+02  1.3977E+02  5.0908E+01  1.3856E+01
  4.2990E+03  4.3864E+03  4.5227E+03  4.6299E+03  4.6104E+03  4.3753E+03  3.8861E+03  3.2222E+03  2.5000E+03  1.7681E+03  1.1359E+03  6.6973E+02  3.5176E+02  1.6310E+02  5.9777E+01  1.5910E+01
  4.0839E+03  4.1934E+03  4.4004E+03  4.6261E+03  4.7437E+03  4.6326E+03  4.2195E+03  3.5582E+03  2.7910E+03  1.9953E+03  1.3022E+03  7.7892E+02  4.0866E+02  1.8827E+02  6.9386E+01  1.8325E+01
  3.8833E+03  3.9525E+03  4.1741E+03  4.5039E+03  4.7788E+03  4.8228E+03  4.5225E+03  3.8939E+03  3.0930E+03  2.2412E+03  1.4874E+03  9.0271E+02  4.7678E+02  2.1514E+02  8.0528E+01  2.0899E+01
  3.9479E+03  3.8426E+03  3.9227E+03  4.2741E+03  4.7032E+03  4.9321E+03  4.7816E+03  4.2207E+03  3.4034E+03  2.5069E+03  1.6913E+03  1.0367E+03  5.5864E+02  2.4284E+02  9.3413E+01  2.3920E+01
  4.6189E+03  4.1798E+03  3.8420E+03  3.9948E+03  4.5149E+03  4.9483E+03  4.9845E+03  4.5296E+03  3.7200E+03  2.7933E+03  1.9154E+03  1.1803E+03  6.4943E+02  2.7511E+02  1.0747E+02  2.7402E+01
  6.0801E+03  5.2419E+03  4.2427E+03  3.8163E+03  4.2356E+03  4.8623E+03  5.1202E+03  4.8115E+03  4.0415E+03  3.1014E+03  2.1650E+03  1.3383E+03  7.4524E+02  3.1216E+02  1.2482E+02  3.1154E+01
  8.2972E+03  7.0715E+03  5.3561E+03  4.0033E+03  3.9352E+03  4.6717E+03  5.1792E+03  5.0582E+03  4.3669E+03  3.4315E+03  2.4440E+03  1.5257E+03  8.4084E+02  3.5531E+02  1.4517E+02  3.5887E+01
  1.1188E+04  9.5858E+03  7.1870E+03  4.8095E+03  3.7679E+03  4.3887E+03  5.1534E+03  5.2630E+03  4.6951E+03  3.7832E+03  2.7463E+03  1.7552E+03  9.3131E+02  4.0648E+02  1.6888E+02  4.1370E+01
  1.4697E+04  1.2712E+04  9.6446E+03  6.2899E+03  3.9737E+03  4.0528E+03  5.0379E+03  5.4208E+03  5.0239E+03  4.1557E+03  3.0588E+03  2.0204E+03  1.0189E+03  4.6222E+02  1.9684E+02  4.8092E+01
  1.8792E+04  1.6404E+04  1.2654E+04  8.3601E+03  4.7479E+03  3.7530E+03  4.8320E+03  5.5277E+03  5.3496E+03  4.5508E+03  3.3824E+03  2.3033E+03  1.1069E+03  5.2097E+02  2.2656E+02  5.6415E+01
  2.3444E+04  2.0628E+04  1.6164E+04  1.0930E+04  6.1041E+03  3.6478E+03  4.5418E+03  5.5793E+03  5.6668E+03  4.9701E+03  3.7577E+03  2.5796E+03  1.2020E+03  5.8016E+02  2.5749E+02  6.5825E+01
  2.8618E+04  2.5346E+04  2.0131E+04  1.3932E+04  7.9485E+03  3.9296E+03  4.1828E+03  5.5703E+03  5.9691E+03  5.4046E+03  4.2401E+03  2.8355E+03  1.3098E+03  6.3681E+02  2.8761E+02  7.6519E+01
  3.4257E+04  3.0502E+04  2.4504E+04  1.7312E+04  1.0189E+04  4.6988E+03  3.7874E+03  5.4939E+03  6.2503E+03  5.8351E+03  4.8448E+03  3.0794E+03  1.4336E+03  6.9220E+02  3.1450E+02  8.7785E+01
  4.0276E+04  3.6020E+04  2.9217E+04  2.1016E+04  1.2754E+04  5.9138E+03  3.4222E+03  5.3434E+03  6.5064E+03  6.2618E+03  5.5353E+03  3.3304E+03  1.5792E+03  7.4862E+02  3.3815E+02  9.8791E+01
  4.6552E+04  4.1796E+04  3.4189E+04  2.4980E+04  1.5587E+04  7.4828E+03  3.2106E+03  5.1147E+03  6.7354E+03  6.7384E+03  6.2498E+03  3.6231E+03  1.7473E+03  8.1099E+02  3.5794E+02  1.0942E+02
  5.2930E+04  4.7702E+04  3.9321E+04  2.9132E+04  1.8633E+04  9.3281E+03  3.3156E+03  4.8070E+03  6.9299E+03  7.3322E+03  6.9395E+03  3.9935E+03  1.9458E+03  8.8420E+02  3.7542E+02  1.1852E+02
  5.9249E+04  5.3601E+04  4.4503E+04  3.3387E+04  2.1830E+04  1.1384E+04  3.8285E+03  4.4235E+03  7.0721E+03  8.0292E+03  7.5988E+03  4.4560E+03  2.1847E+03  9.7434E+02  3.9396E+02  1.2613E+02
  6.5369E+04  5.9352E+04  4.9616E+04  3.7646E+04  2.5096E+04  1.3575E+04  4.6936E+03  3.9805E+03  7.1473E+03  8.7195E+03  8.2380E+03  5.0205E+03  2.4679E+03  1.0840E+03  4.1702E+02  1.3242E+02
  7.1145E+04  6.4798E+04  5.4507E+04  4.1770E+04  2.8313E+04  1.5807E+04  5.7838E+03  3.5279E+03  7.1663E+03  9.2842E+03  8.8569E+03  5.6754E+03  2.8088E+03  1.2141E+03  4.4777E+02  1.3723E+02
  7.6337E+04  6.9698E+04  5.8949E+04  4.5557E+04  3.1321E+04  1.7961E+04  6.9908E+03  3.1382E+03  7.1512E+03  9.6643E+03  9.4473E+03  6.3856E+03  3.2090E+03  1.3684E+03  4.8922E+02  1.4220E+02
  8.0564E+04  7.3699E+04  6.2617E+04  4.8749E+04  3.3930E+04  1.9914E+04  8.2543E+03  2.8277E+03  7.0907E+03  9.8730E+03  9.9779E+03  7.1212E+03  3.6605E+03  1.5432E+03  5.4103E+02  1.4782E+02
  8.3399E+04  7.6402E+04  6.5168E+04  5.1089E+04  3.5975E+04  2.1566E+04  9.5206E+03  2.5414E+03  6.9495E+03  9.9588E+03  1.0409E+04  7.8427E+03  4.1621E+03  1.7398E+03  6.0103E+02  1.5500E+02
  8.4604E+04  7.7587E+04  6.6431E+04  5.2474E+04  3.7394E+04  2.2895E+04  1.0668E+04  2.2846E+03  6.7235E+03  9.9582E+03  1.0728E+04  8.5036E+03  4.6911E+03  1.9590E+03  6.6960E+02  1.6523E+02
  8.4389E+04  7.7450E+04  6.6587E+04  5.3034E+04  3.8243E+04  2.3973E+04  1.1546E+04  2.1516E+03  6.4462E+03  9.8906E+03  1.0935E+04  9.0852E+03  5.2271E+03  2.1913E+03  7.4147E+02  1.7756E+02
  8.3373E+04  7.6565E+04  6.6109E+04  5.3072E+04  3.8657E+04  2.4868E+04  1.2143E+04  2.1701E+03  6.1516E+03  9.7786E+03  1.1033E+04  9.5652E+03  5.7579E+03  2.4384E+03  8.1627E+02  1.9225E+02
  8.2322E+04  7.5656E+04  6.5571E+04  5.2946E+04  3.8777E+04  2.5535E+04  1.2584E+04  2.2790E+03  5.8620E+03  9.6450E+03  1.1051E+04  9.9285E+03  6.2552E+03  2.6927E+03  8.9381E+02  2.0890E+02
  8.1861E+04  7.5322E+04  6.5394E+04  5.2879E+04  3.8716E+04  2.5891E+04  1.2937E+04  2.4214E+03  5.5966E+03  9.5047E+03  1.1024E+04  1.0192E+04  6.7038E+03  2.9399E+03  9.6735E+02  2.2489E+02
  8.1979E+04  7.5530E+04  6.5493E+04  5.2844E+04  3.8614E+04  2.5988E+04  1.3173E+04  2.5575E+03  5.3714E+03  9.3781E+03  1.0968E+04  1.0371E+04  7.1074E+03  3.1861E+03  1.0420E+03  2.4142E+02
  8.2172E+04  7.5781E+04  6.5605E+04  5.2829E+04  3.8583E+04  2.5949E+04  1.3281E+04  2.6606E+03  5.1949E+03  9.2849E+03  1.0907E+04  1.0471E+04  7.4421E+03  3.4130E+03  1.1120E+03  2.5619E+02
  8.2320E+04  7.5940E+04  6.5699E+04  5.2812E+04  3.8600E+04  2.5803E+04  1.3252E+04  2.6987E+03  5.0794E+03  9.2341E+03  1.0874E+04  1.0537E+04  7.7174E+03  3.6132E+03  1.1730E+03  2.6828E+02
  8.2416E+04  7.5999E+04  6.5686E+04  5.2707E+04  3.8595E+04  2.5537E+04  1.3037E+04  2.6090E+03  5.0512E+03  9.2414E+03  1.0897E+04  1.0619E+04  7.9679E+03  3.8038E+03  1.2342E+03  2.7981E+02
  8.2271E+04  7.5828E+04  6.5476E+04  5.2480E+04  3.8470E+04  2.5093E+04  1.2559E+04  2.2887E+03  5.1240E+03  9.2679E+03  1.0911E+04  1.0665E+04  8.1431E+03  3.9456E+03  1.2784E+03  2.8672E+02
  8.1829E+04  7.5362E+04  6.4973E+04  5.1951E+04  3.7885E+04  2.4126E+04  1.1518E+04  1.4276E+03  5.6203E+03  9.5683E+03  1.1098E+04  1.0802E+04  8.3157E+03  4.0660E+03  1.3150E+03  2.9147E+02
  8.1085E+04  7.4479E+04  6.3859E+04  5.0552E+04  3.6150E+04  2.2116E+04  9.6705E+03  6.1369E+02  6.8200E+03  1.0529E+04  1.1879E+04  1.1393E+04  8.7355E+03  4.2910E+03  1.3933E+03  3.0763E+02
  8.0275E+04  7.4316E+04  6.4723E+04  5.2630E+04  3.9419E+04  2.6567E+04  1.5236E+04  5.9156E+03  1.4502E+03  6.0772E+03  8.6900E+03  9.2799E+03  7.4734E+03  3.7176E+03  1.1888E+03  2.5157E+02
  7.9018E+04  7.2961E+04  6.3200E+04  5.0903E+04  3.7435E+04  2.4391E+04  1.3329E+04  4.4108E+03  2.4322E+03  7.0052E+03  9.4758E+03  9.8726E+03  7.7998E+03  3.8510E+03  1.2341E+03  2.6064E+02
  7.7565E+04  7.1567E+04  6.1898E+04  4.9744E+04  3.6379E+04  2.3064E+04  1.2073E+04  3.5559E+03  3.0956E+03  7.4146E+03  9.7470E+03  1.0031E+04  7.7881E+03  3.7982E+03  1.2110E+03  2.5280E+02
  7.5938E+04  7.0045E+04  6.0551E+04  4.8636E+04  3.5625E+04  2.2125E+04  1.1276E+04  3.1617E+03  3.4450E+03  7.6378E+03  9.9011E+03  1.0096E+04  7.6773E+03  3.6872E+03  1.1688E+03  2.4137E+02
  7.4201E+04  6.8429E+04  5.9138E+04  4.7440E+04  3.4864E+04  2.1256E+04  1.0671E+04  2.8713E+03  3.7609E+03  7.9034E+03  1.0099E+04  1.0165E+04  7.5265E+03  3.5502E+03  1.1194E+03  2.2914E+02
  7.2498E+04  6.6803E+04  5.7715E+04  4.6230E+04  3.4067E+04  2.0462E+04  1.0190E+04  2.5811E+03  4.0653E+03  8.1656E+03  1.0268E+04  1.0153E+04  7.2774E+03  3.3580E+03  1.0495E+03  2.1262E+02
  7.0856E+04  6.5166E+04  5.6345E+04  4.5145E+04  3.3258E+04  1.9740E+04  9.7396E+03  2.2168E+03  4.3913E+03  8.4308E+03  1.0415E+04  1.0072E+04  6.9593E+03  3.1388E+03  9.7252E+02  1.9527E+02
  6.9457E+04  6.3719E+04  5.5086E+04  4.4184E+04  3.2408E+04  1.9058E+04  9.2677E+03  1.7438E+03  4.7547E+03  8.6944E+03  1.0543E+04  9.9231E+03  6.5831E+03  2.8973E+03  8.8773E+02  1.7715E+02
  6.8708E+04  6.2901E+04  5.4193E+04  4.3329E+04  3.1462E+04  1.8473E+04  8.7433E+03  1.1660E+03  5.1524E+03  8.9528E+03  1.0632E+04  9.6734E+03  6.1366E+03  2.6303E+03  7.9421E+02  1.5796E+02
  6.8432E+04  6.2582E+04  5.3647E+04  4.2563E+04  3.0438E+04  1.7922E+04  7.9876E+03  5.5574E+02  5.5803E+03  9.1968E+03  1.0649E+04  9.3123E+03  5.6431E+03  2.3578E+03  7.0168E+02  1.4104E+02
  6.7887E+04  6.2048E+04  5.2933E+04  4.1607E+04  2.9281E+04  1.7148E+04  6.8807E+03  5.5469E+02  6.0233E+03  9.4040E+03  1.0577E+04  8.8462E+03  5.1156E+03  2.0802E+03  6.0751E+02  1.2578E+02
  6.6362E+04  6.0608E+04  5.1475E+04  4.0077E+04  2.7774E+04  1.5962E+04  5.6243E+03  1.2283E+03  6.4407E+03  9.5566E+03  1.0400E+04  8.2735E+03  4.5613E+03  1.8032E+03  5.1750E+02  1.1402E+02
  6.3453E+04  5.7875E+04  4.8932E+04  3.7739E+04  2.5736E+04  1.4352E+04  4.4714E+03  2.0588E+03  6.7660E+03  9.6352E+03  1.0098E+04  7.6092E+03  4.0054E+03  1.5401E+03  4.3691E+02  1.0683E+02
  5.9172E+04  5.3856E+04  4.5290E+04  3.4582E+04  2.3161E+04  1.2415E+04  3.4259E+03  3.0468E+03  6.9389E+03  9.6064E+03  9.6766E+03  6.8913E+03  3.4648E+03  1.2915E+03  3.6696E+02  1.0288E+02
  5.3890E+04  4.8897E+04  4.0834E+04  3.0809E+04  2.0189E+04  1.0298E+04  2.5060E+03  4.0512E+03  6.9865E+03  9.4203E+03  9.1634E+03  6.1460E+03  2.9499E+03  1.0674E+03  3.1506E+02  1.0174E+02
  4.8076E+04  4.3443E+04  3.5956E+04  2.6721E+04  1.7034E+04  8.1611E+03  2.0904E+03  4.8934E+03  7.0406E+03  9.0172E+03  8.5850E+03  5.4127E+03  2.4832E+03  8.7690E+02  2.8239E+02  1.0172E+02
  4.2089E+04  3.7837E+04  3.0978E+04  2.2592E+04  1.3905E+04  6.1762E+03  2.4752E+03  5.5205E+03  7.1695E+03  8.3695E+03  7.9672E+03  4.7362E+03  2.0715E+03  7.2250E+02  2.6704E+02  1.0077E+02
  3.6144E+04  3.2288E+04  2.6103E+04  1.8609E+04  1.0968E+04  4.5380E+03  3.2511E+03  5.9682E+03  7.2642E+03  7.5589E+03  7.3175E+03  4.1429E+03  1.7207E+03  6.1215E+02  2.6374E+02  9.8786E+01
  3.0384E+04  2.6946E+04  2.1467E+04  1.4894E+04  8.3481E+03  3.4911E+03  4.0490E+03  6.2693E+03  7.1951E+03  6.7783E+03  6.6131E+03  3.6537E+03  1.4401E+03  5.4277E+02  2.6471E+02  9.4709E+01
  2.4940E+04  2.1935E+04  1.7178E+04  1.1542E+04  6.1577E+03  3.2297E+03  4.7373E+03  6.4363E+03  6.9587E+03  6.1848E+03  5.8438E+03  3.2738E+03  1.2225E+03  5.0345E+02  2.6359E+02  8.8634E+01
  1.9933E+04  1.7365E+04  1.3328E+04  8.6412E+03  4.5508E+03  3.5874E+03  5.2761E+03  6.4809E+03  6.6287E+03  5.7567E+03  5.0410E+03  2.9745E+03  1.0628E+03  4.8078E+02  2.5754E+02  8.1187E+01
  1.5464E+04  1.3320E+04  9.9936E+03  6.2922E+03  3.7188E+03  4.1775E+03  5.6597E+03  6.4193E+03  6.2585E+03  5.3599E+03  4.2725E+03  2.7210E+03  9.5280E+02  4.6053E+02  2.4536E+02  7.2238E+01
  1.1609E+04  9.8752E+03  7.2592E+03  4.6411E+03  3.6768E+03  4.7536E+03  5.8958E+03  6.2692E+03  5.8644E+03  4.9156E+03  3.6284E+03  2.4751E+03  8.7690E+02  4.3445E+02  2.2685E+02  6.2905E+01
  8.4336E+03  7.1061E+03  5.2441E+03  3.8530E+03  4.0926E+03  5.2156E+03  5.9977E+03  6.0477E+03  5.4525E+03  4.4442E+03  3.1573E+03  2.2067E+03  8.2637E+02  3.9929E+02  2.0454E+02  5.3498E+01
  6.0218E+03  5.1284E+03  4.1096E+03  3.8597E+03  4.6124E+03  5.5318E+03  5.9802E+03  5.7704E+03  5.0317E+03  3.9935E+03  2.8158E+03  1.9159E+03  7.8836E+02  3.5742E+02  1.7961E+02  4.4413E+01
  4.5085E+03  4.0895E+03  3.8718E+03  4.2695E+03  5.0565E+03  5.6998E+03  5.8598E+03  5.4502E+03  4.6117E+03  3.5793E+03  2.5209E+03  1.6226E+03  7.4909E+02  3.1154E+02  1.5401E+02  3.6434E+01
  3.9676E+03  3.9408E+03  4.1812E+03  4.7378E+03  5.3608E+03  5.7302E+03  5.6533E+03  5.0978E+03  4.2005E+03  3.1949E+03  2.2262E+03  1.3583E+03  6.9947E+02  2.6708E+02  1.3038E+02  2.9362E+01
  4.1273E+03  4.2757E+03  4.6272E+03  5.1053E+03  5.5119E+03  5.6401E+03  5.3777E+03  4.7225E+03  3.8033E+03  2.8368E+03  1.9374E+03  1.1496E+03  6.3354E+02  2.2896E+02  1.0852E+02  2.3545E+01
  4.5302E+03  4.6981E+03  4.9960E+03  5.3210E+03  5.5187E+03  5.4497E+03  5.0491E+03  4.3330E+03  3.4237E+03  2.5064E+03  1.6781E+03  9.9283E+02  5.5446E+02  1.9754E+02  9.0059E+01  1.9085E+01
  4.8943E+03  5.0203E+03  5.2146E+03  5.3806E+03  5.4001E+03  5.1797E+03  4.6826E+03  3.9381E+03  3.0633E+03  2.2046E+03  1.4548E+03  8.6629E+02  4.6886E+02  1.7382E+02  7.4834E+01  1.5439E+01
  5.1152E+03  5.1843E+03  5.2727E+03  5.3000E+03  5.1794E+03  4.8500E+03  4.2920E+03  3.5461E+03  2.7234E+03  1.9301E+03  1.2584E+03  7.4976E+02  3.8695E+02  1.5519E+02  6.1586E+01  1.2948E+01
  5.1725E+03  5.1884E+03  5.1861E+03  5.1038E+03  4.8809E+03  4.4790E+03  3.8895E+03  3.1645E+03  2.4047E+03  1.6818E+03  1.0821E+03  6.3682E+02  3.1856E+02  1.3758E+02  5.1197E+01  1.1036E+01
  5.0803E+03  5.0531E+03  4.9807E+03  4.8189E+03  4.5276E+03  4.0828E+03  3.4864E+03  2.7996E+03  2.1081E+03  1.4579E+03  9.2520E+02  5.3477E+02  2.6516E+02  1.2120E+02  4.2254E+01  9.5299E+00
  4.8657E+03  4.8069E+03  4.6855E+03  4.4715E+03  4.1395E+03  3.6753E+03  3.0926E+03  2.4564E+03  1.8343E+03  1.2571E+03  7.8766E+02  4.4892E+02  2.2520E+02  1.0401E+02  3.4638E+01  8.4969E+00
  4.5601E+03  4.4807E+03  4.3286E+03  4.0846E+03  3.7331E+03  3.2684E+03  2.7164E+03  2.1384E+03  1.5843E+03  1.0778E+03  6.6789E+02  3.7797E+02  1.9280E+02  8.6452E+01  2.8877E+01  7.5017E+00
  4.1944E+03  4.1033E+03  3.9350E+03  3.6776E+03  3.3224E+03  2.8728E+03  2.3642E+03  1.8474E+03  1.3582E+03  9.1845E+02  5.6384E+02  3.1755E+02  1.6247E+02  7.0629E+01  2.3912E+01  6.6287E+00
  3.7954E+03  3.6994E+03  3.5254E+03  3.2662E+03  2.9193E+03  2.4980E+03  2.0403E+03  1.5842E+03  1.1559E+03  7.7769E+02  4.7344E+02  2.6476E+02  1.3439E+02  5.6661E+01  2.0013E+01  5.8839E+00
  3.3842E+03  3.2879E+03  3.1152E+03  2.8627E+03  2.5345E+03  2.1514E+03  1.7473E+03  1.3487E+03  9.7677E+02  6.5412E+02  3.9558E+02  2.1867E+02  1.0925E+02  4.5736E+01  1.6979E+01  5.0720E+00
  2.9760E+03  2.8825E+03  2.7162E+03  2.4775E+03  2.1768E+03  1.8375E+03  1.4856E+03  1.1399E+03  8.1957E+02  5.4639E+02  3.2874E+02  1.8005E+02  8.8632E+01  3.7669E+01  1.4323E+01  4.3010E+00
  2.5822E+03  2.4937E+03  2.3380E+03  2.1196E+03  1.8525E+03  1.5579E+03  1.2544E+03  9.5657E+02  6.8289E+02  4.5316E+02  2.7166E+02  1.4780E+02  7.2569E+01  3.1544E+01  1.1925E+01  3.6652E+00
  2.2115E+03  2.1302E+03  1.9891E+03  1.7957E+03  1.5646E+03  1.3121E+03  1.0518E+03  7.9691E+02  5.6502E+02  3.7314E+02  2.2315E+02  1.2071E+02  5.9677E+01  2.6445E+01  9.9453E+00  2.9326E+00
  1.8719E+03  1.7997E+03  1.6761E+03  1.5097E+03  1.3129E+03  1.0979E+03  8.7561E+02  6.5899E+02  4.6418E+02  3.0502E+02  1.8215E+02  9.8099E+01  4.8587E+01  2.1635E+01  8.1139E+00  2.3449E+00
  1.5691E+03  1.5071E+03  1.4020E+03  1.2614E+03  1.0951E+03  9.1241E+02  7.2345E+02  5.4081E+02  3.7857E+02  2.4756E+02  1.4773E+02  7.9146E+01  3.9220E+01  1.7395E+01  6.3158E+00  1.8835E+00
  1.3059E+03  1.2538E+03  1.1658E+03  1.0478E+03  9.0742E+02  7.5260E+02  5.9302E+02  4.4038E+02  3.0649E+02  1.9952E+02  1.1902E+02  6.3580E+01  3.1066E+01  1.3631E+01  5.1108E+00  1.3727E+00
  1.0808E+03  1.0375E+03  9.6402E+02  8.6496E+02  7.4642E+02  6.1578E+02  4.8211E+02  3.5578E+02  2.4634E+02  1.5971E+02  9.5257E+01  5.0796E+01  2.4769E+01  1.0617E+01  3.9622E+00  1.0980E+00
  8.8980E+02  8.5367E+02  7.9211E+02  7.0877E+02  6.0897E+02  4.9951E+02  3.8867E+02  2.8521E+02  1.9660E+02  1.2702E+02  7.5725E+01  4.0352E+01  1.9677E+01  8.4695E+00  3.1330E+00  8.7061E-01
  7.2786E+02  6.9759E+02  6.4591E+02  5.7593E+02  4.9245E+02  4.0165E+02  3.1074E+02  2.2691E+02  1.5584E+02  1.0037E+02  5.9795E+01  3.1866E+01  1.5599E+01  6.8093E+00  2.5565E+00  6.5720E-01
  5.9068E+02  5.6532E+02  5.2207E+02  4.6372E+02  3.9459E+02  3.2013E+02  2.4644E+02  1.7922E+02  1.2272E+02  7.8819E+01  4.6905E+01  2.5018E+01  1.2308E+01  5.4663E+00  2.0875E+00  6.1125E-01
  4.7497E+02  4.5386E+02  4.1798E+02  3.6985E+02  3.1329E+02  2.5300E+02  1.9395E+02  1.4057E+02  9.6011E+01  6.1512E+01  3.6555E+01  1.9526E+01  9.5684E+00  4.3859E+00  1.6671E+00  4.9885E-01
  3.7818E+02  3.6081E+02  3.3141E+02  2.9222E+02  2.4656E+02  1.9834E+02  1.5152E+02  1.0953E+02  7.4644E+01  4.7711E+01  2.8308E+01  1.5155E+01  7.4378E+00  3.3130E+00  1.3462E+00  4.1164E-01
  2.9815E+02  2.8405E+02  2.6029E+02  2.2882E+02  1.9243E+02  1.5431E+02  1.1756E+02  8.4790E+01  5.7672E+01  3.6780E+01  2.1784E+01  1.1693E+01  5.7600E+00  2.5923E+00  1.0134E+00  3.3539E-01
  2.3284E+02  2.2155E+02  2.0261E+02  1.7768E+02  1.4903E+02  1.1920E+02  9.0612E+01  6.5226E+01  4.4282E+01  2.8180E+01  1.6663E+01  8.9712E+00  4.4385E+00  1.9297E+00  7.9122E-01  2.8449E-01
  1.8022E+02  1.7131E+02  1.5642E+02  1.3690E+02  1.1458E+02  9.1463E+01  6.9395E+01  4.9863E+01  3.3788E+01  2.1457E+01  1.2670E+01  6.8454E+00  3.4099E+00  1.5243E+00  5.5777E-01  1.6988E-01
  1.3836E+02  1.3141E+02  1.1984E+02  1.0472E+02  8.7506E+01  6.9727E+01  5.2811E+01  3.7877E+01  2.5617E+01  1.6237E+01  9.5788E+00  5.1946E+00  2.5946E+00  1.1914E+00  4.5815E-01  1.3844E-01
  1.0543E+02  1.0007E+02  9.1168E+01  7.9571E+01  6.6392E+01  5.2818E+01  3.9933E+01  2.8587E+01  1.9295E+01  1.2210E+01  7.2018E+00  3.9230E+00  1.9687E+00  9.0698E-01  3.4201E-01  8.4999E-02
  7.9788E+01  7.5691E+01  6.8900E+01  6.0068E+01  5.0050E+01  3.9751E+01  2.9998E+01  2.1432E+01  1.4439E+01  9.1248E+00  5.3827E+00  2.9422E+00  1.4856E+00  7.0067E-01  2.7640E-01  6.0276E-02
  5.9992E+01  5.6882E+01  5.1738E+01  4.5055E+01  3.7485E+01  2.9718E+01  2.2381E+01  1.5958E+01  1.0734E+01  6.7809E+00  4.0086E+00  2.2060E+00  1.1242E+00  5.1241E-01  2.2925E-01  4.6780E-02
  4.4825E+01  4.2478E+01  3.8602E+01  3.3573E+01  2.7886E+01  2.2063E+01  1.6581E+01  1.1798E+01  7.9213E+00  4.9980E+00  2.9529E+00  1.6278E+00  8.3310E-01  3.8343E-01  1.5400E-01  5.6465E-02
  3.3280E+01  3.1517E+01  2.8610E+01  2.4846E+01  2.0598E+01  1.6263E+01  1.2197E+01  8.6676E+00  5.8226E+00  3.6885E+00  2.2003E+00  1.2312E+00  6.3737E-01  2.9946E-01  1.3564E-01  3.5620E-02
  2.4545E+01  2.3225E+01  2.1056E+01  1.8254E+01  1.5101E+01  1.1894E+01  8.8962E+00  6.2997E+00  4.2112E+00  2.6491E+00  1.5672E+00  8.7049E-01  4.5010E-01  2.1226E-01  7.3098E-02  4.5576E-02
  1.7973E+01  1.6990E+01  1.5381E+01  1.3309E+01  1.0989E+01  8.6446E+00  6.4724E+00  4.6097E+00  3.1248E+00  2.0144E+00  1.2284E+00  6.9837E-01  3.6540E-01  1.7675E-01  7.0973E-02  2.1632E-02
  1.3058E+01  1.2331E+01  1.1145E+01  9.6203E+00  7.9151E+00  6.1904E+00  4.5874E+00  3.2102E+00  2.1180E+00  1.3173E+00  7.7406E-01  4.3114E-01  2.2892E-01  1.1242E-01  4.3360E-02  2.2364E-02
  9.4243E+00  8.8863E+00  8.0172E+00  6.9174E+00  5.7137E+00  4.5276E+00  3.4484E+00  2.5221E+00  1.7607E+00  1.1587E+00  7.1076E-01  4.0507E-01  2.1228E-01  9.8147E-02  3.8028E-02  1.4222E-02
  6.6554E+00  6.2883E+00  5.6974E+00  4.9447E+00  4.1047E+00  3.2492E+00  2.4411E+00  1.7315E+00  1.1565E+00  7.2812E-01  4.3605E-01  2.5134E-01  1.3812E-01  7.0491E-02  3.8567E-02  1.2227E-02
