# CREATED BY GENE DIAGNOSTICS TOOL on Sat May 17 20:36:00 2025 /home/unix/ottink/gene/diagnostics
# diag: vsp1, run(s): TokITGv1, time window: 291.2-291.2274(1 steps), species: e
# original data path: /Differ/Data/IMT/lottink/Tokamak_ITG/dFdvp/v2/
# normalization: L_ref=1.65m
#
# vpar
 -3.0000E+00
 -2.9528E+00
 -2.9055E+00
 -2.8583E+00
 -2.8110E+00
 -2.7638E+00
 -2.7165E+00
 -2.6693E+00
 -2.6220E+00
 -2.5748E+00
 -2.5276E+00
 -2.4803E+00
 -2.4331E+00
 -2.3858E+00
 -2.3386E+00
 -2.2913E+00
 -2.2441E+00
 -2.1969E+00
 -2.1496E+00
 -2.1024E+00
 -2.0551E+00
 -2.0079E+00
 -1.9606E+00
 -1.9134E+00
 -1.8661E+00
 -1.8189E+00
 -1.7717E+00
 -1.7244E+00
 -1.6772E+00
 -1.6299E+00
 -1.5827E+00
 -1.5354E+00
 -1.4882E+00
 -1.4409E+00
 -1.3937E+00
 -1.3465E+00
 -1.2992E+00
 -1.2520E+00
 -1.2047E+00
 -1.1575E+00
 -1.1102E+00
 -1.0630E+00
 -1.0157E+00
 -9.6850E-01
 -9.2126E-01
 -8.7402E-01
 -8.2677E-01
 -7.7953E-01
 -7.3228E-01
 -6.8504E-01
 -6.3780E-01
 -5.9055E-01
 -5.4331E-01
 -4.9606E-01
 -4.4882E-01
 -4.0157E-01
 -3.5433E-01
 -3.0709E-01
 -2.5984E-01
 -2.1260E-01
 -1.6535E-01
 -1.1811E-01
 -7.0866E-02
 -2.3622E-02
  2.3622E-02
  7.0866E-02
  1.1811E-01
  1.6535E-01
  2.1260E-01
  2.5984E-01
  3.0709E-01
  3.5433E-01
  4.0157E-01
  4.4882E-01
  4.9606E-01
  5.4331E-01
  5.9055E-01
  6.3780E-01
  6.8504E-01
  7.3228E-01
  7.7953E-01
  8.2677E-01
  8.7402E-01
  9.2126E-01
  9.6850E-01
  1.0157E+00
  1.0630E+00
  1.1102E+00
  1.1575E+00
  1.2047E+00
  1.2520E+00
  1.2992E+00
  1.3465E+00
  1.3937E+00
  1.4409E+00
  1.4882E+00
  1.5354E+00
  1.5827E+00
  1.6299E+00
  1.6772E+00
  1.7244E+00
  1.7717E+00
  1.8189E+00
  1.8661E+00
  1.9134E+00
  1.9606E+00
  2.0079E+00
  2.0551E+00
  2.1024E+00
  2.1496E+00
  2.1969E+00
  2.2441E+00
  2.2913E+00
  2.3386E+00
  2.3858E+00
  2.4331E+00
  2.4803E+00
  2.5276E+00
  2.5748E+00
  2.6220E+00
  2.6693E+00
  2.7165E+00
  2.7638E+00
  2.8110E+00
  2.8583E+00
  2.9055E+00
  2.9528E+00
  3.0000E+00


# mu
  1.3581E-02
  7.1692E-02
  1.7680E-01
  3.2992E-01
  5.3256E-01
  7.8681E-01
  1.0955E+00
  1.4624E+00
  1.8925E+00
  2.3926E+00
  2.9718E+00
  3.6436E+00
  4.4281E+00
  5.3585E+00
  6.4984E+00
  8.0108E+00


# trapped boundary
#  mu         vpar      
  1.3581E-02 -6.4579E-02
  1.3581E-02  7.6321E-02
  7.1692E-02 -1.5851E-01
  7.1692E-02  1.7025E-01
  1.7680E-01 -2.5245E-01
  1.7680E-01  2.6419E-01
  3.2992E-01 -3.4638E-01
  3.2992E-01  3.5812E-01
  5.3256E-01 -4.4031E-01
  5.3256E-01  4.5205E-01
  7.8681E-01 -5.3425E-01
  7.8681E-01  5.4599E-01
  1.0955E+00 -6.2818E-01
  1.0955E+00  6.3992E-01
  1.4624E+00 -7.3386E-01
  1.4624E+00  7.4560E-01
  1.8925E+00 -8.2779E-01
  1.8925E+00  8.3953E-01
  2.3926E+00 -9.3346E-01
  2.3926E+00  9.4521E-01
  2.9718E+00 -1.0509E+00
  2.9718E+00  1.0626E+00
  3.6436E+00 -1.1566E+00
  3.6436E+00  1.1683E+00
  4.4281E+00 -1.2740E+00
  4.4281E+00  1.2857E+00
  5.3585E+00 -1.4031E+00
  5.3585E+00  1.4149E+00
  6.4984E+00 -1.5440E+00
  6.4984E+00  1.5558E+00
  8.0108E+00 -1.7202E+00
  8.0108E+00  1.7319E+00


# , time = 291.2274, var = <|f|^2>^(1/2) , z = 0
  4.7988E+06  4.6738E+06  4.4490E+06  4.1214E+06  3.6863E+06  3.1478E+06  2.5348E+06  1.9075E+06  1.3390E+06  8.7943E+05  5.3937E+05  3.0574E+05  1.7036E+05  4.7190E+05  4.1251E+05  2.9022E+05
  6.4096E+06  6.0760E+06  5.5120E+06  4.7755E+06  3.9408E+06  3.0872E+06  2.2854E+06  1.5897E+06  1.0363E+06  6.3854E+05  3.7532E+05  2.0751E+05  2.0475E+05  6.8653E+05  6.0531E+05  3.0029E+05
  8.5249E+06  8.1031E+06  7.3958E+06  6.4837E+06  5.4661E+06  4.4409E+06  3.4821E+06  2.6264E+06  1.8812E+06  1.2549E+06  7.7177E+05  4.3822E+05  3.7880E+05  8.0387E+05  4.1809E+05  2.4298E+05
  1.1288E+07  1.0732E+07  9.7937E+06  8.5709E+06  7.1812E+06  5.7477E+06  4.3837E+06  3.1768E+06  2.1769E+06  1.3968E+06  8.2981E+05  4.5625E+05  4.5824E+05  7.5107E+05  2.3015E+05  4.1597E+05
  1.4876E+07  1.4145E+07  1.2914E+07  1.1311E+07  9.4925E+06  7.6221E+06  5.8466E+06  4.2797E+06  2.9866E+06  1.9783E+06  1.2265E+06  6.9674E+05  5.1404E+05  4.2279E+05  6.3964E+05  2.9884E+05
  1.9511E+07  1.8557E+07  1.6947E+07  1.4849E+07  1.2467E+07  1.0012E+07  7.6708E+06  5.5880E+06  3.8553E+06  2.5071E+06  1.5239E+06  8.5491E+05  7.5237E+05  6.2979E+05  5.5359E+05  2.8606E+05
  2.5472E+07  2.4230E+07  2.2135E+07  1.9403E+07  1.6300E+07  1.3100E+07  1.0048E+07  7.3338E+06  5.0754E+06  3.3170E+06  2.0358E+06  1.1596E+06  1.0994E+06  7.2056E+05  5.5539E+05  3.1175E+05
  3.3098E+07  3.1489E+07  2.8776E+07  2.5236E+07  2.1212E+07  1.7057E+07  1.3090E+07  9.5578E+06  6.6113E+06  4.3086E+06  2.6270E+06  1.4772E+06  1.0752E+06  1.0001E+06  6.9919E+05  3.6358E+05
  4.2808E+07  4.0735E+07  3.7237E+07  3.2671E+07  2.7475E+07  2.2107E+07  1.6977E+07  1.2405E+07  8.5890E+06  5.6054E+06  3.4244E+06  1.9431E+06  1.2071E+06  1.1456E+06  9.7645E+05  2.6789E+05
  5.5111E+07  5.2452E+07  4.7964E+07  4.2101E+07  3.5425E+07  2.8521E+07  2.1917E+07  1.6024E+07  1.1101E+07  7.2463E+06  4.4238E+06  2.5056E+06  1.6323E+06  9.0884E+05  1.4798E+06  2.4124E+05
  7.0625E+07  6.7231E+07  6.1498E+07  5.4004E+07  4.5466E+07  3.6627E+07  2.8164E+07  2.0605E+07  1.4284E+07  9.3303E+06  5.7008E+06  3.2236E+06  2.1110E+06  1.4803E+06  1.2217E+06  4.3891E+05
  9.0094E+07  8.5780E+07  7.8491E+07  6.8958E+07  5.8087E+07  4.6823E+07  3.6028E+07  2.6376E+07  1.8295E+07  1.1957E+07  7.3084E+06  4.1241E+06  2.6064E+06  1.2357E+06  1.4327E+06  3.9263E+05
  1.1441E+08  1.0895E+08  9.9724E+07  8.7652E+07  7.3875E+07  5.9587E+07  4.5880E+07  3.3610E+07  2.3327E+07  1.5255E+07  9.3282E+06  5.2694E+06  2.5959E+06  1.8967E+06  1.3931E+06  4.1223E+05
  1.4462E+08  1.3775E+08  1.2613E+08  1.1091E+08  9.3530E+07  7.5488E+07  5.8162E+07  4.2636E+07  2.9611E+07  1.9374E+07  1.1854E+07  6.7986E+06  3.5134E+06  2.6413E+06  1.4794E+06  3.8664E+05
  1.8199E+08  1.7338E+08  1.5881E+08  1.3971E+08  1.1788E+08  9.5204E+07  7.3401E+07  5.3843E+07  3.7418E+07  2.4497E+07  1.4997E+07  8.4981E+06  4.9171E+06  2.7243E+06  1.2153E+06  3.2050E+05
  2.2799E+08  2.1724E+08  1.9905E+08  1.7520E+08  1.4791E+08  1.1953E+08  9.2220E+07  6.7694E+07  4.7074E+07  3.0837E+07  1.8883E+07  1.0499E+07  5.8302E+06  5.4878E+06  1.9191E+06  4.0669E+05
  2.8434E+08  2.7099E+08  2.4838E+08  2.1873E+08  1.8476E+08  1.4941E+08  1.1535E+08  8.4729E+07  5.8958E+07  3.8645E+07  2.3682E+07  1.3717E+07  7.6306E+06  4.0774E+06  2.0747E+06  5.4768E+05
  3.5303E+08  3.3653E+08  3.0856E+08  2.7185E+08  2.2977E+08  1.8593E+08  1.4364E+08  1.0558E+08  7.3518E+07  4.8217E+07  2.9566E+07  1.7164E+07  8.3543E+06  6.0269E+06  2.7701E+06  9.0264E+05
  4.3639E+08  4.1606E+08  3.8163E+08  3.3638E+08  2.8448E+08  2.3035E+08  1.7808E+08  1.3099E+08  9.1270E+07  5.9896E+07  3.6735E+07  2.0298E+07  1.0971E+07  5.5409E+06  2.7926E+06  1.0198E+06
  5.3704E+08  5.1214E+08  4.6991E+08  4.1440E+08  3.5067E+08  2.8413E+08  2.1981E+08  1.6180E+08  1.1281E+08  7.4080E+07  4.5491E+07  2.5859E+07  1.5299E+07  6.8887E+06  2.9442E+06  1.1347E+06
  6.5803E+08  6.2764E+08  5.7609E+08  5.0828E+08  4.3037E+08  3.4893E+08  2.7014E+08  1.9898E+08  1.3883E+08  9.1223E+07  5.6009E+07  3.3006E+07  1.7650E+07  8.2909E+06  3.3363E+06  1.1439E+06
  8.0278E+08  7.6585E+08  7.0319E+08  6.2072E+08  5.2587E+08  4.2665E+08  3.3053E+08  2.4364E+08  1.7011E+08  1.1184E+08  6.8667E+07  3.8673E+07  2.2802E+07  1.0879E+07  4.6819E+06  1.2607E+06
  9.7515E+08  9.3047E+08  8.5463E+08  7.5474E+08  6.3979E+08  5.1941E+08  4.0268E+08  2.9704E+08  2.0753E+08  1.3654E+08  8.4201E+07  4.8620E+07  2.5990E+07  1.3998E+07  6.3977E+06  1.4022E+06
  1.1795E+09  1.1257E+09  1.0342E+09  9.1377E+08  7.7503E+08  6.2962E+08  4.8846E+08  3.6057E+08  2.5209E+08  1.6598E+08  1.0201E+08  5.6571E+07  2.9872E+07  1.6022E+07  6.8063E+06  2.0984E+06
  1.4206E+09  1.3560E+09  1.2463E+09  1.1016E+09  9.3485E+08  7.5993E+08  5.8997E+08  4.3581E+08  3.0492E+08  2.0089E+08  1.2343E+08  7.5144E+07  3.8329E+07  1.8908E+07  7.9789E+06  2.2672E+06
  1.7039E+09  1.6267E+09  1.4955E+09  1.3224E+09  1.1228E+09  9.1331E+08  7.0953E+08  5.2451E+08  3.6723E+08  2.4209E+08  1.4922E+08  8.4458E+07  4.4107E+07  2.3319E+07  8.4512E+06  2.9393E+06
  2.0352E+09  1.9433E+09  1.7870E+09  1.5808E+09  1.3429E+09  1.0930E+09  8.4969E+08  6.2856E+08  4.4041E+08  2.9071E+08  1.8203E+08  1.0765E+08  5.9686E+07  3.0118E+07  1.0879E+07  2.8427E+06
  2.4211E+09  2.3120E+09  2.1266E+09  1.8819E+09  1.5994E+09  1.3025E+09  1.0132E+09  7.5008E+08  5.2593E+08  3.4706E+08  2.0848E+08  1.1672E+08  6.6660E+07  3.2414E+07  1.4908E+07  2.9316E+06
  2.8685E+09  2.7396E+09  2.5204E+09  2.2311E+09  1.8971E+09  1.5457E+09  1.2032E+09  8.9132E+08  6.2547E+08  4.1389E+08  2.6400E+08  1.5262E+08  8.2077E+07  3.8102E+07  1.7254E+07  3.0198E+06
  3.3852E+09  3.2333E+09  2.9751E+09  2.6343E+09  2.2408E+09  1.8267E+09  1.4228E+09  1.0547E+09  7.4062E+08  4.8851E+08  2.9653E+08  1.7173E+08  9.4730E+07  4.4110E+07  2.0206E+07  2.8839E+06
  3.9792E+09  3.8009E+09  3.4979E+09  3.0979E+09  2.6360E+09  2.1499E+09  1.6755E+09  1.2429E+09  8.7378E+08  5.8235E+08  3.7364E+08  2.1933E+08  1.1776E+08  5.9874E+07  1.9422E+07  3.4591E+06
  4.6595E+09  4.4508E+09  4.0963E+09  3.6286E+09  3.0885E+09  2.5200E+09  1.9650E+09  1.4587E+09  1.0255E+09  6.7270E+08  4.0460E+08  2.4327E+08  1.3034E+08  7.6926E+07  1.8645E+07  3.7143E+06
  5.4352E+09  5.1919E+09  4.7786E+09  4.2334E+09  3.6041E+09  2.9418E+09  2.2951E+09  1.7050E+09  1.2017E+09  8.0997E+08  5.0874E+08  2.9550E+08  1.6135E+08  8.4442E+07  1.8398E+07  4.4017E+06
  6.3164E+09  6.0334E+09  5.5531E+09  4.9199E+09  4.1892E+09  3.4205E+09  2.6699E+09  1.9846E+09  1.3958E+09  9.1453E+08  5.7844E+08  3.4498E+08  2.0513E+08  8.5801E+07  1.7787E+07  5.1870E+06
  7.3131E+09  6.9852E+09  6.4288E+09  5.6957E+09  4.8503E+09  3.9613E+09  3.0935E+09  2.3016E+09  1.6294E+09  1.1041E+09  6.9257E+08  4.1884E+08  2.5946E+08  7.7104E+07  2.0484E+07  5.7111E+06
  8.4362E+09  8.0573E+09  7.4147E+09  6.5688E+09  5.5941E+09  4.5698E+09  3.5703E+09  2.6572E+09  1.8687E+09  1.2282E+09  7.9540E+08  4.8454E+08  2.9069E+08  6.9112E+07  2.2670E+07  6.6335E+06
  9.6964E+09  9.2600E+09  8.5202E+09  7.5473E+09  6.4273E+09  5.2513E+09  4.1045E+09  3.0599E+09  2.1774E+09  1.4517E+09  9.5714E+08  6.1626E+08  2.7124E+08  7.0497E+07  2.5756E+07  7.3496E+06
  1.1105E+10  1.0604E+10  9.7548E+09  8.6394E+09  7.3569E+09  6.0116E+09  4.7010E+09  3.5028E+09  2.4739E+09  1.6851E+09  1.1202E+09  7.4673E+08  2.3458E+08  7.2487E+07  2.9638E+07  8.0505E+06
  1.2672E+10  1.2099E+10  1.1128E+10  9.8533E+09  8.3897E+09  6.8562E+09  5.3636E+09  4.0077E+09  2.8419E+09  1.9746E+09  1.3266E+09  7.8859E+08  2.0687E+08  8.2550E+07  3.2047E+07  9.3189E+06
  1.4409E+10  1.3755E+10  1.2648E+10  1.1197E+10  9.5325E+09  7.7912E+09  6.0987E+09  4.5577E+09  3.2328E+09  2.3034E+09  1.5798E+09  6.9881E+08  1.9646E+08  9.2591E+07  3.5333E+07  9.9410E+06
  1.6327E+10  1.5583E+10  1.4325E+10  1.2678E+10  1.0792E+10  8.8213E+09  6.9084E+09  5.1634E+09  3.7019E+09  2.6882E+09  1.8264E+09  5.4172E+08  2.1643E+08  9.9725E+07  3.9292E+07  1.1323E+07
  1.8433E+10  1.7590E+10  1.6167E+10  1.4305E+10  1.2175E+10  9.9552E+09  7.8037E+09  5.8621E+09  4.3336E+09  3.1106E+09  1.7843E+09  4.7149E+08  2.3563E+08  1.0929E+08  4.1551E+07  1.2416E+07
  2.0737E+10  1.9786E+10  1.8182E+10  1.6084E+10  1.3689E+10  1.1192E+10  8.7778E+09  6.5481E+09  4.9856E+09  3.5855E+09  1.3573E+09  4.9557E+08  2.5254E+08  1.1852E+08  4.6748E+07  1.3223E+07
  2.3246E+10  2.2177E+10  2.0376E+10  1.8023E+10  1.5339E+10  1.2555E+10  9.8643E+09  7.5049E+09  5.7076E+09  3.7795E+09  1.0029E+09  5.2506E+08  2.7315E+08  1.2438E+08  5.0100E+07  1.5113E+07
  2.5964E+10  2.4769E+10  2.2755E+10  2.0127E+10  1.7132E+10  1.4013E+10  1.0997E+10  8.5326E+09  6.4980E+09  3.1191E+09  1.0032E+09  5.5797E+08  2.9120E+08  1.3723E+08  5.3295E+07  1.5505E+07
  2.8896E+10  2.7566E+10  2.5325E+10  2.2402E+10  1.9077E+10  1.5649E+10  1.2352E+10  9.7981E+09  7.0256E+09  2.0703E+09  1.0680E+09  5.8845E+08  3.0290E+08  1.4486E+08  5.9758E+07  1.7658E+07
  3.2042E+10  3.0570E+10  2.8089E+10  2.4855E+10  2.1175E+10  1.7349E+10  1.3785E+10  1.1066E+10  6.1743E+09  1.7567E+09  1.0923E+09  6.1367E+08  3.2825E+08  1.5180E+08  6.0886E+07  1.8515E+07
  3.5403E+10  3.3782E+10  3.1051E+10  2.7491E+10  2.3455E+10  1.9287E+10  1.5711E+10  1.2016E+10  4.0523E+09  1.9876E+09  1.1377E+09  6.2598E+08  3.4394E+08  1.6824E+08  6.8287E+07  1.9883E+07
  3.8974E+10  3.7202E+10  3.4213E+10  3.0318E+10  2.5886E+10  2.1355E+10  1.7798E+10  1.0918E+10  2.9396E+09  1.9776E+09  1.1573E+09  6.6203E+08  3.5434E+08  1.6987E+08  7.0924E+07  2.1640E+07
  4.2753E+10  4.0827E+10  3.7577E+10  3.3340E+10  2.8549E+10  2.3897E+10  1.9330E+10  7.1897E+09  3.3044E+09  1.8654E+09  1.1538E+09  6.9400E+08  3.8938E+08  1.8643E+08  7.4477E+07  2.1929E+07
  4.6735E+10  4.4656E+10  4.1147E+10  3.6584E+10  3.1436E+10  2.6982E+10  1.7742E+10  4.6859E+09  3.4681E+09  1.9504E+09  1.2095E+09  7.0675E+08  3.8840E+08  1.9317E+08  8.0125E+07  2.3953E+07
  5.0917E+10  4.8689E+10  4.4933E+10  4.0043E+10  3.4735E+10  2.9429E+10  1.1711E+10  4.9076E+09  2.8360E+09  1.8623E+09  1.2553E+09  7.7090E+08  4.0884E+08  1.9613E+08  7.9551E+07  2.4197E+07
  5.5301E+10  5.2936E+10  4.8954E+10  4.3825E+10  3.8916E+10  2.6723E+10  6.9421E+09  5.6560E+09  2.9811E+09  1.9540E+09  1.2669E+09  7.6213E+08  4.1943E+08  2.0922E+08  8.5240E+07  2.5664E+07
  5.9905E+10  5.7419E+10  5.3253E+10  4.8090E+10  4.2263E+10  1.7029E+10  7.0869E+09  4.2583E+09  3.0157E+09  2.1424E+09  1.3109E+09  7.5664E+08  4.0916E+08  2.0546E+08  8.6054E+07  2.6806E+07
  6.4772E+10  6.2197E+10  5.7946E+10  5.3417E+10  3.9345E+10  9.4650E+09  8.7411E+09  4.0796E+09  2.8897E+09  1.9788E+09  1.2476E+09  7.6693E+08  4.3032E+08  2.1516E+08  8.9423E+07  2.7764E+07
  6.9997E+10  6.7392E+10  6.3304E+10  5.8329E+10  2.3922E+10  1.0258E+10  6.7172E+09  4.7322E+09  3.4044E+09  1.9690E+09  1.1891E+09  7.3930E+08  4.2969E+08  2.1972E+08  9.3173E+07  2.8858E+07
  7.5767E+10  7.3248E+10  7.0207E+10  5.4098E+10  1.3340E+10  1.3428E+10  5.4827E+09  4.0193E+09  2.8025E+09  1.8325E+09  1.1953E+09  7.5656E+08  4.4159E+08  2.2446E+08  9.6366E+07  3.0290E+07
  8.2429E+10  8.0307E+10  7.7242E+10  3.1167E+10  1.4819E+10  9.2161E+09  7.1558E+09  4.7151E+09  2.4758E+09  1.7758E+09  1.2190E+09  7.6575E+08  4.4997E+08  2.2544E+08  9.5144E+07  2.9072E+07
  9.0577E+10  8.9869E+10  7.1077E+10  1.8538E+10  1.8514E+10  7.9208E+09  5.8446E+09  4.2131E+09  2.7398E+09  1.8342E+09  1.2216E+09  7.7322E+08  4.6434E+08  2.3723E+08  1.0283E+08  3.2077E+07
  1.0118E+11  1.0146E+11  3.9786E+10  2.2041E+10  1.3189E+10  1.0308E+10  6.2112E+09  4.0134E+09  2.5480E+09  1.7466E+09  1.1904E+09  7.2880E+08  4.2497E+08  2.1134E+08  9.0511E+07  2.8004E+07
  1.1608E+11  9.7571E+10  2.7330E+10  2.6285E+10  1.3468E+10  9.9481E+09  8.1917E+09  4.3314E+09  2.6431E+09  1.7792E+09  1.2393E+09  7.8650E+08  4.7061E+08  2.4019E+08  1.0486E+08  3.2783E+07
  1.3620E+11  6.1168E+10  3.7796E+10  2.3896E+10  2.0357E+10  1.0625E+10  6.2264E+09  4.1772E+09  2.7162E+09  1.7327E+09  1.1784E+09  7.0651E+08  4.0364E+08  2.0533E+08  9.1047E+07  2.9077E+07
  1.4985E+11  4.5448E+10  4.0924E+10  2.8301E+10  1.5567E+10  1.2176E+10  8.2003E+09  4.9785E+09  2.7629E+09  1.7978E+09  1.2549E+09  7.9956E+08  4.8595E+08  2.5511E+08  1.1403E+08  3.6285E+07
  1.2691E+11  6.6954E+10  3.3098E+10  3.2476E+10  2.3961E+10  1.1802E+10  6.2063E+09  3.9577E+09  2.3981E+09  1.8683E+09  1.5407E+09  1.0537E+09  6.6456E+08  3.5491E+08  1.5892E+08  5.0715E+07
  8.3361E+10  3.8765E+10  2.0450E+10  2.8333E+10  2.0865E+10  8.3224E+09  6.1691E+09  4.6556E+09  2.8916E+09  1.6967E+09  1.1029E+09  6.3348E+08  3.2316E+08  1.5042E+08  5.9671E+07  1.6737E+07
  5.2031E+10  3.3418E+10  3.9059E+10  1.4765E+10  1.3805E+10  1.1010E+10  7.2551E+09  3.9790E+09  2.2685E+09  1.4935E+09  1.0572E+09  6.5417E+08  3.8746E+08  1.9863E+08  8.6975E+07  2.6923E+07
  2.9328E+10  6.0144E+10  1.7353E+10  2.2058E+10  1.5410E+10  6.5144E+09  5.0417E+09  3.1965E+09  1.9140E+09  1.4100E+09  1.2003E+09  8.0323E+08  4.9541E+08  2.5544E+08  1.1108E+08  3.4204E+07
  4.5396E+10  3.2592E+10  2.9209E+10  1.7424E+10  9.9736E+09  8.7997E+09  6.5348E+09  3.1836E+09  1.9279E+09  1.3127E+09  9.6881E+08  6.2813E+08  3.9264E+08  2.0667E+08  9.2864E+07  2.9478E+07
  5.1013E+10  3.8375E+10  3.6878E+10  1.2668E+10  1.2633E+10  7.2418E+09  3.9934E+09  2.7445E+09  1.7712E+09  1.2491E+09  9.8721E+08  6.8315E+08  4.4236E+08  2.3694E+08  1.0681E+08  3.4028E+07
  5.3428E+10  4.7690E+10  2.5687E+10  2.2771E+10  1.2105E+10  5.4301E+09  4.5794E+09  3.2351E+09  1.8005E+09  1.2559E+09  9.2556E+08  6.1844E+08  3.8364E+08  1.9927E+08  8.8758E+07  2.8298E+07
  5.4359E+10  5.0099E+10  3.8111E+10  1.9608E+10  9.8637E+09  8.5086E+09  3.9499E+09  2.4940E+09  1.5267E+09  1.1906E+09  9.0091E+08  6.1119E+08  3.8468E+08  2.0433E+08  9.2497E+07  3.0088E+07
  5.4447E+10  5.0733E+10  4.3850E+10  2.3029E+10  1.3950E+10  6.3868E+09  3.1918E+09  2.1930E+09  1.7115E+09  1.2124E+09  8.7416E+08  6.1150E+08  3.7879E+08  1.9731E+08  8.5955E+07  2.7012E+07
  5.3968E+10  5.0618E+10  4.4802E+10  3.3775E+10  1.4459E+10  6.1573E+09  4.7170E+09  2.2495E+09  1.6368E+09  1.1880E+09  8.8349E+08  6.1724E+08  3.7285E+08  1.9300E+08  8.3699E+07  2.6585E+07
  5.3050E+10  4.9965E+10  4.4654E+10  3.7229E+10  1.9854E+10  9.0051E+09  4.6676E+09  1.8569E+09  1.5189E+09  1.1593E+09  8.3913E+08  5.7844E+08  3.5239E+08  1.8834E+08  8.2209E+07  2.5736E+07
  5.1778E+10  4.8904E+10  4.3987E+10  3.7433E+10  2.7677E+10  9.0297E+09  4.3154E+09  2.9068E+09  1.6414E+09  1.2235E+09  8.1754E+08  5.7709E+08  3.5512E+08  1.8773E+08  8.0045E+07  2.4645E+07
  5.0209E+10  4.7515E+10  4.2936E+10  3.6857E+10  2.9679E+10  1.5634E+10  5.0215E+09  3.3038E+09  1.5779E+09  1.2307E+09  8.9153E+08  5.7908E+08  3.2959E+08  1.7185E+08  7.5040E+07  2.3736E+07
  4.8398E+10  4.5863E+10  4.1565E+10  3.5898E+10  2.9379E+10  2.1053E+10  7.0234E+09  2.6598E+09  1.9874E+09  1.2315E+09  8.5884E+08  5.4155E+08  3.2010E+08  1.7122E+08  7.4643E+07  2.3084E+07
  4.6391E+10  4.4002E+10  3.9958E+10  3.4638E+10  2.8536E+10  2.2309E+10  1.1386E+10  3.0275E+09  2.2342E+09  1.2752E+09  8.6579E+08  5.7256E+08  3.2889E+08  1.6172E+08  6.7672E+07  2.1092E+07
  4.4229E+10  4.1976E+10  3.8166E+10  3.3173E+10  2.7420E+10  2.1632E+10  1.4888E+10  4.6707E+09  1.8511E+09  1.3747E+09  8.7860E+08  5.4322E+08  3.0252E+08  1.5225E+08  6.6165E+07  2.0804E+07
  4.1949E+10  3.9827E+10  3.6240E+10  3.1543E+10  2.6185E+10  2.0564E+10  1.5568E+10  7.4889E+09  1.9148E+09  1.4377E+09  8.7807E+08  5.2234E+08  3.1093E+08  1.5532E+08  6.3189E+07  1.8765E+07
  3.9583E+10  3.7588E+10  3.4217E+10  2.9808E+10  2.4776E+10  1.9602E+10  1.4872E+10  9.6233E+09  2.9377E+09  1.2706E+09  8.9736E+08  5.2850E+08  2.9332E+08  1.4000E+08  5.8152E+07  1.8050E+07
  3.7162E+10  3.5292E+10  3.2133E+10  2.8004E+10  2.3306E+10  1.8416E+10  1.3831E+10  9.9917E+09  4.4981E+09  1.1922E+09  8.7132E+08  5.1003E+08  2.7652E+08  1.3971E+08  5.8624E+07  1.7148E+07
  3.4714E+10  3.2967E+10  3.0016E+10  2.6163E+10  2.1783E+10  1.7284E+10  1.3030E+10  9.5411E+09  5.7068E+09  1.6532E+09  7.8879E+08  5.0091E+08  2.7460E+08  1.3055E+08  5.2007E+07  1.5557E+07
  3.2265E+10  3.0639E+10  2.7895E+10  2.4313E+10  2.0247E+10  1.6058E+10  1.2018E+10  8.7072E+09  5.9281E+09  2.4481E+09  7.3106E+08  4.7806E+08  2.5793E+08  1.2123E+08  5.0913E+07  1.5495E+07
  2.9840E+10  2.8332E+10  2.5790E+10  2.2476E+10  1.8717E+10  1.4859E+10  1.1262E+10  8.0276E+09  5.6336E+09  3.0693E+09  8.5580E+08  4.3004E+08  2.4625E+08  1.1898E+08  4.6770E+07  1.3530E+07
  2.7459E+10  2.6068E+10  2.3724E+10  2.0671E+10  1.7213E+10  1.3666E+10  1.0273E+10  7.3223E+09  5.1268E+09  3.2387E+09  1.1824E+09  3.9905E+08  2.3207E+08  1.0972E+08  4.2824E+07  1.3201E+07
  2.5142E+10  2.3865E+10  2.1715E+10  1.8916E+10  1.5750E+10  1.2506E+10  9.4678E+09  6.7963E+09  4.6629E+09  3.0958E+09  1.4782E+09  4.2603E+08  2.0748E+08  1.0371E+08  4.1379E+07  1.1804E+07
  2.2906E+10  2.1740E+10  1.9776E+10  1.7224E+10  1.4339E+10  1.1387E+10  8.5923E+09  6.1256E+09  4.1599E+09  2.7949E+09  1.6124E+09  5.0514E+08  1.9048E+08  9.6976E+07  3.7344E+07  1.0780E+07
  2.0766E+10  1.9706E+10  1.7922E+10  1.5605E+10  1.2990E+10  1.0317E+10  7.8032E+09  5.6230E+09  3.7844E+09  2.5047E+09  1.5642E+09  6.1789E+08  1.9020E+08  8.5900E+07  3.5241E+07  1.0177E+07
  1.8733E+10  1.7774E+10  1.6162E+10  1.4070E+10  1.1711E+10  9.3023E+09  7.0328E+09  5.0315E+09  3.4225E+09  2.2218E+09  1.4102E+09  7.0794E+08  1.9717E+08  7.8639E+07  3.2544E+07  8.9591E+06
  1.6816E+10  1.5953E+10  1.4504E+10  1.2625E+10  1.0507E+10  8.3473E+09  6.3157E+09  4.5462E+09  3.0855E+09  1.9800E+09  1.2414E+09  7.0623E+08  2.2709E+08  7.3899E+07  2.8640E+07  8.4944E+06
  1.5022E+10  1.4250E+10  1.2953E+10  1.1273E+10  9.3825E+09  7.4550E+09  5.6424E+09  4.0522E+09  2.7576E+09  1.7634E+09  1.0900E+09  6.5033E+08  2.6126E+08  6.9200E+07  2.6370E+07  7.6142E+06
  1.3354E+10  1.2666E+10  1.1512E+10  1.0019E+10  8.3385E+09  6.6269E+09  5.0183E+09  3.6123E+09  2.4624E+09  1.5632E+09  9.5074E+08  5.6689E+08  2.6984E+08  7.4165E+07  2.3489E+07  6.7493E+06
  1.1814E+10  1.1205E+10  1.0183E+10  8.8617E+09  7.3761E+09  5.8635E+09  4.4423E+09  3.1980E+09  2.1778E+09  1.4144E+09  8.4880E+08  4.8941E+08  2.6537E+08  7.9123E+07  2.0948E+07  6.2158E+06
  1.0401E+10  9.8647E+09  8.9650E+09  7.8016E+09  6.4945E+09  5.1642E+09  3.9146E+09  2.8210E+09  1.9263E+09  1.2258E+09  7.3882E+08  4.1519E+08  2.3133E+08  8.2934E+07  2.0816E+07  5.2728E+06
  9.1142E+09  8.6439E+09  7.8555E+09  6.8364E+09  5.6919E+09  4.5276E+09  3.4339E+09  2.4762E+09  1.6905E+09  1.0974E+09  6.6263E+08  3.6637E+08  1.9717E+08  8.7026E+07  1.9428E+07  4.7568E+06
  7.9488E+09  7.5387E+09  6.8512E+09  5.9630E+09  4.9657E+09  3.9514E+09  2.9986E+09  2.1641E+09  1.4797E+09  9.4798E+08  5.6204E+08  3.1708E+08  1.6747E+08  7.9419E+07  2.0250E+07  4.3198E+06
  6.9000E+09  6.5441E+09  5.9477E+09  5.1773E+09  4.3126E+09  3.4330E+09  2.6067E+09  1.8827E+09  1.2881E+09  8.3238E+08  5.1134E+08  2.8625E+08  1.4385E+08  7.1109E+07  2.1022E+07  3.6849E+06
  5.9618E+09  5.6545E+09  5.1397E+09  4.4747E+09  3.7284E+09  2.9693E+09  2.2560E+09  1.6306E+09  1.1167E+09  7.1968E+08  4.2603E+08  2.3914E+08  1.1851E+08  5.8205E+07  1.9987E+07  3.7309E+06
  5.1274E+09  4.8635E+09  4.4212E+09  3.8500E+09  3.2089E+09  2.5568E+09  1.9437E+09  1.4060E+09  9.6366E+08  6.2258E+08  3.8441E+08  2.1551E+08  1.0803E+08  4.8702E+07  1.9872E+07  3.2814E+06
  4.3897E+09  4.1640E+09  3.7859E+09  3.2976E+09  2.7495E+09  2.1918E+09  1.6673E+09  1.2069E+09  8.2791E+08  5.3493E+08  3.1845E+08  1.7463E+08  9.1356E+07  4.1226E+07  1.6592E+07  3.2910E+06
  3.7410E+09  3.5490E+09  3.2273E+09  2.8118E+09  2.3453E+09  1.8706E+09  1.4238E+09  1.0314E+09  7.0811E+08  4.5803E+08  2.7855E+08  1.5944E+08  8.1800E+07  3.5808E+07  1.4110E+07  3.3014E+06
  3.1738E+09  3.0112E+09  2.7388E+09  2.3869E+09  1.9918E+09  1.5894E+09  1.2106E+09  8.7759E+08  6.0296E+08  3.9028E+08  2.3547E+08  1.2987E+08  6.6701E+07  2.8879E+07  1.1552E+07  2.8907E+06
  2.6806E+09  2.5435E+09  2.3139E+09  2.0173E+09  1.6841E+09  1.3446E+09  1.0248E+09  7.4340E+08  5.1114E+08  3.3112E+08  2.0077E+08  1.1481E+08  5.9038E+07  2.6351E+07  9.5825E+06  2.9264E+06
  2.2539E+09  2.1390E+09  1.9463E+09  1.6974E+09  1.4176E+09  1.1325E+09  8.6368E+08  6.2697E+08  4.3139E+08  2.7963E+08  1.6915E+08  9.3646E+07  4.7125E+07  2.1831E+07  8.2794E+06  2.2683E+06
  1.8867E+09  1.7908E+09  1.6299E+09  1.4219E+09  1.1881E+09  9.4969E+08  7.2472E+08  5.2645E+08  3.6247E+08  2.3512E+08  1.4247E+08  8.0932E+07  4.1546E+07  1.9214E+07  7.1625E+06  1.9907E+06
  1.5724E+09  1.4927E+09  1.3589E+09  1.1860E+09  9.9146E+08  7.9292E+08  6.0546E+08  4.4010E+08  3.0322E+08  1.9681E+08  1.1934E+08  6.5814E+07  3.4913E+07  1.6108E+07  5.6418E+06  1.6035E+06
  1.3048E+09  1.2388E+09  1.1281E+09  9.8488E+08  8.2373E+08  6.5915E+08  5.0362E+08  3.6631E+08  2.5254E+08  1.6401E+08  9.9478E+07  5.5970E+07  2.8686E+07  1.3304E+07  4.9931E+06  1.2431E+06
  1.0779E+09  1.0236E+09  9.3235E+08  8.1431E+08  6.8140E+08  5.4555E+08  4.1708E+08  3.0355E+08  2.0939E+08  1.3607E+08  8.2572E+07  4.6569E+07  2.4818E+07  1.1155E+07  4.0396E+06  1.1819E+06
  8.8663E+08  8.4205E+08  7.6723E+08  6.7036E+08  5.6121E+08  4.4957E+08  3.4390E+08  2.5044E+08  1.7286E+08  1.1238E+08  6.8242E+07  3.8056E+07  1.9503E+07  9.0452E+06  3.4774E+06  9.7235E+05
  7.2613E+08  6.8972E+08  6.2862E+08  5.4946E+08  4.6022E+08  3.6887E+08  2.8233E+08  2.0571E+08  1.4206E+08  9.2408E+07  5.6125E+07  3.1367E+07  1.6094E+07  8.3361E+06  3.2594E+06  8.0020E+05
  5.9210E+08  5.6251E+08  5.1282E+08  4.4842E+08  3.7576E+08  3.0134E+08  2.3077E+08  1.6824E+08  1.1624E+08  7.5647E+07  4.5968E+07  2.5886E+07  1.3569E+07  6.0598E+06  2.3913E+06  6.7809E+05
  4.8073E+08  4.5678E+08  4.1654E+08  3.6437E+08  3.0548E+08  2.4510E+08  1.8780E+08  1.3698E+08  9.4694E+07  6.1650E+07  3.7478E+07  2.1009E+07  1.0378E+07  6.4291E+06  2.4957E+06  4.7982E+05
  3.8862E+08  3.6931E+08  3.3688E+08  2.9480E+08  2.4726E+08  1.9849E+08  1.5217E+08  1.1105E+08  7.6799E+07  5.0020E+07  3.0415E+07  1.7012E+07  8.9877E+06  3.9278E+06  1.7714E+06  4.3302E+05
  3.1280E+08  2.9731E+08  2.7128E+08  2.3748E+08  1.9927E+08  1.6004E+08  1.2275E+08  8.9627E+07  6.2012E+07  4.0403E+07  2.4576E+07  1.3824E+07  7.1485E+06  3.9544E+06  1.8847E+06  4.1716E+05
  2.5069E+08  2.3832E+08  2.1750E+08  1.9048E+08  1.5990E+08  1.2849E+08  9.8596E+07  7.2021E+07  4.9850E+07  3.2490E+07  1.9768E+07  1.1101E+07  5.5120E+06  2.6173E+06  1.2602E+06  3.5204E+05
  2.0005E+08  1.9020E+08  1.7364E+08  1.5212E+08  1.2775E+08  1.0270E+08  7.8847E+07  5.7619E+07  3.9897E+07  2.6010E+07  1.5828E+07  8.8616E+06  4.7751E+06  2.3453E+06  1.5348E+06  3.7641E+05
  1.5896E+08  1.5115E+08  1.3803E+08  1.2096E+08  1.0163E+08  8.1735E+07  6.2778E+07  4.5895E+07  3.1790E+07  2.0731E+07  1.2620E+07  7.0957E+06  3.6391E+06  1.9008E+06  1.1134E+06  3.4777E+05
  1.2576E+08  1.1960E+08  1.0924E+08  9.5768E+07  8.0496E+07  6.4766E+07  4.9766E+07  3.6396E+07  2.5217E+07  1.6447E+07  1.0011E+07  5.6225E+06  2.8007E+06  1.2946E+06  1.1820E+06  3.3445E+05
  9.9068E+07  9.4233E+07  8.6092E+07  7.5497E+07  6.3481E+07  5.1098E+07  3.9279E+07  2.8737E+07  1.9918E+07  1.2998E+07  7.9203E+06  4.4453E+06  2.5409E+06  1.3581E+06  9.3359E+05  3.5375E+05
  7.7708E+07  7.3926E+07  6.7555E+07  5.9260E+07  4.9847E+07  4.0139E+07  3.0865E+07  2.2587E+07  1.5654E+07  1.0208E+07  6.2039E+06  3.4630E+06  1.8693E+06  1.0335E+06  7.9315E+05  3.0579E+05
  6.0693E+07  5.7746E+07  5.2782E+07  4.6316E+07  3.8973E+07  3.1394E+07  2.4152E+07  1.7686E+07  1.2274E+07  8.0254E+06  4.8974E+06  2.7550E+06  1.4113E+06  8.6591E+05  3.9135E+05  2.0411E+05
  4.7201E+07  4.4916E+07  4.1064E+07  3.6043E+07  3.0338E+07  2.4444E+07  1.8803E+07  1.3754E+07  9.5142E+06  6.1707E+06  3.7111E+06  2.0529E+06  1.2630E+06  6.2431E+05  5.5473E+05  3.0433E+05
  3.6553E+07  3.4787E+07  3.1811E+07  2.7930E+07  2.3521E+07  1.8970E+07  1.4624E+07  1.0749E+07  7.5001E+06  4.9313E+06  3.0302E+06  1.7271E+06  1.0324E+06  4.2939E+05  5.1567E+05  1.5745E+05
  2.8186E+07  2.6828E+07  2.4536E+07  2.1541E+07  1.8125E+07  1.4576E+07  1.1156E+07  8.0784E+06  5.4968E+06  3.4966E+06  2.0780E+06  1.1542E+06  5.9623E+05  6.6982E+05  2.0953E+05  3.0418E+05
  2.1643E+07  2.0604E+07  1.8860E+07  1.6602E+07  1.4062E+07  1.1461E+07  8.9787E+06  6.7330E+06  4.7994E+06  3.2250E+06  2.0221E+06  1.1568E+06  6.7264E+05  6.9798E+05  3.1177E+05  2.2047E+05
  1.6541E+07  1.5698E+07  1.4260E+07  1.2359E+07  1.0179E+07  7.9442E+06  5.8688E+06  4.1031E+06  2.7120E+06  1.7015E+06  1.0134E+06  5.5943E+05  3.6930E+05  5.8691E+05  4.7399E+05  2.4336E+05
  1.2668E+07  1.2366E+07  1.1808E+07  1.0972E+07  9.8463E+06  8.4529E+06  6.8771E+06  5.2603E+06  3.7558E+06  2.4823E+06  1.5084E+06  8.4283E+05  4.2093E+05  4.2651E+05  3.7724E+05  2.7329E+05
