# CREATED BY GENE DIAGNOSTICS TOOL on Sat May 17 18:20:54 2025 /home/unix/ottink/gene/diagnostics
# diag: vsp1, run(s): vip010vem005, time window: 265.9-265.9159(1 steps), species: i
# original data path: /Differ/Data/IMT/lottink/RFP_nTEM/vres_scan/v2/
# normalization: L_ref=1.5m
#
# vpar
 -3.0000E+00
 -2.9048E+00
 -2.8095E+00
 -2.7143E+00
 -2.6190E+00
 -2.5238E+00
 -2.4286E+00
 -2.3333E+00
 -2.2381E+00
 -2.1429E+00
 -2.0476E+00
 -1.9524E+00
 -1.8571E+00
 -1.7619E+00
 -1.6667E+00
 -1.5714E+00
 -1.4762E+00
 -1.3810E+00
 -1.2857E+00
 -1.1905E+00
 -1.0952E+00
 -1.0000E+00
 -9.0476E-01
 -8.0952E-01
 -7.1429E-01
 -6.1905E-01
 -5.2381E-01
 -4.2857E-01
 -3.3333E-01
 -2.3810E-01
 -1.4286E-01
 -4.7619E-02
  4.7619E-02
  1.4286E-01
  2.3810E-01
  3.3333E-01
  4.2857E-01
  5.2381E-01
  6.1905E-01
  7.1429E-01
  8.0952E-01
  9.0476E-01
  1.0000E+00
  1.0952E+00
  1.1905E+00
  1.2857E+00
  1.3810E+00
  1.4762E+00
  1.5714E+00
  1.6667E+00
  1.7619E+00
  1.8571E+00
  1.9524E+00
  2.0476E+00
  2.1429E+00
  2.2381E+00
  2.3333E+00
  2.4286E+00
  2.5238E+00
  2.6190E+00
  2.7143E+00
  2.8095E+00
  2.9048E+00
  3.0000E+00


# mu
  1.8108E-02
  9.5589E-02
  2.3573E-01
  4.3989E-01
  7.1007E-01
  1.0491E+00
  1.4607E+00
  1.9499E+00
  2.5234E+00
  3.1901E+00
  3.9625E+00
  4.8582E+00
  5.9041E+00
  7.1447E+00
  8.6646E+00
  1.0681E+01


# trapped boundary
#  mu         vpar      
  1.8108E-02 -7.6321E-02
  1.8108E-02  8.8062E-02
  9.5589E-02 -1.8200E-01
  9.5589E-02  1.9374E-01
  2.3573E-01 -2.8767E-01
  2.3573E-01  2.9941E-01
  4.3989E-01 -4.0509E-01
  4.3989E-01  4.1683E-01
  7.1007E-01 -5.1076E-01
  7.1007E-01  5.2250E-01
  1.0491E+00 -6.1644E-01
  1.0491E+00  6.2818E-01
  1.4607E+00 -7.3386E-01
  1.4607E+00  7.4560E-01
  1.9499E+00 -8.5127E-01
  1.9499E+00  8.6301E-01
  2.5234E+00 -9.6869E-01
  2.5234E+00  9.8043E-01
  3.1901E+00 -1.0861E+00
  3.1901E+00  1.0978E+00
  3.9625E+00 -1.2153E+00
  3.9625E+00  1.2270E+00
  4.8582E+00 -1.3444E+00
  4.8582E+00  1.3562E+00
  5.9041E+00 -1.4736E+00
  5.9041E+00  1.4853E+00
  7.1447E+00 -1.6262E+00
  7.1447E+00  1.6380E+00
  8.6646E+00 -1.7906E+00
  8.6646E+00  1.8023E+00
  1.0681E+01 -1.9902E+00
  1.0681E+01  2.0020E+00


# , time = 265.9159, var = <|f|^2>^(1/2) , z = 0
  6.4171E-03  6.1482E-03  5.6282E-03  4.9467E-03  4.1868E-03  3.4084E-03  2.6681E-03  1.9986E-03  1.4331E-03  9.6638E-04  6.0962E-04  3.5379E-04  1.8502E-04  8.4424E-05  3.1765E-05  1.3790E-05
  1.1338E-02  1.0862E-02  9.9312E-03  8.6978E-03  7.3100E-03  5.8841E-03  4.5366E-03  3.3466E-03  2.3648E-03  1.5788E-03  9.9257E-04  5.7789E-04  3.0474E-04  1.4159E-04  5.4073E-05  2.0191E-05
  1.9602E-02  1.8790E-02  1.7206E-02  1.5112E-02  1.2755E-02  1.0326E-02  8.0104E-03  5.9388E-03  4.2089E-03  2.8085E-03  1.7604E-03  1.0210E-03  5.3643E-04  2.4720E-04  9.3604E-05  4.4028E-05
  3.3315E-02  3.1945E-02  2.9273E-02  2.5734E-02  2.1744E-02  1.7624E-02  1.3694E-02  1.0171E-02  7.2212E-03  4.8254E-03  3.0264E-03  1.7561E-03  9.2434E-04  4.2811E-04  1.6314E-04  8.8272E-05
  5.5631E-02  5.3359E-02  4.8937E-02  4.3065E-02  3.6430E-02  2.9565E-02  2.3004E-02  1.7110E-02  1.2165E-02  8.1416E-03  5.1114E-03  2.9657E-03  1.5598E-03  7.2137E-04  2.7467E-04  1.5131E-04
  9.1269E-02  8.7567E-02  8.0375E-02  7.0807E-02  5.9969E-02  4.8728E-02  3.7964E-02  2.8267E-02  2.0119E-02  1.3480E-02  8.4732E-03  4.9213E-03  2.5894E-03  1.1981E-03  4.5888E-04  1.8015E-04
  1.4712E-01  1.4119E-01  1.2970E-01  1.1438E-01  9.6987E-02  7.8904E-02  6.1556E-02  4.5884E-02  3.2690E-02  2.1924E-02  1.3793E-02  8.0190E-03  4.2209E-03  1.9537E-03  7.4504E-04  2.1406E-04
  2.3300E-01  2.2367E-01  2.0563E-01  1.8154E-01  1.5411E-01  1.2553E-01  9.8062E-02  7.3175E-02  5.2184E-02  3.5030E-02  2.2054E-02  1.2827E-02  6.7594E-03  3.1336E-03  1.1918E-03  3.2808E-04
  3.6257E-01  3.4815E-01  3.2032E-01  2.8309E-01  2.4060E-01  1.9623E-01  1.5349E-01  1.1466E-01  8.1844E-02  5.4988E-02  3.4647E-02  2.0175E-02  1.0625E-02  4.9324E-03  1.8838E-03  5.2944E-04
  5.5437E-01  5.3244E-01  4.9027E-01  4.3374E-01  3.6907E-01  3.0137E-01  2.3603E-01  1.7651E-01  1.2611E-01  8.4810E-02  5.3470E-02  3.1123E-02  1.6447E-02  7.6042E-03  2.9358E-03  7.9429E-04
  8.3289E-01  8.0013E-01  7.3732E-01  6.5298E-01  5.5627E-01  4.5478E-01  3.5664E-01  2.6699E-01  1.9094E-01  1.2851E-01  8.1069E-02  4.7277E-02  2.4958E-02  1.1595E-02  4.4486E-03  1.1846E-03
  1.2296E+00  1.1815E+00  1.0896E+00  9.6594E-01  8.2381E-01  6.7432E-01  5.2948E-01  3.9681E-01  2.8402E-01  1.9134E-01  1.2081E-01  7.0454E-02  3.7160E-02  1.7573E-02  6.5937E-03  2.1284E-03
  1.7839E+00  1.7144E+00  1.5822E+00  1.4041E+00  1.1988E+00  9.8247E-01  7.7243E-01  5.7950E-01  4.1523E-01  2.7992E-01  1.7682E-01  1.0331E-01  5.4755E-02  2.5907E-02  9.5076E-03  4.0588E-03
  2.5434E+00  2.4448E+00  2.2578E+00  2.0057E+00  1.7144E+00  1.4066E+00  1.1073E+00  8.3160E-01  5.9624E-01  4.0238E-01  2.5473E-01  1.4862E-01  8.0314E-02  3.6965E-02  1.2597E-02  6.8416E-03
  3.5639E+00  3.4263E+00  3.1665E+00  2.8156E+00  2.4093E+00  1.9791E+00  1.5599E+00  1.1728E+00  8.4207E-01  5.6898E-01  3.5982E-01  2.1190E-01  1.1488E-01  4.8304E-02  1.5985E-02  1.0301E-02
  4.9084E+00  4.7196E+00  4.3646E+00  3.8846E+00  3.3277E+00  2.7367E+00  2.1597E+00  1.6255E+00  1.1679E+00  7.8968E-01  5.0043E-01  3.0101E-01  1.5378E-01  5.4330E-02  2.0504E-02  1.5030E-02
  6.6452E+00  6.3903E+00  5.9134E+00  5.2681E+00  4.5176E+00  3.7197E+00  2.9391E+00  2.2148E+00  1.5937E+00  1.0780E+00  6.9264E-01  4.0957E-01  1.7423E-01  7.2112E-02  2.6018E-02  2.1597E-02
  8.8447E+00  8.5062E+00  7.8762E+00  7.0230E+00  6.0289E+00  4.9699E+00  3.9321E+00  2.9667E+00  2.1355E+00  1.4531E+00  9.4251E-01  4.8511E-01  2.0990E-01  1.0389E-01  3.3902E-02  2.9864E-02
  1.1575E+01  1.1133E+01  1.0314E+01  9.2053E+00  7.9105E+00  6.5289E+00  5.1725E+00  3.9063E+00  2.8185E+00  1.9442E+00  1.1645E+00  5.1334E-01  3.7246E-01  1.2539E-01  4.2363E-02  3.9287E-02
  1.4897E+01  1.4329E+01  1.3283E+01  1.1865E+01  1.0207E+01  8.4349E+00  6.6901E+00  5.0605E+00  3.6928E+00  2.4567E+00  1.1882E+00  9.0657E-01  5.2890E-01  1.5812E-01  4.7769E-02  4.8200E-02
  1.8860E+01  1.8140E+01  1.6826E+01  1.5044E+01  1.2956E+01  1.0718E+01  8.5150E+00  6.4864E+00  4.6665E+00  2.5678E+00  1.7638E+00  1.4938E+00  6.6693E-01  2.2473E-01  4.8854E-02  5.3257E-02
  2.3492E+01  2.2597E+01  2.0972E+01  1.8768E+01  1.6181E+01  1.3407E+01  1.0707E+01  8.1431E+00  5.1169E+00  3.0699E+00  3.2373E+00  1.9426E+00  9.4235E-01  3.4157E-01  6.3735E-02  4.9845E-02
  2.8805E+01  2.7706E+01  2.5732E+01  2.3051E+01  1.9902E+01  1.6553E+01  1.3257E+01  9.2220E+00  5.2041E+00  5.8315E+00  4.4456E+00  2.6405E+00  1.3860E+00  5.5719E-01  1.3355E-01  3.2729E-02
  3.4784E+01  3.3459E+01  3.1100E+01  2.7898E+01  2.4158E+01  2.0168E+01  1.5274E+01  8.8346E+00  8.9355E+00  8.4399E+00  5.8658E+00  3.8133E+00  2.0410E+00  9.0568E-01  2.7412E-01  1.8083E-02
  4.1405E+01  3.9834E+01  3.7066E+01  3.3329E+01  2.8963E+01  2.3332E+01  1.4752E+01  1.2505E+01  1.3771E+01  1.0946E+01  8.3239E+00  5.3391E+00  3.0230E+00  1.4102E+00  4.9287E-01  7.7674E-02
  4.8645E+01  4.6815E+01  4.3638E+01  3.9349E+01  3.3425E+01  2.3137E+01  1.6772E+01  1.9866E+01  1.7814E+01  1.5274E+01  1.1325E+01  7.4522E+00  4.3108E+00  2.0997E+00  7.9543E-01  1.7176E-01
  5.6507E+01  5.4408E+01  5.0804E+01  4.5166E+01  3.4060E+01  2.2665E+01  2.5798E+01  2.5579E+01  2.4310E+01  2.0377E+01  1.5086E+01  1.0105E+01  5.9158E+00  2.9579E+00  1.1758E+00  2.9354E-01
  6.5089E+01  6.2679E+01  5.7982E+01  4.7179E+01  3.1447E+01  3.1150E+01  3.3120E+01  3.4247E+01  3.1898E+01  2.6105E+01  1.9666E+01  1.3118E+01  7.7756E+00  3.9444E+00  1.6123E+00  4.3528E-01
  7.4889E+01  7.1676E+01  6.2289E+01  4.4061E+01  3.6778E+01  3.9318E+01  4.3520E+01  4.4294E+01  3.9485E+01  3.2849E+01  2.4372E+01  1.6377E+01  9.7189E+00  4.9767E+00  2.0680E+00  5.8397E-01
  8.7358E+01  8.0835E+01  6.2184E+01  4.5272E+01  4.3966E+01  5.0500E+01  5.5237E+01  5.3223E+01  4.8099E+01  3.9057E+01  2.9075E+01  1.9422E+01  1.1571E+01  5.9413E+00  2.4918E+00  7.2258E-01
  1.0098E+02  8.7032E+01  6.0743E+01  4.8129E+01  5.4161E+01  6.2567E+01  6.4763E+01  6.2858E+01  5.5005E+01  4.4670E+01  3.2859E+01  2.1983E+01  1.3046E+01  6.7181E+00  2.8286E+00  8.3241E-01
  8.1057E+01  6.5204E+01  5.0542E+01  5.5132E+01  6.5884E+01  7.2316E+01  7.4161E+01  6.8955E+01  6.0268E+01  4.8132E+01  3.5393E+01  2.3536E+01  1.3967E+01  7.1822E+00  3.0287E+00  8.9756E-01
  3.8041E+01  4.7263E+01  5.9094E+01  6.8663E+01  7.5773E+01  7.8741E+01  7.8236E+01  7.1540E+01  6.1871E+01  4.9105E+01  3.5965E+01  2.3855E+01  1.4134E+01  7.2618E+00  3.0602E+00  9.0769E-01
  1.9931E+01  3.2482E+01  5.2619E+01  6.4556E+01  7.2835E+01  7.7022E+01  7.4803E+01  6.9513E+01  5.9273E+01  4.7326E+01  3.4438E+01  2.2872E+01  1.3515E+01  6.9427E+00  2.9175E+00  8.6115E-01
  3.3777E+01  2.5063E+01  2.3886E+01  4.5404E+01  5.7908E+01  6.5031E+01  6.6839E+01  6.1530E+01  5.3706E+01  4.2653E+01  3.1265E+01  2.0678E+01  1.2241E+01  6.2660E+00  2.6213E+00  7.6485E-01
  4.5137E+01  4.1191E+01  3.0594E+01  2.2943E+01  4.0248E+01  4.9363E+01  5.3227E+01  5.2021E+01  4.5018E+01  3.6557E+01  2.6698E+01  1.7748E+01  1.0465E+01  5.3443E+00  2.2163E+00  6.3308E-01
  4.7506E+01  4.5132E+01  4.0185E+01  2.9176E+01  2.1588E+01  3.4891E+01  3.9553E+01  4.0079E+01  3.6442E+01  2.9286E+01  2.1739E+01  1.4378E+01  8.4761E+00  4.2971E+00  1.7564E+00  4.8389E-01
  4.6738E+01  4.4641E+01  4.1042E+01  3.5364E+01  2.4534E+01  1.9105E+01  2.8496E+01  2.9216E+01  2.7435E+01  2.2717E+01  1.6676E+01  1.1109E+01  6.4856E+00  3.2517E+00  1.2978E+00  3.3565E-01
  4.4345E+01  4.2422E+01  3.9119E+01  3.4747E+01  2.8774E+01  1.8788E+01  1.5930E+01  2.1368E+01  1.9539E+01  1.6699E+01  1.2362E+01  8.1370E+00  4.7075E+00  2.3110E+00  8.8484E-01  2.0350E-01
  4.0916E+01  3.9179E+01  3.6157E+01  3.2154E+01  2.7559E+01  2.1767E+01  1.3250E+01  1.2390E+01  1.4371E+01  1.1581E+01  8.8442E+00  5.7108E+00  3.2459E+00  1.5352E+00  5.4716E-01  9.7236E-02
  3.6844E+01  3.5305E+01  3.2600E+01  2.8996E+01  2.4852E+01  2.0514E+01  1.5306E+01  8.6533E+00  8.8486E+00  8.5162E+00  5.9813E+00  3.9278E+00  2.1164E+00  9.5332E-01  2.9617E-01  2.2408E-02
  3.2448E+01  3.1110E+01  2.8737E+01  2.5572E+01  2.1906E+01  1.8072E+01  1.4326E+01  9.9306E+00  5.3462E+00  5.6370E+00  4.3118E+00  2.5751E+00  1.3547E+00  5.4639E-01  1.3224E-01  3.1523E-02
  2.7983E+01  2.6841E+01  2.4800E+01  2.2077E+01  1.8920E+01  1.5587E+01  1.2352E+01  9.3496E+00  5.9012E+00  3.1406E+00  3.0263E+00  1.7842E+00  8.5328E-01  2.9882E-01  5.9767E-02  5.6071E-02
  2.3651E+01  2.2696E+01  2.0973E+01  1.8674E+01  1.6008E+01  1.3192E+01  1.0425E+01  7.9183E+00  5.6750E+00  3.1688E+00  1.7339E+00  1.3333E+00  5.6229E-01  1.7816E-01  6.6055E-02  6.4072E-02
  1.9603E+01  1.8818E+01  1.7392E+01  1.5487E+01  1.3279E+01  1.0946E+01  8.6486E+00  6.5426E+00  4.7536E+00  3.1618E+00  1.5525E+00  8.4979E-01  4.4447E-01  1.2823E-01  7.4495E-02  6.1234E-02
  1.5939E+01  1.5306E+01  1.4147E+01  1.2598E+01  1.0803E+01  8.9059E+00  7.0375E+00  5.3217E+00  3.8414E+00  2.6332E+00  1.5952E+00  6.8481E-01  3.4036E-01  1.1317E-01  6.9975E-02  5.2661E-02
  1.2717E+01  1.2217E+01  1.1292E+01  1.0056E+01  8.6238E+00  7.1095E+00  5.6172E+00  4.2485E+00  3.0627E+00  2.0850E+00  1.3391E+00  7.1564E-01  2.7325E-01  1.0790E-01  5.8889E-02  4.2094E-02
  9.9594E+00  9.5702E+00  8.8457E+00  7.8781E+00  6.7562E+00  5.5699E+00  4.3998E+00  3.3275E+00  2.4000E+00  1.6289E+00  1.0410E+00  6.1389E-01  2.7954E-01  9.9227E-02  4.6685E-02  3.1852E-02
  7.6566E+00  7.3593E+00  6.8022E+00  6.0582E+00  5.1955E+00  4.2833E+00  3.3827E+00  2.5577E+00  1.8439E+00  1.2524E+00  7.9627E-01  4.7171E-01  2.4709E-01  9.5545E-02  3.7200E-02  2.2979E-02
  5.7791E+00  5.5561E+00  5.1354E+00  4.5736E+00  3.9224E+00  3.2336E+00  2.5532E+00  1.9303E+00  1.3912E+00  9.4494E-01  6.0118E-01  3.5314E-01  1.8946E-01  8.5274E-02  3.0296E-02  1.6008E-02
  4.2831E+00  4.1187E+00  3.8067E+00  3.3902E+00  2.9074E+00  2.3968E+00  1.8920E+00  1.4301E+00  1.0303E+00  6.9909E-01  4.4525E-01  2.6158E-01  1.3902E-01  6.5865E-02  2.4443E-02  1.0777E-02
  3.1172E+00  2.9981E+00  2.7708E+00  2.4675E+00  2.1161E+00  1.7443E+00  1.3766E+00  1.0404E+00  7.4932E-01  5.0845E-01  3.2326E-01  1.9032E-01  1.0088E-01  4.7506E-02  1.8596E-02  6.8148E-03
  2.2280E+00  2.1432E+00  1.9805E+00  1.7636E+00  1.5123E+00  1.2466E+00  9.8349E-01  7.4318E-01  5.3508E-01  3.6278E-01  2.3079E-01  1.3573E-01  7.2185E-02  3.3777E-02  1.3263E-02  4.1216E-03
  1.5640E+00  1.5046E+00  1.3903E+00  1.2379E+00  1.0614E+00  8.7482E-01  6.8999E-01  5.2131E-01  3.7523E-01  2.5436E-01  1.6156E-01  9.5033E-02  5.0613E-02  2.3756E-02  9.2095E-03  2.6272E-03
  1.0782E+00  1.0374E+00  9.5850E-01  8.5334E-01  7.3162E-01  6.0291E-01  4.7538E-01  3.5910E-01  2.5839E-01  1.7506E-01  1.1123E-01  6.5303E-02  3.4755E-02  1.6397E-02  6.3235E-03  1.8044E-03
  7.3015E-01  7.0257E-01  6.4902E-01  5.7773E-01  4.9526E-01  4.0808E-01  3.2165E-01  2.4292E-01  1.7474E-01  1.1834E-01  7.5112E-02  4.4125E-02  2.3437E-02  1.1060E-02  4.2879E-03  1.2283E-03
  4.8566E-01  4.6733E-01  4.3165E-01  3.8417E-01  3.2928E-01  2.7127E-01  2.1374E-01  1.6139E-01  1.1605E-01  7.8554E-02  4.9851E-02  2.9242E-02  1.5536E-02  7.3132E-03  2.8585E-03  7.9450E-04
  3.1731E-01  3.0534E-01  2.8197E-01  2.5091E-01  2.1502E-01  1.7711E-01  1.3949E-01  1.0530E-01  7.5690E-02  5.1212E-02  3.2477E-02  1.9053E-02  1.0102E-02  4.7558E-03  1.8598E-03  4.9593E-04
  2.0365E-01  1.9596E-01  1.8093E-01  1.6096E-01  1.3791E-01  1.1357E-01  8.9413E-02  6.7478E-02  4.8485E-02  3.2790E-02  2.0787E-02  1.2185E-02  6.4646E-03  3.0331E-03  1.1851E-03  3.1179E-04
  1.2839E-01  1.2354E-01  1.1404E-01  1.0143E-01  8.6883E-02  7.1528E-02  5.6291E-02  4.2470E-02  3.0505E-02  2.0623E-02  1.3068E-02  7.6575E-03  4.0524E-03  1.9022E-03  7.3922E-04  2.0615E-04
  7.9515E-02  7.6509E-02  7.0607E-02  6.2780E-02  5.3762E-02  4.4246E-02  3.4803E-02  2.6250E-02  1.8852E-02  1.2745E-02  8.0777E-03  4.7312E-03  2.5039E-03  1.1736E-03  4.5691E-04  1.3893E-04
  4.8377E-02  4.6544E-02  4.2944E-02  3.8175E-02  3.2687E-02  2.6904E-02  2.1166E-02  1.5976E-02  1.1483E-02  7.7643E-03  4.9132E-03  2.8674E-03  1.5099E-03  7.0466E-04  2.7292E-04  8.4813E-05
  2.8924E-02  2.7814E-02  2.5632E-02  2.2746E-02  1.9435E-02  1.5962E-02  1.2530E-02  9.4456E-03  6.7785E-03  4.5725E-03  2.8864E-03  1.6846E-03  8.9143E-04  4.1963E-04  1.6401E-04  4.9846E-05
  1.6950E-02  1.6376E-02  1.5228E-02  1.3688E-02  1.1881E-02  9.9223E-03  7.9050E-03  6.0154E-03  4.3417E-03  2.9308E-03  1.8490E-03  1.0774E-03  5.6620E-04  2.6203E-04  1.0060E-04  3.1085E-05
