# CREATED BY GENE DIAGNOSTICS TOOL on Sat May 17 18:20:54 2025 /home/unix/ottink/gene/diagnostics
# diag: vsp1, run(s): vip010vem005, time window: 265.9-265.9159(1 steps), species: e
# original data path: /Differ/Data/IMT/lottink/RFP_nTEM/vres_scan/v2/
# normalization: L_ref=1.5m
#
# vpar
 -3.0000E+00
 -2.9048E+00
 -2.8095E+00
 -2.7143E+00
 -2.6190E+00
 -2.5238E+00
 -2.4286E+00
 -2.3333E+00
 -2.2381E+00
 -2.1429E+00
 -2.0476E+00
 -1.9524E+00
 -1.8571E+00
 -1.7619E+00
 -1.6667E+00
 -1.5714E+00
 -1.4762E+00
 -1.3810E+00
 -1.2857E+00
 -1.1905E+00
 -1.0952E+00
 -1.0000E+00
 -9.0476E-01
 -8.0952E-01
 -7.1429E-01
 -6.1905E-01
 -5.2381E-01
 -4.2857E-01
 -3.3333E-01
 -2.3810E-01
 -1.4286E-01
 -4.7619E-02
  4.7619E-02
  1.4286E-01
  2.3810E-01
  3.3333E-01
  4.2857E-01
  5.2381E-01
  6.1905E-01
  7.1429E-01
  8.0952E-01
  9.0476E-01
  1.0000E+00
  1.0952E+00
  1.1905E+00
  1.2857E+00
  1.3810E+00
  1.4762E+00
  1.5714E+00
  1.6667E+00
  1.7619E+00
  1.8571E+00
  1.9524E+00
  2.0476E+00
  2.1429E+00
  2.2381E+00
  2.3333E+00
  2.4286E+00
  2.5238E+00
  2.6190E+00
  2.7143E+00
  2.8095E+00
  2.9048E+00
  3.0000E+00


# mu
  1.8108E-02
  9.5589E-02
  2.3573E-01
  4.3989E-01
  7.1007E-01
  1.0491E+00
  1.4607E+00
  1.9499E+00
  2.5234E+00
  3.1901E+00
  3.9625E+00
  4.8582E+00
  5.9041E+00
  7.1447E+00
  8.6646E+00
  1.0681E+01


# trapped boundary
#  mu         vpar      
  1.8108E-02 -7.6321E-02
  1.8108E-02  8.8062E-02
  9.5589E-02 -1.8200E-01
  9.5589E-02  1.9374E-01
  2.3573E-01 -2.8767E-01
  2.3573E-01  2.9941E-01
  4.3989E-01 -4.0509E-01
  4.3989E-01  4.1683E-01
  7.1007E-01 -5.1076E-01
  7.1007E-01  5.2250E-01
  1.0491E+00 -6.1644E-01
  1.0491E+00  6.2818E-01
  1.4607E+00 -7.3386E-01
  1.4607E+00  7.4560E-01
  1.9499E+00 -8.5127E-01
  1.9499E+00  8.6301E-01
  2.5234E+00 -9.6869E-01
  2.5234E+00  9.8043E-01
  3.1901E+00 -1.0861E+00
  3.1901E+00  1.0978E+00
  3.9625E+00 -1.2153E+00
  3.9625E+00  1.2270E+00
  4.8582E+00 -1.3444E+00
  4.8582E+00  1.3562E+00
  5.9041E+00 -1.4736E+00
  5.9041E+00  1.4853E+00
  7.1447E+00 -1.6262E+00
  7.1447E+00  1.6380E+00
  8.6646E+00 -1.7906E+00
  8.6646E+00  1.8023E+00
  1.0681E+01 -1.9902E+00
  1.0681E+01  2.0020E+00


# , time = 265.9159, var = <|f|^2>^(1/2) , z = 0
  4.5735E-03  4.4238E-03  4.1646E-03  3.8118E-03  3.3873E-03  2.9168E-03  2.4276E-03  1.9469E-03  1.4985E-03  1.1016E-03  7.6865E-04  5.0495E-04  3.0875E-04  1.7532E-04  8.8357E-05  3.1827E-05
  7.9350E-03  7.6363E-03  7.1236E-03  6.4361E-03  5.6254E-03  4.7489E-03  3.8644E-03  3.0238E-03  2.2681E-03  1.6244E-03  1.1047E-03  7.0777E-04  4.2327E-04  2.2867E-04  1.1764E-04  6.7578E-05
  1.3537E-02  1.3033E-02  1.2169E-02  1.1012E-02  9.6488E-03  8.1762E-03  6.6886E-03  5.2701E-03  3.9870E-03  2.8842E-03  1.9836E-03  1.2872E-03  7.7661E-04  4.4114E-04  2.1435E-04  9.4852E-05
  2.2676E-02  2.1832E-02  2.0383E-02  1.8443E-02  1.6156E-02  1.3684E-02  1.1184E-02  8.8001E-03  6.6438E-03  4.7919E-03  3.2829E-03  2.1183E-03  1.2812E-03  6.9037E-04  3.6302E-04  1.7510E-04
  3.7301E-02  3.5911E-02  3.3528E-02  3.0337E-02  2.6575E-02  2.2509E-02  1.8400E-02  1.4481E-02  1.0938E-02  7.8952E-03  5.4147E-03  3.5046E-03  2.0955E-03  1.1997E-03  5.7355E-04  3.0890E-04
  6.0251E-02  5.8007E-02  5.4156E-02  4.9000E-02  4.2924E-02  3.6355E-02  2.9717E-02  2.3386E-02  1.7661E-02  1.2745E-02  8.7386E-03  5.6352E-03  3.4366E-03  1.8364E-03  9.5947E-04  4.0332E-04
  9.5568E-02  9.2006E-02  8.5898E-02  7.7719E-02  6.8081E-02  5.7660E-02  4.7130E-02  3.7087E-02  2.8007E-02  2.0211E-02  1.3852E-02  8.9814E-03  5.3232E-03  3.0393E-03  1.5405E-03  5.5648E-04
  1.4885E-01  1.4330E-01  1.3379E-01  1.2105E-01  1.0603E-01  8.9799E-02  7.3395E-02  5.7753E-02  4.3610E-02  3.1466E-02  2.1581E-02  1.3871E-02  8.5204E-03  4.5945E-03  2.3392E-03  9.3834E-04
  2.2765E-01  2.1917E-01  2.0461E-01  1.8512E-01  1.6215E-01  1.3732E-01  1.1223E-01  8.8308E-02  6.6677E-02  4.8109E-02  3.2939E-02  2.1446E-02  1.2644E-02  7.2042E-03  3.3182E-03  1.6615E-03
  3.4189E-01  3.2914E-01  3.0728E-01  2.7800E-01  2.4350E-01  2.0621E-01  1.6852E-01  1.3259E-01  1.0010E-01  7.2203E-02  4.9571E-02  3.1718E-02  1.9496E-02  1.0708E-02  5.4871E-03  2.7684E-03
  5.0417E-01  4.8536E-01  4.5312E-01  4.0993E-01  3.5905E-01  3.0404E-01  2.4846E-01  1.9546E-01  1.4755E-01  1.0646E-01  7.2744E-02  4.7506E-02  2.8385E-02  1.5208E-02  1.0215E-02  4.5728E-03
  7.3003E-01  7.0279E-01  6.5609E-01  5.9354E-01  5.1984E-01  4.4017E-01  3.5968E-01  2.8293E-01  2.1357E-01  1.5394E-01  1.0586E-01  6.7822E-02  4.0931E-02  2.3793E-02  1.6630E-02  7.2820E-03
  1.0379E+00  9.9921E-01  9.3278E-01  8.4382E-01  7.3901E-01  6.2571E-01  5.1124E-01  4.0210E-01  3.0345E-01  2.1898E-01  1.4941E-01  9.7383E-02  5.7497E-02  4.0569E-02  2.5118E-02  1.1237E-02
  1.4490E+00  1.3949E+00  1.3021E+00  1.1779E+00  1.0315E+00  8.7330E-01  7.1346E-01  5.6109E-01  4.2343E-01  3.0490E-01  2.0999E-01  1.3451E-01  8.6709E-02  6.3557E-02  3.6801E-02  2.0600E-02
  1.9861E+00  1.9119E+00  1.7847E+00  1.6143E+00  1.4136E+00  1.1967E+00  9.7755E-01  7.6864E-01  5.7976E-01  4.1864E-01  2.8617E-01  1.8463E-01  1.3795E-01  9.2753E-02  5.3279E-02  3.8827E-02
  2.6728E+00  2.5729E+00  2.4016E+00  2.1722E+00  1.9020E+00  1.6100E+00  1.3149E+00  1.0338E+00  7.8000E-01  5.6175E-01  3.8292E-01  2.6989E-01  2.0612E-01  1.3011E-01  9.7188E-02  6.2456E-02
  3.5314E+00  3.3994E+00  3.1729E+00  2.8696E+00  2.5124E+00  2.1263E+00  1.7364E+00  1.3647E+00  1.0290E+00  7.4138E-01  5.1543E-01  4.0771E-01  2.8833E-01  2.0317E-01  1.9016E-01  9.2965E-02
  4.5806E+00  4.4092E+00  4.1152E+00  3.7216E+00  3.2578E+00  2.7568E+00  2.2506E+00  1.7687E+00  1.3342E+00  9.6023E-01  7.3767E-01  5.7641E-01  4.0946E-01  4.0921E-01  3.1839E-01  1.3666E-01
  5.8326E+00  5.6141E+00  5.2394E+00  4.7377E+00  4.1467E+00  3.5082E+00  2.8635E+00  2.2495E+00  1.6935E+00  1.2736E+00  1.0409E+00  7.6959E-01  7.5962E-01  7.5594E-01  4.8484E-01  1.9525E-01
  7.2899E+00  7.0165E+00  6.5476E+00  5.9198E+00  5.1803E+00  4.3814E+00  3.5747E+00  2.8069E+00  2.1370E+00  1.7327E+00  1.3485E+00  1.2647E+00  1.4695E+00  1.1858E+00  7.1264E-01  2.7295E-01
  8.9424E+00  8.6064E+00  8.0303E+00  7.2590E+00  6.3505E+00  5.3692E+00  4.3796E+00  3.4424E+00  2.7455E+00  2.2224E+00  1.9569E+00  2.4423E+00  2.3633E+00  1.7303E+00  1.0029E+00  3.7752E-01
  1.0764E+01  1.0359E+01  9.6639E+00  8.7335E+00  7.6377E+00  6.4548E+00  5.2628E+00  4.2167E+00  3.4663E+00  2.9129E+00  3.5947E+00  3.9927E+00  3.3847E+00  2.4222E+00  1.3545E+00  5.1193E-01
  1.2711E+01  1.2231E+01  1.1408E+01  1.0306E+01  9.0086E+00  7.6091E+00  6.2346E+00  5.1378E+00  4.2290E+00  4.8220E+00  5.9010E+00  5.6122E+00  4.6488E+00  3.2158E+00  1.7784E+00  6.7784E-01
  1.4721E+01  1.4163E+01  1.3205E+01  1.1924E+01  1.0416E+01  8.8020E+00  7.3204E+00  6.0372E+00  6.1125E+00  7.8107E+00  8.1344E+00  7.5121E+00  6.0669E+00  4.1140E+00  2.2651E+00  8.7468E-01
  1.6709E+01  1.6072E+01  1.4978E+01  1.3515E+01  1.1797E+01  1.0007E+01  8.3217E+00  7.6145E+00  9.4474E+00  1.0536E+01  1.0585E+01  9.6302E+00  7.5496E+00  5.1134E+00  2.8007E+00  1.0973E+00
  1.8575E+01  1.7860E+01  1.6631E+01  1.4989E+01  1.3065E+01  1.1045E+01  9.5795E+00  1.0849E+01  1.2497E+01  1.3317E+01  1.3322E+01  1.1674E+01  9.1469E+00  6.1488E+00  3.3683E+00  1.3384E+00
  2.0184E+01  1.9398E+01  1.8038E+01  1.6194E+01  1.3987E+01  1.1892E+01  1.2051E+01  1.3741E+01  1.5231E+01  1.6431E+01  1.5753E+01  1.3781E+01  1.0721E+01  7.1898E+00  3.9385E+00  1.5862E+00
  2.1352E+01  2.0501E+01  1.8975E+01  1.6803E+01  1.4370E+01  1.3333E+01  1.4263E+01  1.5987E+01  1.8284E+01  1.8946E+01  1.8113E+01  1.5769E+01  1.2196E+01  8.1721E+00  4.4858E+00  1.8269E+00
  2.1784E+01  2.0817E+01  1.8913E+01  1.6432E+01  1.4615E+01  1.4387E+01  1.5698E+01  1.8515E+01  2.0507E+01  2.1176E+01  2.0234E+01  1.7458E+01  1.3505E+01  9.0443E+00  4.9743E+00  2.0453E+00
  2.0078E+01  1.9129E+01  1.7242E+01  1.5610E+01  1.4649E+01  1.4859E+01  1.7279E+01  2.0089E+01  2.2196E+01  2.3062E+01  2.1804E+01  1.8870E+01  1.4540E+01  9.7619E+00  5.3726E+00  2.2252E+00
  1.2796E+01  1.4239E+01  1.5408E+01  1.5504E+01  1.4854E+01  1.5698E+01  1.8035E+01  2.1055E+01  2.3618E+01  2.4163E+01  2.3068E+01  1.9781E+01  1.5302E+01  1.0254E+01  5.6569E+00  2.3537E+00
  1.8983E+01  1.7300E+01  1.8705E+01  1.7853E+01  1.6470E+01  1.6463E+01  1.8757E+01  2.2040E+01  2.3988E+01  2.5033E+01  2.3521E+01  2.0304E+01  1.5660E+01  1.0515E+01  5.7998E+00  2.4197E+00
  3.5518E+01  3.4822E+01  2.8510E+01  2.3020E+01  1.9141E+01  1.7606E+01  1.9097E+01  2.2062E+01  2.3885E+01  2.4973E+01  2.3475E+01  2.0276E+01  1.5645E+01  1.0507E+01  5.7961E+00  2.4184E+00
  4.1226E+01  3.7409E+01  3.1635E+01  2.5525E+01  2.0837E+01  1.8752E+01  1.9315E+01  2.1472E+01  2.3724E+01  2.4136E+01  2.2993E+01  1.9722E+01  1.5264E+01  1.0232E+01  5.6466E+00  2.3501E+00
  3.2214E+01  3.1140E+01  2.9131E+01  2.5176E+01  2.1002E+01  1.8464E+01  1.8852E+01  2.0637E+01  2.2324E+01  2.3062E+01  2.1760E+01  1.8809E+01  1.4493E+01  9.7324E+00  5.3576E+00  2.2199E+00
  2.7801E+01  2.6947E+01  2.5619E+01  2.3273E+01  1.9951E+01  1.7657E+01  1.7249E+01  1.9067E+01  2.0642E+01  2.1123E+01  2.0152E+01  1.7392E+01  1.3452E+01  9.0103E+00  4.9566E+00  2.0389E+00
  2.4788E+01  2.3965E+01  2.2594E+01  2.0745E+01  1.8179E+01  1.5955E+01  1.5618E+01  1.6511E+01  1.8395E+01  1.8906E+01  1.8025E+01  1.5684E+01  1.2137E+01  8.1353E+00  4.4669E+00  1.8200E+00
  2.2002E+01  2.1240E+01  1.9935E+01  1.8217E+01  1.6184E+01  1.3888E+01  1.3168E+01  1.4178E+01  1.5302E+01  1.6383E+01  1.5687E+01  1.3710E+01  1.0663E+01  7.1538E+00  3.9202E+00  1.5795E+00
  1.9291E+01  1.8605E+01  1.7430E+01  1.5863E+01  1.4055E+01  1.2131E+01  1.0440E+01  1.1162E+01  1.2571E+01  1.3289E+01  1.3252E+01  1.1616E+01  9.1006E+00  6.1176E+00  3.3522E+00  1.3325E+00
  1.6665E+01  1.6065E+01  1.5035E+01  1.3658E+01  1.2044E+01  1.0371E+01  8.7671E+00  7.9144E+00  9.5092E+00  1.0509E+01  1.0530E+01  9.5729E+00  7.5118E+00  5.0892E+00  2.7880E+00  1.0926E+00
  1.4168E+01  1.3655E+01  1.2773E+01  1.1592E+01  1.0200E+01  8.7092E+00  7.3423E+00  6.1211E+00  6.0995E+00  7.7489E+00  8.0844E+00  7.4718E+00  6.0348E+00  4.0964E+00  2.2562E+00  8.7132E-01
  1.1847E+01  1.1416E+01  1.0676E+01  9.6831E+00  8.5124E+00  7.2465E+00  5.9993E+00  5.0243E+00  4.1922E+00  4.7838E+00  5.8579E+00  5.5840E+00  4.6307E+00  3.2041E+00  1.7729E+00  6.7579E-01
  9.7389E+00  9.3835E+00  8.7733E+00  7.9551E+00  6.9893E+00  5.9434E+00  4.8855E+00  3.9567E+00  3.3257E+00  2.8378E+00  3.5646E+00  3.9756E+00  3.3772E+00  2.4176E+00  1.3522E+00  5.1104E-01
  7.8688E+00  7.5810E+00  7.0870E+00  6.4246E+00  5.6426E+00  4.7956E+00  3.9374E+00  3.1207E+00  2.5367E+00  2.1292E+00  1.9229E+00  2.4367E+00  2.3619E+00  1.7313E+00  1.0031E+00  3.7753E-01
  6.2476E+00  6.0187E+00  5.6259E+00  5.0991E+00  4.4773E+00  3.8036E+00  3.1219E+00  2.4687E+00  1.8955E+00  1.5890E+00  1.2903E+00  1.2564E+00  1.4733E+00  1.1893E+00  7.1479E-01  2.7355E-01
  4.8737E+00  4.6949E+00  4.3881E+00  3.9767E+00  3.4911E+00  2.9650E+00  2.4318E+00  1.9230E+00  1.4589E+00  1.1134E+00  9.5355E-01  7.3726E-01  7.6169E-01  7.6071E-01  4.8781E-01  1.9615E-01
  3.7351E+00  3.5979E+00  3.3626E+00  3.0470E+00  2.6746E+00  2.2710E+00  1.8623E+00  1.4713E+00  1.1169E+00  8.1086E-01  6.4864E-01  5.3316E-01  3.9895E-01  4.1371E-01  3.2125E-01  1.3762E-01
  2.8120E+00  2.7086E+00  2.5313E+00  2.2935E+00  2.0129E+00  1.7090E+00  1.4010E+00  1.1066E+00  8.4015E-01  6.0863E-01  4.3139E-01  3.6845E-01  2.7151E-01  2.0310E-01  1.9272E-01  9.3740E-02
  2.0795E+00  2.0030E+00  1.8718E+00  1.6959E+00  1.4882E+00  1.2633E+00  1.0355E+00  8.1761E-01  6.1991E-01  4.5151E-01  3.0887E-01  2.2920E-01  1.9020E-01  1.2491E-01  9.8603E-02  6.2911E-02
  1.5105E+00  1.4549E+00  1.3596E+00  1.2317E+00  1.0808E+00  9.1739E-01  7.5185E-01  5.9357E-01  4.5002E-01  3.2568E-01  2.2601E-01  1.4620E-01  1.2110E-01  8.6686E-02  5.2439E-02  3.9103E-02
  1.0777E+00  1.0380E+00  9.6994E-01  8.7868E-01  7.7098E-01  6.5435E-01  5.3621E-01  4.2325E-01  3.2078E-01  2.3306E-01  1.5993E-01  1.0377E-01  6.9882E-02  5.7953E-02  3.5170E-02  2.0647E-02
  7.5518E-01  7.2738E-01  6.7965E-01  6.1568E-01  5.4018E-01  4.5843E-01  3.7562E-01  2.9646E-01  2.2467E-01  1.6256E-01  1.1308E-01  7.3185E-02  4.3531E-02  3.5187E-02  2.3630E-02  1.0906E-02
  5.1975E-01  5.0061E-01  4.6775E-01  4.2370E-01  3.7173E-01  3.1545E-01  2.5845E-01  2.0395E-01  1.5454E-01  1.1208E-01  7.6720E-02  5.0948E-02  3.0670E-02  1.8640E-02  1.5205E-02  6.9151E-03
  3.5133E-01  3.3838E-01  3.1616E-01  2.8638E-01  2.5124E-01  2.1319E-01  1.7465E-01  1.3781E-01  1.0441E-01  7.5598E-02  5.2388E-02  3.3481E-02  2.1024E-02  1.1169E-02  8.8702E-03  4.2788E-03
  2.3323E-01  2.2464E-01  2.0988E-01  1.9011E-01  1.6678E-01  1.4151E-01  1.1592E-01  9.1463E-02  6.9288E-02  5.0201E-02  3.4452E-02  2.2836E-02  1.3483E-02  7.8036E-03  4.2739E-03  2.4275E-03
  1.5207E-01  1.4646E-01  1.3684E-01  1.2394E-01  1.0873E-01  9.2249E-02  7.5565E-02  5.9617E-02  4.5159E-02  3.2702E-02  2.2572E-02  1.4475E-02  9.1274E-03  5.1041E-03  2.3554E-03  1.3737E-03
  9.7372E-02  9.3781E-02  8.7619E-02  7.9359E-02  6.9614E-02  5.9061E-02  4.8377E-02  3.8164E-02  2.8906E-02  2.0934E-02  1.4395E-02  9.4615E-03  5.5460E-03  3.2751E-03  1.7827E-03  7.3976E-04
  6.1233E-02  5.8974E-02  5.5098E-02  4.9903E-02  4.3774E-02  3.7137E-02  3.0417E-02  2.3994E-02  1.8173E-02  1.3159E-02  9.0650E-03  5.8501E-03  3.6741E-03  1.9383E-03  1.1216E-03  4.0545E-04
  3.7817E-02  3.6422E-02  3.4027E-02  3.0818E-02  2.7032E-02  2.2933E-02  1.8782E-02  1.4815E-02  1.1220E-02  8.1233E-03  5.5896E-03  3.6457E-03  2.1613E-03  1.2951E-03  6.3870E-04  3.6655E-04
  2.2937E-02  2.2090E-02  2.0638E-02  1.8691E-02  1.6394E-02  1.3908E-02  1.1390E-02  8.9846E-03  6.8043E-03  4.9269E-03  3.3924E-03  2.1988E-03  1.3594E-03  7.1950E-04  4.0707E-04  2.3650E-04
  1.3662E-02  1.3158E-02  1.2293E-02  1.1133E-02  9.7644E-03  8.2826E-03  6.7822E-03  5.3481E-03  4.0481E-03  2.9287E-03  2.0137E-03  1.3077E-03  7.8349E-04  4.6423E-04  2.1757E-04  1.3257E-04
  7.9919E-03  7.6969E-03  7.1909E-03  6.5129E-03  5.7135E-03  4.8485E-03  3.9733E-03  3.1370E-03  2.3789E-03  1.7256E-03  1.1908E-03  7.7530E-04  4.7543E-04  2.5743E-04  1.4831E-04  8.8825E-05
  4.5907E-03  4.4194E-03  4.1253E-03  3.7306E-03  3.2647E-03  2.7603E-03  2.2504E-03  1.7649E-03  1.3273E-03  9.5354E-04  6.5083E-04  4.1902E-04  2.5071E-04  1.4350E-04  6.8369E-05  2.5349E-05
  2.5930E-03  2.5089E-03  2.3631E-03  2.1646E-03  1.9253E-03  1.6598E-03  1.3833E-03  1.1111E-03  8.5689E-04  6.3139E-04  4.4183E-04  2.9132E-04  1.7968E-04  1.0036E-04  5.5972E-05  5.2148E-05
