# CREATED BY GENE DIAGNOSTICS TOOL on Sat May 17 19:40:41 2025 /home/unix/ottink/gene/diagnostics
# diag: vsp1, run(s): vim010vep040, time window: 310.8-310.86327(1 steps), species: i
# original data path: /Differ/Data/IMT/lottink/RFP_nTEM/vres_scan/v1/
# normalization: L_ref=1.5m
#
# vpar
 -3.0000E+00
 -2.9048E+00
 -2.8095E+00
 -2.7143E+00
 -2.6190E+00
 -2.5238E+00
 -2.4286E+00
 -2.3333E+00
 -2.2381E+00
 -2.1429E+00
 -2.0476E+00
 -1.9524E+00
 -1.8571E+00
 -1.7619E+00
 -1.6667E+00
 -1.5714E+00
 -1.4762E+00
 -1.3810E+00
 -1.2857E+00
 -1.1905E+00
 -1.0952E+00
 -1.0000E+00
 -9.0476E-01
 -8.0952E-01
 -7.1429E-01
 -6.1905E-01
 -5.2381E-01
 -4.2857E-01
 -3.3333E-01
 -2.3810E-01
 -1.4286E-01
 -4.7619E-02
  4.7619E-02
  1.4286E-01
  2.3810E-01
  3.3333E-01
  4.2857E-01
  5.2381E-01
  6.1905E-01
  7.1429E-01
  8.0952E-01
  9.0476E-01
  1.0000E+00
  1.0952E+00
  1.1905E+00
  1.2857E+00
  1.3810E+00
  1.4762E+00
  1.5714E+00
  1.6667E+00
  1.7619E+00
  1.8571E+00
  1.9524E+00
  2.0476E+00
  2.1429E+00
  2.2381E+00
  2.3333E+00
  2.4286E+00
  2.5238E+00
  2.6190E+00
  2.7143E+00
  2.8095E+00
  2.9048E+00
  3.0000E+00


# mu
  1.8108E-02
  9.5589E-02
  2.3573E-01
  4.3989E-01
  7.1007E-01
  1.0491E+00
  1.4607E+00
  1.9499E+00
  2.5234E+00
  3.1901E+00
  3.9625E+00
  4.8582E+00
  5.9041E+00
  7.1447E+00
  8.6646E+00
  1.0681E+01


# trapped boundary
#  mu         vpar      
  1.8108E-02 -7.6321E-02
  1.8108E-02  8.8062E-02
  9.5589E-02 -1.8200E-01
  9.5589E-02  1.9374E-01
  2.3573E-01 -2.8767E-01
  2.3573E-01  2.9941E-01
  4.3989E-01 -4.0509E-01
  4.3989E-01  4.1683E-01
  7.1007E-01 -5.1076E-01
  7.1007E-01  5.2250E-01
  1.0491E+00 -6.1644E-01
  1.0491E+00  6.2818E-01
  1.4607E+00 -7.3386E-01
  1.4607E+00  7.4560E-01
  1.9499E+00 -8.5127E-01
  1.9499E+00  8.6301E-01
  2.5234E+00 -9.6869E-01
  2.5234E+00  9.8043E-01
  3.1901E+00 -1.0861E+00
  3.1901E+00  1.0978E+00
  3.9625E+00 -1.2153E+00
  3.9625E+00  1.2270E+00
  4.8582E+00 -1.3444E+00
  4.8582E+00  1.3562E+00
  5.9041E+00 -1.4736E+00
  5.9041E+00  1.4853E+00
  7.1447E+00 -1.6262E+00
  7.1447E+00  1.6380E+00
  8.6646E+00 -1.7906E+00
  8.6646E+00  1.8023E+00
  1.0681E+01 -1.9902E+00
  1.0681E+01  2.0020E+00


# , time = 310.86327, var = <|f|^2>^(1/2) , z = 0
  5.3381E+00  5.1140E+00  4.6570E+00  4.0959E+00  3.4873E+00  2.8726E+00  2.2387E+00  1.6975E+00  1.2175E+00  8.1999E-01  5.1847E-01  3.0403E-01  1.5969E-01  7.5030E-02  2.8814E-02  2.6322E-02
  9.0996E+00  8.7087E+00  7.9042E+00  6.9075E+00  5.8247E+00  4.7384E+00  3.6422E+00  2.7132E+00  1.9157E+00  1.2786E+00  8.0700E-01  4.7549E-01  2.5187E-01  1.1954E-01  4.7357E-02  3.0308E-02
  1.5174E+01  1.4533E+01  1.3216E+01  1.1583E+01  9.8055E+00  8.0159E+00  6.1966E+00  4.6368E+00  3.2855E+00  2.1922E+00  1.3796E+00  8.0930E-01  4.2649E-01  2.0080E-01  7.7679E-02  6.1238E-02
  2.4865E+01  2.3827E+01  2.1688E+01  1.9023E+01  1.6116E+01  1.3181E+01  1.0203E+01  7.6424E+00  5.4219E+00  3.6214E+00  2.2801E+00  1.3387E+00  7.0718E-01  3.3549E-01  1.3177E-01  8.8660E-02
  4.0017E+01  3.8365E+01  3.4956E+01  3.0692E+01  2.6023E+01  2.1298E+01  1.6505E+01  1.2373E+01  8.7896E+00  5.8779E+00  3.7028E+00  2.1724E+00  1.1469E+00  5.4105E-01  2.1213E-01  1.1924E-01
  6.3254E+01  6.0669E+01  5.5334E+01  4.8631E+01  4.1269E+01  3.3796E+01  2.6219E+01  1.9667E+01  1.3983E+01  9.3597E+00  5.9016E+00  3.4654E+00  1.8288E+00  8.6748E-01  3.3971E-01  1.4040E-01
  9.8196E+01  9.4224E+01  8.6026E+01  7.5679E+01  6.4276E+01  5.2668E+01  4.0904E+01  3.0700E+01  2.1845E+01  1.4633E+01  9.2327E+00  5.4226E+00  2.8664E+00  1.3541E+00  5.2903E-01  1.7486E-01
  1.4971E+02  1.4372E+02  1.3135E+02  1.1566E+02  9.8316E+01  8.0607E+01  6.2670E+01  4.7064E+01  3.3514E+01  2.2467E+01  1.4183E+01  8.3362E+00  4.4030E+00  2.0889E+00  8.0831E-01  2.3522E-01
  2.2418E+02  2.1529E+02  1.9695E+02  1.7360E+02  1.4768E+02  1.2115E+02  9.4295E+01  7.0853E+01  5.0494E+01  3.3874E+01  2.1396E+01  1.2575E+01  6.6533E+00  3.1481E+00  1.2220E+00  3.5121E-01
  3.2967E+02  3.1671E+02  2.9002E+02  2.5587E+02  2.1786E+02  1.7882E+02  1.3933E+02  1.0475E+02  7.4706E+01  5.0154E+01  3.1693E+01  1.8638E+01  9.8662E+00  4.6423E+00  1.8111E+00  5.1701E-01
  4.7610E+02  4.5756E+02  4.1941E+02  3.7037E+02  3.1560E+02  2.5919E+02  2.0216E+02  1.5207E+02  1.0854E+02  7.2914E+01  4.6098E+01  2.7120E+01  1.4361E+01  6.7289E+00  2.6170E+00  7.5221E-01
  6.7526E+02  6.4917E+02  5.9561E+02  5.2646E+02  4.4895E+02  3.6892E+02  2.8804E+02  2.1679E+02  1.5483E+02  1.0409E+02  6.5848E+01  3.8766E+01  2.0485E+01  9.5843E+00  3.7437E+00  1.1939E+00
  9.4053E+02  9.0446E+02  8.3060E+02  7.3484E+02  6.2713E+02  5.1561E+02  4.0298E+02  3.0346E+02  2.1692E+02  1.4591E+02  9.2353E+01  5.4386E+01  2.8618E+01  1.3430E+01  5.2641E+00  2.0071E+00
  1.2865E+03  1.2375E+03  1.1374E+03  1.0072E+03  8.6018E+02  7.0759E+02  5.5359E+02  4.1709E+02  2.9827E+02  2.0081E+02  1.2725E+02  7.4680E+01  3.9363E+01  1.8587E+01  6.9897E+00  3.1840E+00
  1.7280E+03  1.6626E+03  1.5295E+03  1.3555E+03  1.1585E+03  9.5343E+02  7.4667E+02  5.6286E+02  4.0299E+02  2.7152E+02  1.7183E+02  1.0068E+02  5.3567E+01  2.4106E+01  8.7299E+00  4.7022E+00
  2.2793E+03  2.1934E+03  2.0194E+03  1.7911E+03  1.5318E+03  1.2613E+03  9.8874E+02  7.4574E+02  5.3406E+02  3.5995E+02  2.2755E+02  1.3446E+02  6.9818E+01  2.6611E+01  1.0821E+01  6.6992E+00
  2.9521E+03  2.8412E+03  2.6179E+03  2.3237E+03  1.9885E+03  1.6382E+03  1.2854E+03  9.7007E+02  6.9550E+02  4.6841E+02  2.9754E+02  1.7486E+02  7.7980E+01  2.5143E+01  1.3880E+01  9.2489E+00
  3.7541E+03  3.6133E+03  3.3317E+03  2.9594E+03  2.5341E+03  2.0886E+03  1.6403E+03  1.2385E+03  8.8764E+02  5.9933E+02  3.8285E+02  2.0176E+02  6.9031E+01  2.3396E+01  1.7739E+01  1.2225E+01
  4.6868E+03  4.5111E+03  4.1622E+03  3.6995E+03  3.1696E+03  2.6135E+03  2.0545E+03  1.5515E+03  1.1129E+03  7.5747E+02  4.5359E+02  1.7936E+02  7.3818E+01  2.1787E+01  2.1055E+01  1.5355E+01
  5.7433E+03  5.5277E+03  5.1033E+03  4.5386E+03  3.8905E+03  3.2092E+03  2.5242E+03  1.9068E+03  1.3784E+03  9.0738E+02  4.2029E+02  1.9888E+02  9.6236E+01  2.2021E+01  2.2141E+01  1.7981E+01
  6.9068E+03  6.6465E+03  6.1394E+03  5.4628E+03  4.6848E+03  3.8650E+03  3.0422E+03  2.3091E+03  1.6431E+03  8.7890E+02  4.2040E+02  3.3241E+02  1.2789E+02  3.2811E+01  1.8331E+01  1.9016E+01
  8.1485E+03  7.8394E+03  7.2443E+03  6.4482E+03  5.5311E+03  4.5635E+03  3.6057E+03  2.7237E+03  1.6703E+03  7.8003E+02  7.9701E+02  4.6351E+02  2.1104E+02  6.7591E+01  1.0458E+01  1.7009E+01
  9.4266E+03  9.0656E+03  8.3795E+03  7.4599E+03  6.3994E+03  5.2900E+03  4.1810E+03  2.8500E+03  1.3668E+03  1.5273E+03  1.1848E+03  6.8842E+02  3.5512E+02  1.3853E+02  2.9842E+01  1.0254E+01
  1.0686E+04  1.0271E+04  9.4940E+03  8.4516E+03  7.2580E+03  6.0037E+03  4.4229E+03  2.2862E+03  2.4298E+03  2.4211E+03  1.6685E+03  1.0734E+03  5.7176E+02  2.5392E+02  7.6660E+01  4.0809E+00
  1.1856E+04  1.1387E+04  1.0524E+04  9.3713E+03  8.0508E+03  6.3217E+03  3.5871E+03  3.4229E+03  4.1853E+03  3.3353E+03  2.4893E+03  1.5823E+03  8.9137E+02  4.1810E+02  1.4731E+02  2.4818E+01
  1.2850E+04  1.2331E+04  1.1391E+04  1.0134E+04  8.3625E+03  5.1645E+03  4.3969E+03  6.3478E+03  5.7736E+03  4.8237E+03  3.5061E+03  2.2724E+03  1.3060E+03  6.3668E+02  2.4218E+02  5.4363E+01
  1.3554E+04  1.2984E+04  1.1959E+04  1.0273E+04  6.8195E+03  5.2405E+03  8.6066E+03  8.8234E+03  8.1129E+03  6.5902E+03  4.7460E+03  3.1234E+03  1.8105E+03  9.0225E+02  3.5838E+02  9.1217E+01
  1.3778E+04  1.3123E+04  1.1662E+04  8.1647E+03  5.9532E+03  1.0717E+04  1.2157E+04  1.2099E+04  1.0800E+04  8.5060E+03  6.2128E+03  4.0619E+03  2.3771E+03  1.1981E+03  4.8763E+02  1.3266E+02
  1.3080E+04  1.1931E+04  8.6216E+03  6.5604E+03  1.2611E+04  1.5398E+04  1.6349E+04  1.5716E+04  1.3341E+04  1.0639E+04  7.6570E+03  5.0331E+03  2.9451E+03  1.4955E+03  6.1740E+02  1.7444E+02
  9.8003E+03  7.2264E+03  7.4870E+03  1.4559E+04  1.8287E+04  2.0251E+04  2.0531E+04  1.8570E+04  1.5922E+04  1.2442E+04  8.9907E+03  5.8816E+03  3.4540E+03  1.7576E+03  7.3172E+02  2.1138E+02
  6.6402E+03  1.0648E+04  1.6994E+04  2.0582E+04  2.2941E+04  2.3983E+04  2.2929E+04  2.0963E+04  1.7586E+04  1.3820E+04  9.9230E+03  6.5156E+03  3.8195E+03  1.9501E+03  8.1514E+02  2.3834E+02
  1.2222E+04  1.5108E+04  1.8735E+04  2.1661E+04  2.3751E+04  2.4389E+04  2.3923E+04  2.1541E+04  1.8335E+04  1.4340E+04  1.0360E+04  6.7975E+03  3.9949E+03  2.0404E+03  8.5498E+02  2.5132E+02
  2.1557E+04  1.6494E+04  1.2888E+04  1.6060E+04  2.0102E+04  2.2146E+04  2.2536E+04  2.0681E+04  1.7811E+04  1.4027E+04  1.0178E+04  6.6978E+03  3.9438E+03  2.0166E+03  8.4542E+02  2.4838E+02
  2.8107E+04  2.3209E+04  1.4599E+04  1.2175E+04  1.5720E+04  1.8869E+04  1.9518E+04  1.8759E+04  1.6199E+04  1.2972E+04  9.4257E+03  6.2396E+03  3.6768E+03  1.8834E+03  7.8818E+02  2.3001E+02
  2.4935E+04  2.2688E+04  1.6200E+04  1.0908E+04  1.1928E+04  1.4838E+04  1.6516E+04  1.5799E+04  1.4099E+04  1.1295E+04  8.3036E+03  5.4940E+03  3.2508E+03  1.6615E+03  6.9249E+02  1.9916E+02
  2.1521E+04  2.0541E+04  1.7498E+04  1.1222E+04  9.3833E+03  1.1147E+04  1.2814E+04  1.3084E+04  1.1520E+04  9.4498E+03  6.9248E+03  4.6106E+03  2.7197E+03  1.3870E+03  5.7255E+02  1.6033E+02
  1.8679E+04  1.7976E+04  1.6620E+04  1.3176E+04  7.8101E+03  8.4190E+03  9.5642E+03  1.0014E+04  9.2711E+03  7.4694E+03  5.5543E+03  3.6723E+03  2.1649E+03  1.0943E+03  4.4411E+02  1.1880E+02
  1.6170E+04  1.5559E+04  1.4547E+04  1.2909E+04  9.3757E+03  5.5962E+03  7.2084E+03  7.4001E+03  7.0075E+03  5.8060E+03  4.2327E+03  2.8113E+03  1.6369E+03  8.1584E+02  3.2154E+02  7.9321E+01
  1.3893E+04  1.3358E+04  1.2459E+04  1.1241E+04  9.5053E+03  6.2322E+03  4.2455E+03  5.6295E+03  5.1035E+03  4.3180E+03  3.1604E+03  2.0567E+03  1.1835E+03  5.7434E+02  2.1515E+02  4.5505E+01
  1.1808E+04  1.1346E+04  1.0560E+04  9.4955E+03  8.2516E+03  6.5853E+03  3.8796E+03  3.2886E+03  3.8962E+03  3.0803E+03  2.3029E+03  1.4611E+03  8.2017E+02  3.8091E+02  1.3085E+02  1.9402E+01
  9.9029E+03  9.5097E+03  8.8393E+03  7.9293E+03  6.8663E+03  5.7242E+03  4.2991E+03  2.2507E+03  2.4027E+03  2.3611E+03  1.6129E+03  1.0314E+03  5.4478E+02  2.3918E+02  6.9952E+01  3.0186E+00
  8.1823E+03  7.8537E+03  7.2932E+03  6.5348E+03  5.6440E+03  4.6909E+03  3.7751E+03  2.5716E+03  1.2946E+03  1.5798E+03  1.2185E+03  7.0470E+02  3.6161E+02  1.4102E+02  3.0627E+01  1.0239E+01
  6.6548E+03  6.3851E+03  5.9253E+03  5.3049E+03  4.5779E+03  3.7930E+03  3.0491E+03  2.3127E+03  1.4126E+03  7.6210E+02  8.6826E+02  5.1423E+02  2.3846E+02  8.0415E+01  1.1510E+01  1.5174E+01
  5.3253E+03  5.1079E+03  4.7375E+03  4.2387E+03  3.6558E+03  3.0274E+03  2.4237E+03  1.8441E+03  1.3255E+03  6.9400E+02  4.4120E+02  3.8960E+02  1.6436E+02  4.7840E+01  1.1417E+01  1.6146E+01
  4.1917E+03  4.0195E+03  3.7262E+03  3.3321E+03  2.8724E+03  2.3777E+03  1.9030E+03  1.4398E+03  1.0528E+03  6.9674E+02  3.1128E+02  2.2568E+02  1.2855E+02  3.0552E+01  1.3043E+01  1.4711E+01
  3.2447E+03  3.1106E+03  2.8824E+03  2.5764E+03  2.2200E+03  1.8367E+03  1.4700E+03  1.1115E+03  8.0452E+02  5.5455E+02  3.2851E+02  1.2847E+02  8.8431E+01  2.3998E+01  1.1872E+01  1.2131E+01
  2.4696E+03  2.3669E+03  2.1924E+03  1.9589E+03  1.6872E+03  1.3953E+03  1.1164E+03  8.4402E+02  6.0999E+02  4.1504E+02  2.6853E+02  1.3517E+02  5.0025E+01  2.0861E+01  9.4167E+00  9.3461E+00
  1.8480E+03  1.7707E+03  1.6395E+03  1.4643E+03  1.2608E+03  1.0423E+03  8.3368E+02  6.2994E+02  4.5572E+02  3.0846E+02  1.9751E+02  1.1619E+02  4.7760E+01  1.5657E+01  6.9541E+00  6.8267E+00
  1.3595E+03  1.3021E+03  1.2052E+03  1.0760E+03  9.2626E+02  7.6546E+02  6.1212E+02  4.6211E+02  3.3398E+02  2.2647E+02  1.4324E+02  8.5546E+01  4.3592E+01  1.4294E+01  5.3423E+00  4.7501E+00
  9.8303E+02  9.4124E+02  8.7083E+02  7.7719E+02  6.6887E+02  5.5259E+02  4.4183E+02  3.3337E+02  2.4081E+02  1.6335E+02  1.0343E+02  6.0425E+01  3.2698E+01  1.3557E+01  4.3398E+00  3.2122E+00
  6.9871E+02  6.6876E+02  6.1847E+02  5.5176E+02  4.7475E+02  3.9211E+02  3.1349E+02  2.3638E+02  1.7059E+02  1.1548E+02  7.3307E+01  4.2582E+01  2.2892E+01  1.0422E+01  3.5479E+00  2.0785E+00
  4.8815E+02  4.6703E+02  4.3172E+02  3.8501E+02  3.3119E+02  2.7347E+02  2.1862E+02  1.6475E+02  1.1884E+02  8.0482E+01  5.0946E+01  2.9711E+01  1.5695E+01  7.2898E+00  2.6875E+00  1.1942E+00
  3.3522E+02  3.2057E+02  2.9619E+02  2.6404E+02  2.2708E+02  1.8745E+02  1.4984E+02  1.1285E+02  8.1351E+01  5.5005E+01  3.4862E+01  2.0321E+01  1.0745E+01  4.9819E+00  1.8564E+00  6.1156E-01
  2.2627E+02  2.1628E+02  1.9973E+02  1.7797E+02  1.5302E+02  1.2628E+02  1.0094E+02  7.5977E+01  5.4737E+01  3.7011E+01  2.3399E+01  1.3639E+01  7.2610E+00  3.3188E+00  1.2439E+00  3.3770E-01
  1.5012E+02  1.4342E+02  1.3237E+02  1.1789E+02  1.0134E+02  8.3604E+01  6.6825E+01  5.0269E+01  3.6192E+01  2.4445E+01  1.5472E+01  8.9982E+00  4.7882E+00  2.1911E+00  8.2935E-01  2.2618E-01
  9.7904E+01  9.3475E+01  8.6225E+01  7.6756E+01  6.5958E+01  5.4399E+01  4.3479E+01  3.2686E+01  2.3518E+01  1.5876E+01  1.0032E+01  5.8403E+00  3.0966E+00  1.4228E+00  5.3933E-01  1.5666E-01
  6.2758E+01  5.9883E+01  5.5203E+01  4.9114E+01  4.2191E+01  3.4786E+01  2.7802E+01  2.0887E+01  1.5018E+01  1.0130E+01  6.4016E+00  3.7202E+00  1.9785E+00  9.0221E-01  3.4287E-01  1.0559E-01
  3.9543E+01  3.7707E+01  3.4737E+01  3.0887E+01  2.6525E+01  2.1862E+01  1.7471E+01  1.3117E+01  9.4248E+00  6.3522E+00  4.0101E+00  2.3313E+00  1.2334E+00  5.6517E-01  2.1442E-01  6.5123E-02
  2.4491E+01  2.3337E+01  2.1484E+01  1.9091E+01  1.6389E+01  1.3503E+01  1.0790E+01  8.0952E+00  5.8125E+00  3.9143E+00  2.4702E+00  1.4345E+00  7.6281E-01  3.4483E-01  1.3139E-01  3.5452E-02
  1.4909E+01  1.4197E+01  1.3059E+01  1.1597E+01  9.9518E+00  8.1963E+00  6.5493E+00  4.9100E+00  3.5230E+00  2.3709E+00  1.4953E+00  8.6809E-01  4.5880E-01  2.0964E-01  7.8678E-02  1.9906E-02
  8.9219E+00  8.4893E+00  7.8028E+00  6.9243E+00  5.9392E+00  4.8893E+00  3.9062E+00  2.9266E+00  2.0990E+00  1.4123E+00  8.9085E-01  5.1681E-01  2.7392E-01  1.2373E-01  4.6392E-02  1.1948E-02
  5.2482E+00  4.9898E+00  4.5825E+00  4.0639E+00  3.4848E+00  2.8686E+00  2.2934E+00  1.7191E+00  1.2339E+00  8.3019E-01  5.2257E-01  3.0171E-01  1.5876E-01  7.1782E-02  2.7201E-02  7.8281E-03
  3.0364E+00  2.8834E+00  2.6432E+00  2.3390E+00  2.0016E+00  1.6450E+00  1.3138E+00  9.8438E-01  7.0528E-01  4.7288E-01  2.9681E-01  1.7148E-01  9.0769E-02  4.1231E-02  1.5398E-02  4.8618E-03
  1.7209E+00  1.6408E+00  1.5180E+00  1.3613E+00  1.1839E+00  9.8937E-01  8.0269E-01  6.0527E-01  4.3571E-01  2.9153E-01  1.8192E-01  1.0434E-01  5.4896E-02  2.4471E-02  9.2491E-03  4.0074E-03
