# CREATED BY GENE DIAGNOSTICS TOOL on Sat May 17 18:10:12 2025 /home/unix/ottink/gene/diagnostics
# diag: vsp1, run(s): vip010vem001, time window: 236-236.1102(1 steps), species: i
# original data path: /Differ/Data/IMT/lottink/Tokamak_ITG/vres_scan/v2/
# normalization: L_ref=1.65m
#
# vpar
 -3.0000E+00
 -2.9528E+00
 -2.9055E+00
 -2.8583E+00
 -2.8110E+00
 -2.7638E+00
 -2.7165E+00
 -2.6693E+00
 -2.6220E+00
 -2.5748E+00
 -2.5276E+00
 -2.4803E+00
 -2.4331E+00
 -2.3858E+00
 -2.3386E+00
 -2.2913E+00
 -2.2441E+00
 -2.1969E+00
 -2.1496E+00
 -2.1024E+00
 -2.0551E+00
 -2.0079E+00
 -1.9606E+00
 -1.9134E+00
 -1.8661E+00
 -1.8189E+00
 -1.7717E+00
 -1.7244E+00
 -1.6772E+00
 -1.6299E+00
 -1.5827E+00
 -1.5354E+00
 -1.4882E+00
 -1.4409E+00
 -1.3937E+00
 -1.3465E+00
 -1.2992E+00
 -1.2520E+00
 -1.2047E+00
 -1.1575E+00
 -1.1102E+00
 -1.0630E+00
 -1.0157E+00
 -9.6850E-01
 -9.2126E-01
 -8.7402E-01
 -8.2677E-01
 -7.7953E-01
 -7.3228E-01
 -6.8504E-01
 -6.3780E-01
 -5.9055E-01
 -5.4331E-01
 -4.9606E-01
 -4.4882E-01
 -4.0157E-01
 -3.5433E-01
 -3.0709E-01
 -2.5984E-01
 -2.1260E-01
 -1.6535E-01
 -1.1811E-01
 -7.0866E-02
 -2.3622E-02
  2.3622E-02
  7.0866E-02
  1.1811E-01
  1.6535E-01
  2.1260E-01
  2.5984E-01
  3.0709E-01
  3.5433E-01
  4.0157E-01
  4.4882E-01
  4.9606E-01
  5.4331E-01
  5.9055E-01
  6.3780E-01
  6.8504E-01
  7.3228E-01
  7.7953E-01
  8.2677E-01
  8.7402E-01
  9.2126E-01
  9.6850E-01
  1.0157E+00
  1.0630E+00
  1.1102E+00
  1.1575E+00
  1.2047E+00
  1.2520E+00
  1.2992E+00
  1.3465E+00
  1.3937E+00
  1.4409E+00
  1.4882E+00
  1.5354E+00
  1.5827E+00
  1.6299E+00
  1.6772E+00
  1.7244E+00
  1.7717E+00
  1.8189E+00
  1.8661E+00
  1.9134E+00
  1.9606E+00
  2.0079E+00
  2.0551E+00
  2.1024E+00
  2.1496E+00
  2.1969E+00
  2.2441E+00
  2.2913E+00
  2.3386E+00
  2.3858E+00
  2.4331E+00
  2.4803E+00
  2.5276E+00
  2.5748E+00
  2.6220E+00
  2.6693E+00
  2.7165E+00
  2.7638E+00
  2.8110E+00
  2.8583E+00
  2.9055E+00
  2.9528E+00
  3.0000E+00


# mu
  1.3581E-02
  7.1692E-02
  1.7680E-01
  3.2992E-01
  5.3256E-01
  7.8681E-01
  1.0955E+00
  1.4624E+00
  1.8925E+00
  2.3926E+00
  2.9718E+00
  3.6436E+00
  4.4281E+00
  5.3585E+00
  6.4984E+00
  8.0108E+00


# trapped boundary
#  mu         vpar      
  1.3581E-02 -6.4579E-02
  1.3581E-02  7.6321E-02
  7.1692E-02 -1.5851E-01
  7.1692E-02  1.7025E-01
  1.7680E-01 -2.5245E-01
  1.7680E-01  2.6419E-01
  3.2992E-01 -3.4638E-01
  3.2992E-01  3.5812E-01
  5.3256E-01 -4.4031E-01
  5.3256E-01  4.5205E-01
  7.8681E-01 -5.3425E-01
  7.8681E-01  5.4599E-01
  1.0955E+00 -6.2818E-01
  1.0955E+00  6.3992E-01
  1.4624E+00 -7.3386E-01
  1.4624E+00  7.4560E-01
  1.8925E+00 -8.2779E-01
  1.8925E+00  8.3953E-01
  2.3926E+00 -9.3346E-01
  2.3926E+00  9.4521E-01
  2.9718E+00 -1.0509E+00
  2.9718E+00  1.0626E+00
  3.6436E+00 -1.1566E+00
  3.6436E+00  1.1683E+00
  4.4281E+00 -1.2740E+00
  4.4281E+00  1.2857E+00
  5.3585E+00 -1.4031E+00
  5.3585E+00  1.4149E+00
  6.4984E+00 -1.5440E+00
  6.4984E+00  1.5558E+00
  8.0108E+00 -1.7202E+00
  8.0108E+00  1.7319E+00


# , time = 236.1102, var = <|f|^2>^(1/2) , z = 0
  6.6666E+01  6.2905E+01  5.6865E+01  4.9199E+01  4.0691E+01  3.2081E+01  2.4000E+01  1.6949E+01  1.1270E+01  7.0697E+00  4.2279E+00  2.4397E+00  1.3428E+00  6.8501E-01  3.7829E-01  1.2322E-01
  9.4548E+01  8.9108E+01  8.0332E+01  6.9247E+01  5.7147E+01  4.5255E+01  3.4463E+01  2.5216E+01  1.7615E+01  1.1600E+01  7.1191E+00  4.0588E+00  2.1270E+00  9.8343E-01  3.7755E-01  1.4906E-01
  1.3119E+02  1.2383E+02  1.1182E+02  9.6415E+01  7.9206E+01  6.1833E+01  4.5723E+01  3.1920E+01  2.1004E+01  1.3030E+01  7.6404E+00  4.2526E+00  2.2584E+00  1.1083E+00  4.1978E-01  2.2482E-01
  1.8071E+02  1.7077E+02  1.5449E+02  1.3355E+02  1.1012E+02  8.6499E+01  6.4659E+01  4.5985E+01  3.1143E+01  2.0070E+01  1.2242E+01  6.9607E+00  3.6433E+00  1.7641E+00  7.0962E-01  2.1815E-01
  2.4688E+02  2.3355E+02  2.1164E+02  1.8332E+02  1.5149E+02  1.1915E+02  8.8970E+01  6.2894E+01  4.1973E+01  2.6366E+01  1.5582E+01  8.6487E+00  4.4706E+00  2.1033E+00  7.2221E-01  4.5771E-01
  3.3475E+02  3.1696E+02  2.8764E+02  2.4965E+02  2.0678E+02  1.6306E+02  1.2212E+02  8.6635E+01  5.8107E+01  3.6767E+01  2.1923E+01  1.2267E+01  6.3526E+00  2.9816E+00  1.3604E+00  3.4892E-01
  4.5076E+02  4.2713E+02  3.8809E+02  3.3741E+02  2.8007E+02  2.2138E+02  1.6615E+02  1.1803E+02  7.9122E+01  4.9852E+01  2.9428E+01  1.6216E+01  8.2992E+00  3.8215E+00  1.5356E+00  5.5573E-01
  6.0306E+02  5.7181E+02  5.2006E+02  4.5280E+02  3.7658E+02  2.9833E+02  2.2443E+02  1.5979E+02  1.0731E+02  6.7691E+01  3.9981E+01  2.1999E+01  1.1214E+01  5.1204E+00  2.2896E+00  4.5474E-01
  8.0177E+02  7.6062E+02  6.9239E+02  6.0361E+02  5.0283E+02  3.9916E+02  3.0096E+02  2.1475E+02  1.4446E+02  9.1156E+01  5.3715E+01  2.9354E+01  1.4825E+01  7.0093E+00  2.7605E+00  6.0543E-01
  1.0592E+03  1.0054E+03  9.1595E+02  7.9944E+02  6.6698E+02  5.3044E+02  4.0078E+02  2.8661E+02  1.9319E+02  1.2206E+02  7.1910E+01  3.9164E+01  1.9661E+01  9.0656E+00  3.4161E+00  8.7176E-01
  1.3899E+03  1.3201E+03  1.2038E+03  1.0520E+03  8.7902E+02  7.0029E+02  5.3015E+02  3.7993E+02  2.5663E+02  1.6243E+02  9.5695E+01  5.1884E+01  2.5928E+01  1.1897E+01  4.5995E+00  1.4228E+00
  1.8107E+03  1.7211E+03  1.5714E+03  1.3752E+03  1.1510E+03  9.1861E+02  6.9674E+02  5.0031E+02  3.3866E+02  2.1478E+02  1.2664E+02  6.8406E+01  3.4095E+01  1.5244E+01  5.6064E+00  1.7473E+00
  2.3402E+03  2.2266E+03  2.0360E+03  1.7852E+03  1.4971E+03  1.1973E+03  9.0987E+02  6.5463E+02  4.4404E+02  2.8224E+02  1.6664E+02  8.9688E+01  4.4392E+01  1.9315E+01  7.9674E+00  2.9023E+00
  2.9984E+03  2.8563E+03  2.6167E+03  2.2998E+03  1.9336E+03  1.5501E+03  1.1806E+03  8.5116E+02  5.7852E+02  3.6856E+02  2.1796E+02  1.1695E+02  5.7637E+01  2.6015E+01  1.0202E+01  3.4034E+00
  3.8061E+03  3.6307E+03  3.3338E+03  2.9385E+03  2.4784E+03  1.9929E+03  1.5220E+03  1.0997E+03  7.4902E+02  4.7831E+02  2.8336E+02  1.5164E+02  7.4474E+01  3.3240E+01  1.3539E+01  4.1591E+00
  4.7841E+03  4.5707E+03  4.2078E+03  3.7215E+03  3.1508E+03  2.5432E+03  1.9486E+03  1.4118E+03  9.6371E+02  6.1692E+02  3.6609E+02  1.9546E+02  9.5847E+01  4.3970E+01  1.6750E+01  5.0283E+00
  5.9544E+03  5.6977E+03  5.2598E+03  4.6696E+03  3.9709E+03  3.2196E+03  2.4770E+03  1.8004E+03  1.2321E+03  7.9082E+02  4.6994E+02  2.5054E+02  1.2333E+02  5.4753E+01  2.0974E+01  6.1366E+00
  7.3419E+03  7.0355E+03  6.5122E+03  5.8038E+03  4.9592E+03  4.0418E+03  3.1247E+03  2.2803E+03  1.5652E+03  1.0074E+03  5.9933E+02  3.1925E+02  1.5629E+02  6.8186E+01  2.5670E+01  6.6065E+00
  8.9787E+03  8.6135E+03  7.9906E+03  7.1469E+03  6.1368E+03  5.0298E+03  3.9104E+03  2.8673E+03  1.9752E+03  1.2753E+03  7.5930E+02  4.0444E+02  1.9719E+02  8.4911E+01  3.1513E+01  8.7746E+00
  1.0907E+04  1.0470E+04  9.7276E+03  8.7257E+03  7.5262E+03  6.2043E+03  4.8532E+03  3.5785E+03  2.4758E+03  1.6041E+03  9.5551E+02  5.0932E+02  2.4841E+02  1.0657E+02  3.9887E+01  1.1073E+01
  1.3178E+04  1.2653E+04  1.1765E+04  1.0573E+04  9.1534E+03  7.5870E+03  5.9730E+03  4.4315E+03  3.0815E+03  2.0045E+03  1.1943E+03  6.3776E+02  3.1170E+02  1.3693E+02  5.1464E+01  1.3869E+01
  1.5834E+04  1.5208E+04  1.4147E+04  1.2729E+04  1.1049E+04  9.2020E+03  7.2905E+03  5.4446E+03  3.8078E+03  2.4880E+03  1.4829E+03  7.9422E+02  3.9362E+02  1.7471E+02  6.3548E+01  1.9009E+01
  1.8891E+04  1.8162E+04  1.6914E+04  1.5235E+04  1.3249E+04  1.1076E+04  8.8275E+03  6.6374E+03  4.6707E+03  3.0664E+03  1.8290E+03  9.8476E+02  4.8744E+02  2.1707E+02  8.1576E+01  2.3620E+01
  2.2325E+04  2.1503E+04  2.0075E+04  1.8121E+04  1.5788E+04  1.3239E+04  1.0607E+04  8.0297E+03  5.6876E+03  3.7523E+03  2.2415E+03  1.2120E+03  5.9860E+02  2.6508E+02  9.9820E+01  2.9501E+01
  2.6077E+04  2.5181E+04  2.3602E+04  2.1392E+04  1.8694E+04  1.5720E+04  1.2653E+04  9.6417E+03  6.8764E+03  4.5582E+03  2.7297E+03  1.4844E+03  7.2821E+02  3.1605E+02  1.1950E+02  3.6830E+01
  3.0069E+04  2.9120E+04  2.7432E+04  2.5013E+04  2.1970E+04  1.8542E+04  1.4988E+04  1.1493E+04  8.2552E+03  5.4973E+03  3.3044E+03  1.8090E+03  8.9017E+02  3.7752E+02  1.4344E+02  4.3176E+01
  3.4208E+04  3.3231E+04  3.1476E+04  2.8914E+04  2.5587E+04  2.1712E+04  1.7630E+04  1.3600E+04  9.8412E+03  6.5827E+03  3.9775E+03  2.1978E+03  1.0979E+03  4.5887E+02  1.6992E+02  5.0921E+01
  3.8382E+04  3.7407E+04  3.5636E+04  3.3002E+04  2.9481E+04  2.5214E+04  2.0587E+04  1.5978E+04  1.1649E+04  7.8280E+03  4.7618E+03  2.6616E+03  1.3504E+03  5.6897E+02  2.0031E+02  5.9024E+01
  4.2434E+04  4.1506E+04  3.9791E+04  3.7171E+04  3.3561E+04  2.9002E+04  2.3856E+04  1.8635E+04  1.3690E+04  9.2467E+03  5.6726E+03  3.1922E+03  1.6314E+03  7.0937E+02  2.3949E+02  6.6424E+01
  4.6149E+04  4.5337E+04  4.3782E+04  4.1295E+04  3.7720E+04  3.3002E+04  2.7414E+04  2.1572E+04  1.5971E+04  1.0853E+04  6.7210E+03  3.8001E+03  1.9350E+03  8.6794E+02  2.8932E+02  7.5057E+01
  4.9256E+04  4.8652E+04  4.7405E+04  4.5217E+04  4.1836E+04  3.7120E+04  3.1215E+04  2.4781E+04  1.8493E+04  1.2660E+04  7.9283E+03  4.5156E+03  2.2601E+03  1.0434E+03  3.4717E+02  8.4821E+01
  5.1447E+04  5.1161E+04  5.0407E+04  4.8743E+04  4.5768E+04  4.1244E+04  3.5193E+04  2.8243E+04  2.1253E+04  1.4686E+04  9.3147E+03  5.3820E+03  2.6635E+03  1.2146E+03  4.2363E+02  9.4919E+01
  5.2396E+04  5.2547E+04  5.2499E+04  5.1633E+04  4.9344E+04  4.5249E+04  3.9263E+04  3.1923E+04  2.4245E+04  1.6944E+04  1.0896E+04  6.4098E+03  3.2039E+03  1.3773E+03  5.1338E+02  1.0974E+02
  5.1815E+04  5.2507E+04  5.3378E+04  5.3619E+04  5.2359E+04  4.8993E+04  4.3325E+04  3.5772E+04  2.7460E+04  1.9449E+04  1.2673E+04  7.5436E+03  3.8949E+03  1.5527E+03  6.1769E+02  1.2871E+02
  4.9554E+04  5.0828E+04  5.2779E+04  5.4426E+04  5.4583E+04  5.2319E+04  4.7268E+04  3.9729E+04  3.0888E+04  2.2218E+04  1.4653E+04  8.7120E+03  4.7192E+03  1.7390E+03  7.5080E+02  1.5362E+02
  4.5806E+04  4.7522E+04  5.0539E+04  5.3809E+04  5.5775E+04  5.5043E+04  5.0968E+04  4.3715E+04  3.4522E+04  2.5261E+04  1.6906E+04  9.9862E+03  5.5765E+03  1.9775E+03  9.0382E+02  1.9032E+02
  4.1606E+04  4.3157E+04  4.6757E+04  5.1605E+04  5.5697E+04  5.6962E+04  5.4282E+04  4.7643E+04  3.8352E+04  2.8594E+04  1.9521E+04  1.1575E+04  6.3630E+03  2.2949E+03  1.0895E+03  2.3540E+02
  3.9782E+04  3.9603E+04  4.2149E+04  4.7845E+04  5.4150E+04  5.7859E+04  5.7057E+04  5.1429E+04  4.2359E+04  3.2208E+04  2.2430E+04  1.3696E+04  7.0124E+03  2.6802E+03  1.3097E+03  2.9423E+02
  4.5037E+04  4.0893E+04  3.8857E+04  4.3028E+04  5.1038E+04  5.7533E+04  5.9134E+04  5.4986E+04  4.6509E+04  3.6088E+04  2.5395E+04  1.6371E+04  7.4943E+03  3.1295E+03  1.5478E+03  3.6573E+02
  6.0225E+04  5.1253E+04  4.1081E+04  3.8757E+04  4.6495E+04  5.5815E+04  6.0344E+04  5.8218E+04  5.0747E+04  4.0265E+04  2.8371E+04  1.9322E+04  7.8703E+03  3.5920E+03  1.8058E+03  4.4629E+02
  8.4577E+04  7.1204E+04  5.2463E+04  3.8554E+04  4.1172E+04  5.2597E+04  6.0515E+04  6.1017E+04  5.4996E+04  4.4806E+04  3.1834E+04  2.2228E+04  8.2332E+03  4.0124E+03  2.0573E+03  5.3789E+02
  1.1667E+05  9.9196E+04  7.2825E+04  4.6456E+04  3.6882E+04  4.7902E+04  5.9483E+04  6.3251E+04  5.9154E+04  4.9561E+04  3.6627E+04  2.4892E+04  8.7215E+03  4.3629E+03  2.2820E+03  6.3258E+02
  1.5564E+05  1.3402E+05  1.0048E+05  6.3150E+04  3.7241E+04  4.2052E+04  5.7094E+04  6.4764E+04  6.3124E+04  5.4063E+04  4.3174E+04  2.7323E+04  9.4642E+03  4.6188E+03  2.4682E+03  7.2636E+02
  2.0078E+05  1.7488E+05  1.3417E+05  8.6907E+04  4.5643E+04  3.6054E+04  5.3213E+04  6.5377E+04  6.6840E+04  5.8110E+04  5.0975E+04  2.9838E+04  1.0549E+04  4.8115E+03  2.5897E+03  8.1611E+02
  2.5130E+05  2.2100E+05  1.7304E+05  1.1620E+05  6.1882E+04  3.2392E+04  4.7756E+04  6.4907E+04  7.0168E+04  6.2474E+04  5.9124E+04  3.2831E+04  1.2138E+04  5.0234E+03  2.6486E+03  8.9055E+02
  3.0614E+05  2.7148E+05  2.1626E+05  1.5000E+05  8.3989E+04  3.5001E+04  4.0775E+04  6.3192E+04  7.2609E+04  6.8488E+04  6.6937E+04  3.6664E+04  1.4317E+04  5.3978E+03  2.6565E+03  9.5102E+02
  3.6405E+05  3.2521E+05  2.6291E+05  1.8741E+05  1.1041E+05  4.5563E+04  3.2665E+04  6.0134E+04  7.3420E+04  7.6367E+04  7.4097E+04  4.1628E+04  1.7141E+04  6.0741E+03  2.6414E+03  9.9121E+02
  4.2375E+05  3.8096E+05  3.1191E+05  2.2747E+05  1.3998E+05  6.2099E+04  2.4780E+04  5.5642E+04  7.2561E+04  8.4544E+04  8.0698E+04  4.7669E+04  2.0685E+04  7.1669E+03  2.6673E+03  1.0102E+03
  4.8384E+05  4.3724E+05  3.6190E+05  2.6896E+05  1.7147E+05  8.2162E+04  2.0943E+04  4.9397E+04  7.1247E+04  9.1078E+04  8.6963E+04  5.4570E+04  2.4852E+04  8.7104E+03  2.8127E+03  1.0186E+03
  5.4215E+05  4.9193E+05  4.1084E+05  3.1002E+05  2.0324E+05  1.0377E+05  2.5209E+04  4.1026E+04  7.0589E+04  9.5136E+04  9.2810E+04  6.2055E+04  2.9581E+04  1.0625E+04  3.1320E+03  1.0176E+03
  5.9508E+05  5.4163E+05  4.5553E+05  3.4792E+05  2.3316E+05  1.2512E+05  3.4398E+04  3.1005E+04  6.9999E+04  9.6989E+04  9.7972E+04  6.9658E+04  3.4802E+04  1.2883E+04  3.6456E+03  1.0278E+03
  6.3787E+05  5.8180E+05  4.9195E+05  3.7952E+05  2.5898E+05  1.4445E+05  4.4792E+04  2.1055E+04  6.8202E+04  9.7240E+04  1.0217E+05  7.6972E+04  4.0287E+04  1.5394E+04  4.3419E+03  1.0661E+03
  6.6656E+05  6.0872E+05  5.1703E+05  4.0264E+05  2.7913E+05  1.6027E+05  5.6326E+04  1.2613E+04  6.4900E+04  9.6393E+04  1.0515E+05  8.3721E+04  4.5930E+04  1.8052E+04  5.1465E+03  1.1372E+03
  6.8089E+05  6.2220E+05  5.3079E+05  4.1728E+05  2.9360E+05  1.7173E+05  6.8928E+04  5.8962E+03  6.0674E+04  9.4792E+04  1.0684E+05  8.9517E+04  5.1559E+04  2.0852E+04  6.0472E+03  1.2543E+03
  6.8494E+05  6.2615E+05  5.3664E+05  4.2572E+05  3.0438E+05  1.7916E+05  7.9982E+04  5.9249E+03  5.6195E+04  9.2636E+04  1.0747E+05  9.4204E+04  5.6918E+04  2.3657E+04  6.9912E+03  1.4063E+03
  6.8578E+05  6.2744E+05  5.4043E+05  4.3217E+05  3.1395E+05  1.8447E+05  8.7481E+04  1.1894E+04  5.1878E+04  9.0107E+04  1.0720E+05  9.7802E+04  6.1933E+04  2.6407E+04  7.9200E+03  1.5747E+03
  6.9138E+05  6.3398E+05  5.4822E+05  4.4003E+05  3.2289E+05  1.9009E+05  9.2643E+04  1.7646E+04  4.7872E+04  8.7434E+04  1.0622E+05  1.0025E+05  6.6470E+04  2.9101E+04  8.8603E+03  1.7656E+03
  7.0479E+05  6.4814E+05  5.6057E+05  4.4927E+05  3.3099E+05  1.9667E+05  9.7226E+04  2.2370E+04  4.4208E+04  8.4712E+04  1.0485E+05  1.0167E+05  7.0290E+04  3.1534E+04  9.7138E+03  1.9455E+03
  7.2159E+05  6.6482E+05  5.7427E+05  4.5999E+05  3.3900E+05  2.0372E+05  1.0157E+05  2.6006E+04  4.0913E+04  8.1978E+04  1.0331E+05  1.0240E+05  7.3515E+04  3.3741E+04  1.0489E+04  2.1177E+03
  7.3909E+05  6.8146E+05  5.8882E+05  4.7243E+05  3.4713E+05  2.1165E+05  1.0625E+05  2.8896E+04  3.7821E+04  7.9284E+04  1.0155E+05  1.0243E+05  7.6035E+04  3.5674E+04  1.1195E+04  2.2816E+03
  7.5738E+05  6.9846E+05  6.0366E+05  4.8498E+05  3.5503E+05  2.2043E+05  1.1226E+05  3.1775E+04  3.4602E+04  7.6573E+04  9.9511E+04  1.0167E+05  7.7553E+04  3.7050E+04  1.1693E+04  2.4025E+03
  7.7476E+05  7.1466E+05  6.1794E+05  4.9665E+05  3.6296E+05  2.2994E+05  1.2028E+05  3.5676E+04  3.1043E+04  7.4313E+04  9.7931E+04  1.0095E+05  7.8658E+04  3.8166E+04  1.2118E+04  2.5158E+03
  7.9020E+05  7.2946E+05  6.3169E+05  5.0872E+05  3.7390E+05  2.4337E+05  1.3294E+05  4.4183E+04  2.4333E+04  7.0214E+04  9.5196E+04  9.9316E+04  7.8762E+04  3.8695E+04  1.2352E+04  2.5933E+03
  8.0347E+05  7.4370E+05  6.4753E+05  5.2636E+05  3.9400E+05  2.6532E+05  1.5211E+05  5.9174E+04  1.4584E+04  6.0966E+04  8.7321E+04  9.3352E+04  7.5469E+04  3.7358E+04  1.1901E+04  2.5023E+03
  8.1197E+05  7.4577E+05  6.3932E+05  5.0582E+05  3.6142E+05  2.2095E+05  9.6525E+04  6.1917E+03  6.8145E+04  1.0546E+05  1.1917E+05  1.1445E+05  8.8063E+04  4.3073E+04  1.3937E+04  3.0610E+03
  8.1929E+05  7.5455E+05  6.5046E+05  5.1977E+05  3.7876E+05  2.4115E+05  1.1513E+05  1.4174E+04  5.6118E+04  9.5888E+04  1.1135E+05  1.0852E+05  8.3824E+04  4.0810E+04  1.3154E+04  2.8999E+03
  8.2323E+05  7.5880E+05  6.5520E+05  5.2487E+05  3.8457E+05  2.5089E+05  1.2570E+05  2.2816E+04  5.1113E+04  9.2922E+04  1.0948E+05  1.0716E+05  8.2061E+04  3.9591E+04  1.2787E+04  2.8531E+03
  8.2420E+05  7.6008E+05  6.5700E+05  5.2703E+05  3.8572E+05  2.5536E+05  1.3061E+05  2.6061E+04  5.0382E+04  9.2692E+04  1.0932E+05  1.0672E+05  8.0267E+04  3.8155E+04  1.2345E+04  2.7847E+03
  8.2287E+05  7.5918E+05  6.5694E+05  5.2809E+05  3.8562E+05  2.5809E+05  1.3284E+05  2.7005E+04  5.0690E+04  9.2641E+04  1.0908E+05  1.0592E+05  7.7713E+04  3.6229E+04  1.1733E+04  2.6704E+03
  8.2120E+05  7.5738E+05  6.5588E+05  5.2833E+05  3.8536E+05  2.5968E+05  1.3318E+05  2.6688E+04  5.1903E+04  9.3163E+04  1.0939E+05  1.0529E+05  7.4906E+04  3.4209E+04  1.1122E+04  2.5506E+03
  8.1967E+05  7.5510E+05  6.5479E+05  5.2846E+05  3.8573E+05  2.6027E+05  1.3211E+05  2.5740E+04  5.3751E+04  9.4100E+04  1.1001E+05  1.0433E+05  7.1501E+04  3.1922E+04  1.0421E+04  2.4039E+03
  8.1867E+05  7.5327E+05  6.5401E+05  5.2885E+05  3.8693E+05  2.5942E+05  1.2975E+05  2.4474E+04  5.6090E+04  9.5364E+04  1.1058E+05  1.0255E+05  6.7401E+04  2.9446E+04  9.6725E+03  2.2395E+03
  8.2270E+05  7.5621E+05  6.5566E+05  5.2959E+05  3.8776E+05  2.5579E+05  1.2627E+05  2.3153E+04  5.8822E+04  9.6760E+04  1.1090E+05  9.9927E+04  6.2849E+04  2.6964E+04  8.9337E+03  2.0804E+03
  8.3277E+05  7.6484E+05  6.6064E+05  5.3068E+05  3.8668E+05  2.4895E+05  1.2201E+05  2.2150E+04  6.1776E+04  9.8087E+04  1.1077E+05  9.6278E+04  5.7812E+04  2.4415E+04  8.1533E+03  1.9145E+03
  8.4316E+05  7.7382E+05  6.6536E+05  5.3011E+05  3.8249E+05  2.3989E+05  1.1614E+05  2.1999E+04  6.4752E+04  9.9204E+04  1.0986E+05  9.1436E+04  5.2445E+04  2.1940E+04  7.3998E+03  1.7683E+03
  8.4591E+05  7.7573E+05  6.6418E+05  5.2462E+05  3.7392E+05  2.2906E+05  1.0725E+05  2.3282E+04  6.7527E+04  9.9882E+04  1.0785E+05  8.5554E+04  4.7036E+04  1.9612E+04  6.6754E+03  1.6459E+03
  8.3434E+05  7.6436E+05  6.5199E+05  5.1109E+05  3.5980E+05  2.1573E+05  9.5536E+04  2.5674E+04  6.9750E+04  9.9897E+04  1.0471E+05  7.8863E+04  4.1710E+04  1.7412E+04  5.9847E+03  1.5445E+03
  8.0606E+05  7.3743E+05  6.2663E+05  4.8789E+05  3.3951E+05  1.9922E+05  8.2672E+04  2.8285E+04  7.1067E+04  9.9055E+04  1.0042E+05  7.1556E+04  3.6670E+04  1.5436E+04  5.3819E+03  1.4737E+03
  7.6362E+05  6.9725E+05  5.8982E+05  4.5595E+05  3.1350E+05  1.7974E+05  6.9959E+04  3.1236E+04  7.1530E+04  9.6972E+04  9.5108E+04  6.4112E+04  3.2140E+04  1.3672E+04  4.8631E+03  1.4184E+03
  7.1160E+05  6.4813E+05  5.4526E+05  4.1795E+05  2.8339E+05  1.5824E+05  5.7898E+04  3.5155E+04  7.1557E+04  9.3133E+04  8.9174E+04  5.6936E+04  2.8128E+04  1.2112E+04  4.4510E+03  1.3694E+03
  6.5392E+05  5.9372E+05  4.9633E+05  3.7665E+05  2.5117E+05  1.3594E+05  4.7027E+04  3.9762E+04  7.1333E+04  8.7385E+04  8.2935E+04  5.0333E+04  2.4709E+04  1.0795E+04  4.1483E+03  1.3216E+03
  5.9290E+05  5.3634E+05  4.4529E+05  3.3408E+05  2.1849E+05  1.1402E+05  3.8395E+04  4.4229E+04  7.0631E+04  8.0338E+04  7.6471E+04  4.4657E+04  2.1860E+04  9.6873E+03  3.9237E+03  1.2588E+03
  5.2993E+05  4.7755E+05  3.9360E+05  2.9159E+05  1.8653E+05  9.3459E+04  3.3262E+04  4.8054E+04  6.9270E+04  7.3250E+04  6.9783E+04  4.0020E+04  1.9451E+04  8.7814E+03  3.7438E+03  1.1827E+03
  4.6636E+05  4.1867E+05  3.4242E+05  2.5015E+05  1.5610E+05  7.5002E+04  3.2188E+04  5.1109E+04  6.7345E+04  6.7280E+04  6.2769E+04  3.6312E+04  1.7447E+04  8.0524E+03  3.5733E+03  1.0916E+03
  4.0375E+05  3.6105E+05  2.9283E+05  2.1060E+05  1.2780E+05  5.9307E+04  3.4275E+04  5.3385E+04  6.5038E+04  6.2551E+04  5.5497E+04  3.3381E+04  1.5751E+04  7.4364E+03  3.3776E+03  9.8512E+02
  3.4365E+05  3.0597E+05  2.4579E+05  1.7363E+05  1.0218E+05  4.7152E+04  3.7911E+04  5.4892E+04  6.2454E+04  5.8323E+04  4.8476E+04  3.0861E+04  1.4288E+04  6.8820E+03  3.1419E+03  8.7501E+02
  2.8730E+05  2.5445E+05  2.0211E+05  1.3987E+05  7.9799E+04  3.9442E+04  4.1863E+04  5.5669E+04  5.9630E+04  5.4019E+04  4.2355E+04  2.8403E+04  1.3053E+04  6.3371E+03  2.8726E+03  7.6241E+02
  2.3554E+05  2.0727E+05  1.6243E+05  1.0983E+05  6.1331E+04  3.6583E+04  4.5461E+04  5.5778E+04  5.6605E+04  4.9653E+04  3.7511E+04  2.5819E+04  1.1985E+04  5.7771E+03  2.5704E+03  6.5574E+02
  1.8894E+05  1.6495E+05  1.2726E+05  8.4077E+04  4.7701E+04  3.7593E+04  4.8376E+04  5.5284E+04  5.3437E+04  4.5444E+04  3.3774E+04  2.3030E+04  1.1047E+04  5.1890E+03  2.2597E+03  5.6197E+02
  1.4785E+05  1.2790E+05  9.7045E+04  6.3264E+04  3.9860E+04  4.0569E+04  5.0449E+04  5.4240E+04  5.0189E+04  4.1490E+04  3.0552E+04  2.0179E+04  1.0178E+04  4.6035E+03  1.9615E+03  4.7906E+02
  1.1259E+05  9.6470E+04  7.2312E+04  4.8315E+04  3.7716E+04  4.3927E+04  5.1617E+04  5.2682E+04  4.6913E+04  3.7768E+04  2.7425E+04  1.7516E+04  9.3070E+03  4.0471E+03  1.6812E+03  4.1205E+02
  8.3500E+04  7.1145E+04  5.3827E+04  4.0108E+04  3.9354E+04  4.6771E+04  5.1887E+04  5.0650E+04  4.3647E+04  3.4258E+04  2.4392E+04  1.5220E+04  8.4018E+03  3.5365E+03  1.4442E+03  3.5729E+02
  6.1144E+04  5.2665E+04  4.2525E+04  3.8151E+04  4.2364E+04  4.8697E+04  5.1310E+04  4.8192E+04  4.0408E+04  3.0965E+04  2.1599E+04  1.3351E+04  7.4416E+03  3.1070E+03  1.2413E+03  3.0992E+02
  4.6359E+04  4.1883E+04  3.8410E+04  3.9919E+04  4.5176E+04  4.9573E+04  4.9960E+04  4.5377E+04  3.7208E+04  2.7895E+04  1.9107E+04  1.1776E+04  6.4784E+03  2.7388E+03  1.0687E+03  2.7240E+02
  3.9521E+04  3.8417E+04  3.9191E+04  4.2731E+04  4.7080E+04  4.9419E+04  4.7931E+04  4.2286E+04  3.4053E+04  2.5043E+04  1.6872E+04  1.0341E+04  5.5676E+03  2.4186E+03  9.2908E+02  2.3760E+02
  3.8827E+04  3.9501E+04  4.1727E+04  4.5061E+04  4.7855E+04  4.8330E+04  4.5333E+04  3.9008E+04  3.0956E+04  2.2398E+04  1.4839E+04  9.0005E+03  4.7490E+03  2.1437E+03  8.0100E+02  2.0755E+02
  4.0842E+04  4.1935E+04  4.4025E+04  4.6313E+04  4.7521E+04  4.6432E+04  4.2293E+04  3.5639E+04  2.7938E+04  1.9950E+04  1.2992E+04  7.7630E+03  4.0704E+03  1.8762E+03  6.9026E+02  1.8204E+02
  4.3014E+04  4.3891E+04  4.5275E+04  4.6371E+04  4.6199E+04  4.3859E+04  3.8947E+04  3.2266E+04  2.5026E+04  1.7686E+04  1.1335E+04  6.6734E+03  3.5046E+03  1.6250E+03  5.9470E+02  1.5810E+02
  4.4236E+04  4.4709E+04  4.5301E+04  4.5333E+04  4.4044E+04  4.0762E+04  3.5433E+04  2.8967E+04  2.2251E+04  1.5596E+04  9.8553E+03  5.7364E+03  3.0174E+03  1.3919E+03  5.0629E+02  1.3778E+02
  4.4236E+04  4.4310E+04  4.4206E+04  4.3377E+04  4.1222E+04  3.7305E+04  3.1885E+04  2.5798E+04  1.9638E+04  1.3673E+04  8.5339E+03  4.9190E+03  2.5877E+03  1.1725E+03  4.3266E+02  1.1998E+02
  4.3099E+04  4.2840E+04  4.2183E+04  4.0688E+04  3.7906E+04  3.3665E+04  2.8418E+04  2.2805E+04  1.7207E+04  1.1911E+04  7.3590E+03  4.1936E+03  2.1919E+03  9.8318E+02  3.6882E+02  1.0299E+02
  4.1028E+04  4.0512E+04  3.9433E+04  3.7450E+04  3.4285E+04  3.0013E+04  2.5118E+04  2.0015E+04  1.4969E+04  1.0305E+04  6.3151E+03  3.5575E+03  1.8416E+03  8.2292E+02  3.1228E+02  8.8507E+01
  3.8241E+04  3.7533E+04  3.6150E+04  3.3856E+04  3.0559E+04  2.6491E+04  2.2039E+04  1.7442E+04  1.2930E+04  8.8511E+03  5.3923E+03  3.0013E+03  1.5409E+03  6.9182E+02  2.6364E+02  7.5821E+01
  3.4936E+04  3.4098E+04  3.2530E+04  3.0114E+04  2.6916E+04  2.3198E+04  1.9208E+04  1.5092E+04  1.1089E+04  7.5461E+03  4.5785E+03  2.5238E+03  1.2883E+03  5.8250E+02  2.2312E+02  6.3180E+01
  3.1309E+04  3.0409E+04  2.8785E+04  2.6435E+04  2.3498E+04  2.0184E+04  1.6630E+04  1.2963E+04  9.4407E+03  6.3847E+03  3.8640E+03  2.1136E+03  1.0764E+03  4.8917E+02  1.8588E+02  5.3506E+01
  2.7575E+04  2.6685E+04  2.5134E+04  2.2985E+04  2.0383E+04  1.7458E+04  1.4298E+04  1.1049E+04  7.9773E+03  5.3607E+03  3.2400E+03  1.7598E+03  8.9600E+02  4.0869E+02  1.5385E+02  4.4366E+01
  2.3955E+04  2.3139E+04  2.1748E+04  1.9863E+04  1.7589E+04  1.5005E+04  1.2199E+04  9.3422E+03  6.6887E+03  4.4667E+03  2.6984E+03  1.4584E+03  7.3793E+02  3.3580E+02  1.2867E+02  3.5743E+01
  2.0632E+04  1.9920E+04  1.8718E+04  1.7087E+04  1.5094E+04  1.2804E+04  1.0321E+04  7.8323E+03  5.5641E+03  3.6942E+03  2.2317E+03  1.2016E+03  6.0664E+02  2.7406E+02  1.0387E+02  2.9924E+01
  1.7691E+04  1.7083E+04  1.6049E+04  1.4627E+04  1.2865E+04  1.0833E+04  8.6536E+03  6.5095E+03  4.5922E+03  3.0332E+03  1.8327E+03  9.8503E+02  4.9406E+02  2.2325E+02  8.5378E+01  2.3827E+01
  1.5125E+04  1.4599E+04  1.3696E+04  1.2438E+04  1.0872E+04  9.0781E+03  7.1869E+03  5.3631E+03  3.7608E+03  2.4731E+03  1.4944E+03  8.0298E+02  4.0282E+02  1.8098E+02  6.9736E+01  1.9177E+01
  1.2872E+04  1.2408E+04  1.1604E+04  1.0484E+04  9.0962E+03  7.5303E+03  5.9115E+03  4.3809E+03  3.0570E+03  2.0028E+03  1.2100E+03  6.5080E+02  3.2679E+02  1.4785E+02  5.6652E+01  1.6192E+01
  1.0870E+04  1.0455E+04  9.7375E+03  8.7428E+03  7.5277E+03  6.1811E+03  4.8166E+03  3.5491E+03  2.4670E+03  1.6112E+03  9.7295E+02  5.2443E+02  2.6329E+02  1.2023E+02  4.5881E+01  1.2747E+01
  9.0821E+03  8.7126E+03  8.0767E+03  7.2059E+03  6.1594E+03  5.0213E+03  3.8889E+03  2.8528E+03  1.9770E+03  1.2878E+03  7.7713E+02  4.2021E+02  2.1146E+02  9.6325E+01  3.7420E+01  1.0568E+01
  7.4929E+03  7.1687E+03  6.6155E+03  5.8678E+03  4.9837E+03  4.0387E+03  3.1130E+03  2.2760E+03  1.5737E+03  1.0228E+03  6.1678E+02  3.3480E+02  1.6859E+02  7.7611E+01  2.9787E+01  8.7364E+00
  6.0993E+03  5.8210E+03  5.3501E+03  4.7217E+03  3.9895E+03  3.2182E+03  2.4720E+03  1.8031E+03  1.2446E+03  8.0739E+02  4.8648E+02  2.6529E+02  1.3402E+02  6.0669E+01  2.4016E+01  7.1094E+00
  4.8991E+03  4.6658E+03  4.2742E+03  3.7572E+03  3.1622E+03  2.5425E+03  1.9484E+03  1.4190E+03  9.7810E+02  6.3353E+02  3.8152E+02  2.0911E+02  1.0613E+02  4.8595E+01  1.8650E+01  5.3225E+00
  3.8857E+03  3.6947E+03  3.3761E+03  2.9593E+03  2.4840E+03  1.9932E+03  1.5253E+03  1.1096E+03  7.6395E+02  4.9415E+02  2.9753E+02  1.6399E+02  8.3536E+01  3.8117E+01  1.5129E+01  4.6030E+00
  3.0468E+03  2.8936E+03  2.6397E+03  2.3096E+03  1.9357E+03  1.5515E+03  1.1863E+03  8.6236E+02  5.9313E+02  3.8330E+02  2.3089E+02  1.2796E+02  6.5459E+01  3.0136E+01  1.1496E+01  3.2650E+00
  2.3648E+03  2.2443E+03  2.0455E+03  1.7882E+03  1.4977E+03  1.1999E+03  9.1703E+02  6.6615E+02  4.5776E+02  2.9565E+02  1.7832E+02  9.9433E+01  5.1103E+01  2.3811E+01  9.3337E+00  2.5637E+00
  1.8196E+03  1.7264E+03  1.5730E+03  1.3748E+03  1.1514E+03  9.2232E+02  7.0466E+02  5.1154E+02  3.5128E+02  2.2687E+02  1.3706E+02  7.6787E+01  3.9616E+01  1.8298E+01  7.2378E+00  1.9518E+00
  1.3901E+03  1.3188E+03  1.2017E+03  1.0506E+03  8.8002E+02  7.0488E+02  5.3832E+02  3.9054E+02  2.6810E+02  1.7333E+02  1.0509E+02  5.9306E+01  3.0820E+01  1.4375E+01  5.6026E+00  1.5599E+00
  1.0557E+03  1.0016E+03  9.1300E+02  7.9843E+02  6.6888E+02  5.3563E+02  4.0881E+02  2.9637E+02  2.0337E+02  1.3152E+02  7.9822E+01  4.5183E+01  2.3535E+01  1.0920E+01  4.4834E+00  1.1467E+00
  7.9786E+02  7.5707E+02  6.9022E+02  6.0369E+02  5.0567E+02  4.0478E+02  3.0884E+02  2.2397E+02  1.5402E+02  1.0013E+02  6.1349E+01  3.5136E+01  1.8416E+01  8.5812E+00  3.2493E+00  1.0639E+00
  6.0043E+02  5.6968E+02  5.1935E+02  4.5413E+02  3.8018E+02  3.0400E+02  2.3156E+02  1.6753E+02  1.1485E+02  7.4387E+01  4.5406E+01  2.5904E+01  1.3540E+01  6.3951E+00  2.6313E+00  7.4419E-01
  4.4996E+02  4.2678E+02  3.8892E+02  3.3990E+02  2.8445E+02  2.2761E+02  1.7393E+02  1.2681E+02  8.8147E+01  5.8259E+01  3.6320E+01  2.0980E+01  1.1033E+01  5.1507E+00  1.9779E+00  7.2898E-01
  3.3567E+02  3.1821E+02  2.8972E+02  2.5279E+02  2.1089E+02  1.6778E+02  1.2700E+02  9.1303E+01  6.2322E+01  4.0327E+01  2.4615E+01  1.4045E+01  7.4413E+00  3.5822E+00  1.4901E+00  4.0613E-01
  2.4948E+02  2.3631E+02  2.1508E+02  1.8803E+02  1.5798E+02  1.2768E+02  9.9224E+01  7.3925E+01  5.2448E+01  3.5025E+01  2.1770E+01  1.2509E+01  6.5534E+00  3.0486E+00  1.1881E+00  4.2187E-01
  1.8259E+02  1.7286E+02  1.5725E+02  1.3734E+02  1.1506E+02  9.2318E+01  7.0774E+01  5.1696E+01  3.5907E+01  2.3662E+01  1.4780E+01  8.7179E+00  4.7648E+00  2.3313E+00  9.1362E-01  2.2771E-01
