# CREATED BY GENE DIAGNOSTICS TOOL on Sat May 17 18:21:32 2025 /home/unix/ottink/gene/diagnostics
# diag: vsp1, run(s): vim010vep001, time window: 264.18-264.18482(1 steps), species: e
# original data path: /Differ/Data/IMT/lottink/RFP_nTEM/vres_scan/v1/
# normalization: L_ref=1.5m
#
# vpar
 -3.0000E+00
 -2.9048E+00
 -2.8095E+00
 -2.7143E+00
 -2.6190E+00
 -2.5238E+00
 -2.4286E+00
 -2.3333E+00
 -2.2381E+00
 -2.1429E+00
 -2.0476E+00
 -1.9524E+00
 -1.8571E+00
 -1.7619E+00
 -1.6667E+00
 -1.5714E+00
 -1.4762E+00
 -1.3810E+00
 -1.2857E+00
 -1.1905E+00
 -1.0952E+00
 -1.0000E+00
 -9.0476E-01
 -8.0952E-01
 -7.1429E-01
 -6.1905E-01
 -5.2381E-01
 -4.2857E-01
 -3.3333E-01
 -2.3810E-01
 -1.4286E-01
 -4.7619E-02
  4.7619E-02
  1.4286E-01
  2.3810E-01
  3.3333E-01
  4.2857E-01
  5.2381E-01
  6.1905E-01
  7.1429E-01
  8.0952E-01
  9.0476E-01
  1.0000E+00
  1.0952E+00
  1.1905E+00
  1.2857E+00
  1.3810E+00
  1.4762E+00
  1.5714E+00
  1.6667E+00
  1.7619E+00
  1.8571E+00
  1.9524E+00
  2.0476E+00
  2.1429E+00
  2.2381E+00
  2.3333E+00
  2.4286E+00
  2.5238E+00
  2.6190E+00
  2.7143E+00
  2.8095E+00
  2.9048E+00
  3.0000E+00


# mu
  1.8108E-02
  9.5589E-02
  2.3573E-01
  4.3989E-01
  7.1007E-01
  1.0491E+00
  1.4607E+00
  1.9499E+00
  2.5234E+00
  3.1901E+00
  3.9625E+00
  4.8582E+00
  5.9041E+00
  7.1447E+00
  8.6646E+00
  1.0681E+01


# trapped boundary
#  mu         vpar      
  1.8108E-02 -7.6321E-02
  1.8108E-02  8.8062E-02
  9.5589E-02 -1.8200E-01
  9.5589E-02  1.9374E-01
  2.3573E-01 -2.8767E-01
  2.3573E-01  2.9941E-01
  4.3989E-01 -4.0509E-01
  4.3989E-01  4.1683E-01
  7.1007E-01 -5.1076E-01
  7.1007E-01  5.2250E-01
  1.0491E+00 -6.1644E-01
  1.0491E+00  6.2818E-01
  1.4607E+00 -7.3386E-01
  1.4607E+00  7.4560E-01
  1.9499E+00 -8.5127E-01
  1.9499E+00  8.6301E-01
  2.5234E+00 -9.6869E-01
  2.5234E+00  9.8043E-01
  3.1901E+00 -1.0861E+00
  3.1901E+00  1.0978E+00
  3.9625E+00 -1.2153E+00
  3.9625E+00  1.2270E+00
  4.8582E+00 -1.3444E+00
  4.8582E+00  1.3562E+00
  5.9041E+00 -1.4736E+00
  5.9041E+00  1.4853E+00
  7.1447E+00 -1.6262E+00
  7.1447E+00  1.6380E+00
  8.6646E+00 -1.7906E+00
  8.6646E+00  1.8023E+00
  1.0681E+01 -1.9902E+00
  1.0681E+01  2.0020E+00


# , time = 264.18482, var = <|f|^2>^(1/2) , z = 0
  2.0483E-03  1.9819E-03  1.8667E-03  1.7099E-03  1.5208E-03  1.3109E-03  1.0923E-03  8.7689E-04  6.7564E-04  4.9726E-04  3.4750E-04  2.2888E-04  1.4049E-04  8.0807E-05  4.1032E-05  1.3902E-05
  3.5970E-03  3.4622E-03  3.2307E-03  2.9204E-03  2.5544E-03  2.1585E-03  1.7586E-03  1.3782E-03  1.0354E-03  7.4283E-04  5.0609E-04  3.2499E-04  1.9532E-04  1.0570E-04  5.7038E-05  3.7263E-05
  6.2115E-03  5.9812E-03  5.5862E-03  5.0574E-03  4.4343E-03  3.7606E-03  3.0797E-03  2.4298E-03  1.8413E-03  1.3347E-03  9.1999E-04  5.9868E-04  3.6214E-04  2.0946E-04  1.0182E-04  4.7592E-05
  1.0532E-02  1.0142E-02  9.4721E-03  8.5746E-03  7.5164E-03  6.3714E-03  5.2131E-03  4.1071E-03  3.1058E-03  2.2446E-03  1.5416E-03  9.9757E-04  6.0761E-04  3.2687E-04  1.8072E-04  9.6060E-05
  1.7539E-02  1.6888E-02  1.5773E-02  1.4279E-02  1.2517E-02  1.0611E-02  8.6834E-03  6.8430E-03  5.1770E-03  3.7443E-03  2.5742E-03  1.6726E-03  1.0013E-03  5.8673E-04  2.8133E-04  1.8203E-04
  2.8680E-02  2.7617E-02  2.5793E-02  2.3350E-02  2.0469E-02  1.7353E-02  1.4200E-02  1.1190E-02  8.4650E-03  6.1211E-03  4.2081E-03  2.7203E-03  1.6771E-03  8.9358E-04  4.8842E-04  2.3021E-04
  4.6057E-02  4.4350E-02  4.1422E-02  3.7499E-02  3.2873E-02  2.7868E-02  2.2805E-02  1.7972E-02  1.3596E-02  9.8319E-03  6.7555E-03  4.4031E-03  2.6065E-03  1.5212E-03  8.0804E-04  2.8455E-04
  7.2634E-02  6.9942E-02  6.5325E-02  5.9138E-02  5.1843E-02  4.3951E-02  3.5967E-02  2.8344E-02  2.1443E-02  1.5506E-02  1.0668E-02  6.8657E-03  4.2777E-03  2.3142E-03  1.2401E-03  4.9640E-04
  1.1249E-01  1.0832E-01  1.0117E-01  9.1590E-02  8.0293E-02  6.8070E-02  5.5706E-02  4.3901E-02  3.3212E-02  2.4020E-02  1.6486E-02  1.0817E-02  6.3611E-03  3.7205E-03  1.7004E-03  9.3184E-04
  1.7109E-01  1.6475E-01  1.5387E-01  1.3930E-01  1.2212E-01  1.0353E-01  8.4729E-02  6.6774E-02  5.0517E-02  3.6527E-02  2.5180E-02  1.6111E-02  1.0059E-02  5.6042E-03  2.8740E-03  1.5900E-03
  2.5553E-01  2.4606E-01  2.2982E-01  2.0806E-01  1.8240E-01  1.5464E-01  1.2656E-01  9.9741E-02  7.5458E-02  5.4594E-02  3.7380E-02  2.4651E-02  1.4802E-02  7.8953E-03  5.7032E-03  2.6993E-03
  3.7481E-01  3.6092E-01  3.3710E-01  3.0519E-01  2.6756E-01  2.2684E-01  1.8564E-01  1.4631E-01  1.1070E-01  8.0002E-02  5.5315E-02  3.5498E-02  2.1647E-02  1.2590E-02  9.4679E-03  4.3749E-03
  5.3989E-01  5.1989E-01  4.8558E-01  4.3962E-01  3.8541E-01  3.2676E-01  2.6743E-01  2.1077E-01  1.5945E-01  1.1546E-01  7.8951E-02  5.2003E-02  3.0494E-02  2.2468E-02  1.4442E-02  6.7706E-03
  7.6372E-01  7.3543E-01  6.8690E-01  6.2189E-01  5.4522E-01  4.6226E-01  3.7833E-01  2.9819E-01  2.2565E-01  1.6294E-01  1.1304E-01  7.2555E-02  4.6986E-02  3.6075E-02  2.1382E-02  1.2567E-02
  1.0610E+00  1.0217E+00  9.5426E-01  8.6395E-01  7.5745E-01  6.4221E-01  5.2563E-01  4.1428E-01  3.1336E-01  2.2733E-01  1.5607E-01  1.0034E-01  7.7621E-02  5.3484E-02  3.1218E-02  2.3899E-02
  1.4474E+00  1.3939E+00  1.3019E+00  1.1787E+00  1.0334E+00  8.7623E-01  7.1717E-01  5.6532E-01  4.2801E-01  3.0953E-01  2.1132E-01  1.5043E-01  1.1905E-01  7.6021E-02  5.8537E-02  3.8309E-02
  1.9393E+00  1.8675E+00  1.7444E+00  1.5793E+00  1.3847E+00  1.1741E+00  9.6102E-01  7.5745E-01  5.7327E-01  4.1492E-01  2.8824E-01  2.3514E-01  1.6946E-01  1.2200E-01  1.1688E-01  5.6629E-02
  2.5518E+00  2.4573E+00  2.2953E+00  2.0782E+00  1.8221E+00  1.5450E+00  1.2646E+00  9.9727E-01  7.5571E-01  5.4430E-01  4.2439E-01  3.4043E-01  2.4544E-01  2.5426E-01  1.9767E-01  8.2969E-02
  3.2976E+00  3.1755E+00  2.9662E+00  2.6857E+00  2.3548E+00  1.9968E+00  1.6348E+00  1.2892E+00  9.7394E-01  7.3553E-01  6.1582E-01  4.6150E-01  4.7240E-01  4.7654E-01  3.0295E-01  1.1862E-01
  4.1850E+00  4.0302E+00  3.7646E+00  3.4087E+00  2.9889E+00  2.5347E+00  2.0752E+00  1.6365E+00  1.2486E+00  1.0269E+00  8.1153E-01  7.8206E-01  9.3093E-01  7.5216E-01  4.4726E-01  1.6647E-01
  5.2164E+00  5.0235E+00  4.6926E+00  4.2491E+00  3.7260E+00  3.1601E+00  2.5885E+00  2.0419E+00  1.6401E+00  1.3468E+00  1.2041E+00  1.5456E+00  1.5065E+00  1.1004E+00  6.3132E-01  2.3151E-01
  6.3861E+00  6.1500E+00  5.7450E+00  5.2023E+00  4.5623E+00  3.8704E+00  3.1696E+00  2.5510E+00  2.1191E+00  1.7970E+00  2.2705E+00  2.5467E+00  2.1615E+00  1.5418E+00  8.5406E-01  3.1551E-01
  7.6788E+00  7.3951E+00  6.9084E+00  6.2562E+00  5.4873E+00  4.6563E+00  3.8355E+00  3.1902E+00  2.6559E+00  3.0555E+00  3.7634E+00  3.5873E+00  2.9698E+00  2.0469E+00  1.1219E+00  4.1936E-01
  9.0695E+00  8.7346E+00  8.1601E+00  7.3907E+00  6.4849E+00  5.5125E+00  4.6241E+00  3.8590E+00  3.9041E+00  4.9905E+00  5.2054E+00  4.8058E+00  3.8748E+00  2.6170E+00  1.4287E+00  5.4257E-01
  1.0522E+01  1.0134E+01  9.4691E+00  8.5792E+00  7.5352E+00  6.4571E+00  5.4610E+00  5.0210E+00  6.1244E+00  6.7808E+00  6.7892E+00  6.1637E+00  4.8197E+00  3.2500E+00  1.7655E+00  6.8170E-01
  1.1994E+01  1.1553E+01  1.0799E+01  9.7921E+00  8.6311E+00  7.4452E+00  6.5502E+00  7.2171E+00  8.1582E+00  8.6071E+00  8.5589E+00  7.4749E+00  5.8365E+00  3.9045E+00  2.1215E+00  8.3207E-01
  1.3440E+01  1.2949E+01  1.2112E+01  1.1006E+01  9.7421E+00  8.5234E+00  8.4564E+00  9.2708E+00  1.0014E+01  1.0649E+01  1.0139E+01  8.8275E+00  6.8386E+00  4.5619E+00  2.4783E+00  9.8619E-01
  1.4825E+01  1.4286E+01  1.3381E+01  1.2197E+01  1.0839E+01  1.0033E+01  1.0235E+01  1.0938E+01  1.2093E+01  1.2328E+01  1.1681E+01  1.0109E+01  7.7787E+00  5.1815E+00  2.8202E+00  1.1356E+00
  1.6122E+01  1.5544E+01  1.4595E+01  1.3309E+01  1.2005E+01  1.1354E+01  1.1547E+01  1.2769E+01  1.3663E+01  1.3838E+01  1.3078E+01  1.1203E+01  8.6145E+00  5.7319E+00  3.1249E+00  1.2709E+00
  1.7412E+01  1.6784E+01  1.5715E+01  1.4235E+01  1.2871E+01  1.2213E+01  1.2884E+01  1.3994E+01  1.4877E+01  1.5123E+01  1.4122E+01  1.2122E+01  9.2782E+00  6.1858E+00  3.3737E+00  1.3824E+00
  1.9050E+01  1.8065E+01  1.6501E+01  1.4724E+01  1.3289E+01  1.2941E+01  1.3554E+01  1.4749E+01  1.5874E+01  1.5891E+01  1.4968E+01  1.2722E+01  9.7707E+00  6.4984E+00  3.5521E+00  1.4624E+00
  1.8584E+01  1.7978E+01  1.6331E+01  1.4625E+01  1.3385E+01  1.2996E+01  1.3865E+01  1.5352E+01  1.6134E+01  1.6475E+01  1.5281E+01  1.3070E+01  1.0006E+01  6.6674E+00  3.6430E+00  1.5039E+00
  1.6512E+01  1.5778E+01  1.5089E+01  1.3929E+01  1.2941E+01  1.2679E+01  1.3636E+01  1.5191E+01  1.6031E+01  1.6419E+01  1.5252E+01  1.3059E+01  1.0002E+01  6.6670E+00  3.6432E+00  1.5040E+00
  1.5453E+01  1.5126E+01  1.4436E+01  1.3412E+01  1.2425E+01  1.2389E+01  1.3225E+01  1.4581E+01  1.5798E+01  1.5844E+01  1.4932E+01  1.2707E+01  9.7664E+00  6.4984E+00  3.5528E+00  1.4627E+00
  1.5833E+01  1.5218E+01  1.4162E+01  1.2953E+01  1.1946E+01  1.1585E+01  1.2510E+01  1.3789E+01  1.4776E+01  1.5092E+01  1.4122E+01  1.2122E+01  9.2807E+00  6.1881E+00  3.3751E+00  1.3831E+00
  1.5314E+01  1.4726E+01  1.3696E+01  1.2363E+01  1.1215E+01  1.0794E+01  1.1205E+01  1.2587E+01  1.3568E+01  1.3789E+01  1.3063E+01  1.1209E+01  8.6208E+00  5.7362E+00  3.1271E+00  1.2717E+00
  1.4366E+01  1.3827E+01  1.2898E+01  1.1651E+01  1.0279E+01  9.6037E+00  9.9656E+00  1.0793E+01  1.2033E+01  1.2311E+01  1.1675E+01  1.0109E+01  7.7844E+00  5.1859E+00  2.8226E+00  1.1365E+00
  1.3199E+01  1.2706E+01  1.1861E+01  1.0732E+01  9.4305E+00  8.2233E+00  8.2638E+00  9.1755E+00  9.9757E+00  1.0642E+01  1.0150E+01  8.8373E+00  6.8440E+00  4.5658E+00  2.4806E+00  9.8703E-01
  1.1896E+01  1.1452E+01  1.0691E+01  9.6746E+00  8.4912E+00  7.2825E+00  6.4171E+00  7.1622E+00  8.1458E+00  8.6108E+00  8.5657E+00  7.4867E+00  5.8444E+00  3.9084E+00  2.1235E+00  8.3280E-01
  1.0522E+01  1.0129E+01  9.4562E+00  8.5561E+00  7.4988E+00  6.3981E+00  5.3849E+00  4.9718E+00  6.1160E+00  6.7893E+00  6.7994E+00  6.1685E+00  4.8257E+00  3.2536E+00  1.7672E+00  6.8230E-01
  9.1335E+00  8.7932E+00  8.2096E+00  7.4282E+00  6.5081E+00  5.5198E+00  4.6124E+00  3.8328E+00  3.8932E+00  4.9925E+00  5.2111E+00  4.8114E+00  3.8769E+00  2.6194E+00  1.4300E+00  5.4300E-01
  7.7828E+00  7.4932E+00  6.9963E+00  6.3309E+00  5.5470E+00  4.6996E+00  3.8604E+00  3.1970E+00  2.6445E+00  3.0471E+00  3.7613E+00  3.5894E+00  2.9721E+00  2.0478E+00  1.1226E+00  4.1962E-01
  6.5109E+00  6.2688E+00  5.8535E+00  5.2971E+00  4.6414E+00  3.9325E+00  3.2152E+00  2.5785E+00  2.1354E+00  1.7997E+00  2.2702E+00  2.5456E+00  2.1626E+00  1.5423E+00  8.5424E-01  3.1561E-01
  5.3480E+00  5.1492E+00  4.8082E+00  4.3515E+00  3.8130E+00  3.2309E+00  2.6421E+00  2.0802E+00  1.6636E+00  1.3653E+00  1.2120E+00  1.5475E+00  1.5058E+00  1.1005E+00  6.3120E-01  2.3149E-01
  4.3132E+00  4.1529E+00  3.8780E+00  3.5098E+00  3.0756E+00  2.6061E+00  2.1319E+00  1.6782E+00  1.2763E+00  1.0420E+00  8.2246E-01  7.8541E-01  9.3082E-01  7.5141E-01  4.4705E-01  1.6638E-01
  3.4157E+00  3.2888E+00  3.0712E+00  2.7796E+00  2.4359E+00  2.0641E+00  1.6881E+00  1.3301E+00  1.0034E+00  7.5154E-01  6.2049E-01  4.6330E-01  4.7214E-01  4.7568E-01  3.0255E-01  1.1850E-01
  2.6561E+00  2.5575E+00  2.3883E+00  2.1616E+00  1.8944E+00  1.6053E+00  1.3130E+00  1.0341E+00  7.8190E-01  5.6291E-01  4.3349E-01  3.4248E-01  2.4515E-01  2.5372E-01  1.9715E-01  8.2849E-02
  2.0282E+00  1.9529E+00  1.8237E+00  1.6506E+00  1.4466E+00  1.2259E+00  1.0027E+00  7.8977E-01  5.9752E-01  4.3082E-01  2.9969E-01  2.4130E-01  1.7105E-01  1.2176E-01  1.1654E-01  5.6527E-02
  1.5207E+00  1.4643E+00  1.3674E+00  1.2377E+00  1.0848E+00  9.1930E-01  7.5197E-01  5.9222E-01  4.4766E-01  3.2473E-01  2.2081E-01  1.5618E-01  1.2189E-01  7.6401E-02  5.8371E-02  3.8209E-02
  1.1197E+00  1.0782E+00  1.0069E+00  9.1136E-01  7.9875E-01  6.7693E-01  5.5373E-01  4.3614E-01  3.2973E-01  2.3781E-01  1.6422E-01  1.0489E-01  7.9539E-02  5.4306E-02  3.1138E-02  2.3850E-02
  8.0960E-01  7.7955E-01  7.2801E-01  6.5896E-01  5.7755E-01  4.8948E-01  4.0040E-01  3.1538E-01  2.3842E-01  1.7267E-01  1.1804E-01  7.6156E-02  4.8685E-02  3.6827E-02  2.1549E-02  1.2582E-02
  5.7483E-01  5.5350E-01  5.1690E-01  4.6788E-01  4.1008E-01  3.4755E-01  2.8432E-01  2.2395E-01  1.6932E-01  1.2216E-01  8.4623E-02  5.4508E-02  3.2127E-02  2.3056E-02  1.4731E-02  6.7707E-03
  4.0079E-01  3.8591E-01  3.6040E-01  3.2623E-01  2.8593E-01  2.4234E-01  1.9825E-01  1.5616E-01  1.1807E-01  8.5401E-02  5.8273E-02  3.8449E-02  2.2994E-02  1.3214E-02  9.6330E-03  4.4156E-03
  2.7441E-01  2.6423E-01  2.4676E-01  2.2336E-01  1.9578E-01  1.6593E-01  1.3574E-01  1.0693E-01  8.0846E-02  5.8392E-02  4.0321E-02  2.5703E-02  1.5959E-02  8.4547E-03  5.8034E-03  2.7701E-03
  1.8450E-01  1.7766E-01  1.6591E-01  1.5018E-01  1.3163E-01  1.1157E-01  9.1273E-02  7.1899E-02  5.4363E-02  3.9297E-02  2.6898E-02  1.7719E-02  1.0451E-02  5.9313E-03  3.0427E-03  1.6129E-03
  1.2182E-01  1.1730E-01  1.0955E-01  9.9161E-02  8.6915E-02  7.3666E-02  6.0266E-02  4.7475E-02  3.5896E-02  2.5938E-02  1.7853E-02  1.1425E-02  7.1247E-03  3.9384E-03  1.8129E-03  9.4964E-04
  7.8984E-02  7.6054E-02  7.1028E-02  6.4294E-02  5.6354E-02  4.7765E-02  3.9077E-02  3.0783E-02  2.3276E-02  1.6822E-02  1.1541E-02  7.5484E-03  4.4300E-03  2.5673E-03  1.3298E-03  5.3504E-04
  5.0290E-02  4.8425E-02  4.5225E-02  4.0937E-02  3.5882E-02  3.0413E-02  2.4881E-02  1.9601E-02  1.4821E-02  1.0711E-02  7.3615E-03  4.7411E-03  2.9447E-03  1.5641E-03  8.5736E-04  3.0475E-04
  3.1444E-02  3.0278E-02  2.8277E-02  2.5597E-02  2.2436E-02  1.9016E-02  1.5558E-02  1.2256E-02  9.2671E-03  6.6974E-03  4.5986E-03  2.9891E-03  1.7731E-03  1.0371E-03  5.0942E-04  2.5573E-04
  1.9307E-02  1.8591E-02  1.7363E-02  1.5717E-02  1.3776E-02  1.1677E-02  9.5530E-03  7.5260E-03  5.6913E-03  4.1141E-03  2.8271E-03  1.8286E-03  1.1219E-03  5.9877E-04  3.2416E-04  1.6923E-04
  1.1642E-02  1.1210E-02  1.0469E-02  9.4766E-03  8.3063E-03  7.0399E-03  5.7589E-03  4.5358E-03  3.4285E-03  2.4766E-03  1.6997E-03  1.1008E-03  6.5876E-04  3.8134E-04  1.8179E-04  9.9414E-05
  6.8933E-03  6.6377E-03  6.1992E-03  5.6121E-03  4.9202E-03  4.1722E-03  3.4161E-03  2.6946E-03  2.0413E-03  1.4789E-03  1.0188E-03  6.6183E-04  4.0379E-04  2.1987E-04  1.2035E-04  6.7850E-05
  4.0079E-03  3.8576E-03  3.5996E-03  3.2537E-03  2.8456E-03  2.4043E-03  1.9586E-03  1.5345E-03  1.1525E-03  8.2637E-04  5.6262E-04  3.6112E-04  2.1553E-04  1.2147E-04  5.8647E-05  2.2221E-05
  2.2914E-03  2.2172E-03  2.0886E-03  1.9132E-03  1.7017E-03  1.4668E-03  1.2220E-03  9.8083E-04  7.5547E-04  5.5575E-04  3.8816E-04  2.5540E-04  1.5702E-04  8.7795E-05  4.7228E-05  3.7535E-05
