# CREATED BY GENE DIAGNOSTICS TOOL on Sat May 17 18:13:45 2025 /home/unix/ottink/gene/diagnostics
# diag: vsp1, run(s): vip010vem020, time window: 115.99-115.99416(1 steps), species: e
# original data path: /Differ/Data/IMT/lottink/Tokamak_nTEM/vres_scan/v2/
# normalization: L_ref=1.65m
#
# vpar
 -3.0000E+00
 -2.9528E+00
 -2.9055E+00
 -2.8583E+00
 -2.8110E+00
 -2.7638E+00
 -2.7165E+00
 -2.6693E+00
 -2.6220E+00
 -2.5748E+00
 -2.5276E+00
 -2.4803E+00
 -2.4331E+00
 -2.3858E+00
 -2.3386E+00
 -2.2913E+00
 -2.2441E+00
 -2.1969E+00
 -2.1496E+00
 -2.1024E+00
 -2.0551E+00
 -2.0079E+00
 -1.9606E+00
 -1.9134E+00
 -1.8661E+00
 -1.8189E+00
 -1.7717E+00
 -1.7244E+00
 -1.6772E+00
 -1.6299E+00
 -1.5827E+00
 -1.5354E+00
 -1.4882E+00
 -1.4409E+00
 -1.3937E+00
 -1.3465E+00
 -1.2992E+00
 -1.2520E+00
 -1.2047E+00
 -1.1575E+00
 -1.1102E+00
 -1.0630E+00
 -1.0157E+00
 -9.6850E-01
 -9.2126E-01
 -8.7402E-01
 -8.2677E-01
 -7.7953E-01
 -7.3228E-01
 -6.8504E-01
 -6.3780E-01
 -5.9055E-01
 -5.4331E-01
 -4.9606E-01
 -4.4882E-01
 -4.0157E-01
 -3.5433E-01
 -3.0709E-01
 -2.5984E-01
 -2.1260E-01
 -1.6535E-01
 -1.1811E-01
 -7.0866E-02
 -2.3622E-02
  2.3622E-02
  7.0866E-02
  1.1811E-01
  1.6535E-01
  2.1260E-01
  2.5984E-01
  3.0709E-01
  3.5433E-01
  4.0157E-01
  4.4882E-01
  4.9606E-01
  5.4331E-01
  5.9055E-01
  6.3780E-01
  6.8504E-01
  7.3228E-01
  7.7953E-01
  8.2677E-01
  8.7402E-01
  9.2126E-01
  9.6850E-01
  1.0157E+00
  1.0630E+00
  1.1102E+00
  1.1575E+00
  1.2047E+00
  1.2520E+00
  1.2992E+00
  1.3465E+00
  1.3937E+00
  1.4409E+00
  1.4882E+00
  1.5354E+00
  1.5827E+00
  1.6299E+00
  1.6772E+00
  1.7244E+00
  1.7717E+00
  1.8189E+00
  1.8661E+00
  1.9134E+00
  1.9606E+00
  2.0079E+00
  2.0551E+00
  2.1024E+00
  2.1496E+00
  2.1969E+00
  2.2441E+00
  2.2913E+00
  2.3386E+00
  2.3858E+00
  2.4331E+00
  2.4803E+00
  2.5276E+00
  2.5748E+00
  2.6220E+00
  2.6693E+00
  2.7165E+00
  2.7638E+00
  2.8110E+00
  2.8583E+00
  2.9055E+00
  2.9528E+00
  3.0000E+00


# mu
  5.5286E-02
  2.9341E-01
  7.3088E-01
  1.3853E+00
  2.2877E+00
  3.4931E+00
  5.1107E+00
  7.4232E+00


# trapped boundary
#  mu         vpar      
  5.5286E-02 -1.3503E-01
  5.5286E-02  1.4677E-01
  2.9341E-01 -3.2290E-01
  2.9341E-01  3.3464E-01
  7.3088E-01 -5.1076E-01
  7.3088E-01  5.2251E-01
  1.3853E+00 -7.1037E-01
  1.3853E+00  7.2211E-01
  2.2877E+00 -9.2172E-01
  2.2877E+00  9.3346E-01
  3.4931E+00 -1.1331E+00
  3.4931E+00  1.1448E+00
  5.1107E+00 -1.3679E+00
  5.1107E+00  1.3796E+00
  7.4232E+00 -1.6614E+00
  7.4232E+00  1.6732E+00


# , time = 115.99416, var = <|f|^2>^(1/2) , z = 0
  6.8781E+01  6.1092E+01  4.8396E+01  3.1671E+01  1.6047E+01  6.3086E+00  1.8914E+00  7.9250E-01
  8.6505E+01  7.0438E+01  4.8176E+01  2.7751E+01  1.2827E+01  4.6487E+00  1.3164E+00  7.7309E-01
  1.1027E+02  9.1120E+01  6.4994E+01  4.0432E+01  2.1193E+01  8.4157E+00  2.4835E+00  3.8037E-01
  1.3981E+02  1.1532E+02  8.1135E+01  4.8014E+01  2.3501E+01  8.8738E+00  2.4404E+00  6.3064E-01
  1.7662E+02  1.4570E+02  1.0275E+02  6.1505E+01  3.0947E+01  1.2424E+01  3.7839E+00  9.7796E-01
  2.2229E+02  1.8333E+02  1.2916E+02  7.6851E+01  3.7683E+01  1.4660E+01  4.1656E+00  1.3920E+00
  2.7872E+02  2.2981E+02  1.6181E+02  9.6330E+01  4.7482E+01  1.8752E+01  5.1466E+00  2.3460E+00
  3.4814E+02  2.8698E+02  2.0192E+02  1.2002E+02  5.8851E+01  2.2821E+01  6.6887E+00  1.8518E+00
  4.3320E+02  3.5698E+02  2.5099E+02  1.4902E+02  7.3068E+01  2.8405E+01  8.7074E+00  2.6509E+00
  5.3692E+02  4.4232E+02  3.1075E+02  1.8426E+02  9.0158E+01  3.4820E+01  9.5466E+00  1.7037E+00
  6.6286E+02  5.4590E+02  3.8323E+02  2.2694E+02  1.1088E+02  4.2810E+01  1.1789E+01  3.2199E+00
  8.1506E+02  6.7104E+02  4.7072E+02  2.7839E+02  1.3576E+02  5.2259E+01  1.5305E+01  2.8123E+00
  9.9813E+02  8.2152E+02  5.7586E+02  3.4012E+02  1.6558E+02  6.3629E+01  1.8558E+01  3.8702E+00
  1.2173E+03  1.0016E+03  7.0162E+02  4.1387E+02  2.0112E+02  7.7104E+01  2.1334E+01  3.9046E+00
  1.4784E+03  1.2161E+03  8.5131E+02  5.0155E+02  2.4331E+02  9.3084E+01  2.5034E+01  4.5354E+00
  1.7879E+03  1.4704E+03  1.0286E+03  6.0531E+02  2.9314E+02  1.1189E+02  3.1143E+01  4.8969E+00
  2.1531E+03  1.7703E+03  1.2377E+03  7.2750E+02  3.5173E+02  1.3398E+02  4.0734E+01  5.5742E+00
  2.5817E+03  2.1222E+03  1.4829E+03  8.7072E+02  4.2029E+02  1.5977E+02  4.1697E+01  5.9392E+00
  3.0823E+03  2.5331E+03  1.7691E+03  1.0377E+03  5.0013E+02  1.8972E+02  5.7089E+01  8.8868E+00
  3.6639E+03  3.0105E+03  2.1015E+03  1.2315E+03  5.9264E+02  2.2440E+02  5.7818E+01  1.0381E+01
  4.3362E+03  3.5623E+03  2.4855E+03  1.4552E+03  6.9931E+02  2.6424E+02  7.7009E+01  1.2634E+01
  5.1093E+03  4.1966E+03  2.9268E+03  1.7121E+03  8.2166E+02  3.0993E+02  8.3015E+01  1.3644E+01
  5.9936E+03  4.9221E+03  3.4314E+03  2.0057E+03  9.6127E+02  3.6207E+02  1.0037E+02  1.4551E+01
  6.9998E+03  5.7475E+03  4.0051E+03  2.3392E+03  1.1197E+03  4.2109E+02  1.1212E+02  1.7560E+01
  8.1384E+03  6.6813E+03  4.6541E+03  2.7162E+03  1.2986E+03  4.8733E+02  1.2907E+02  2.1975E+01
  9.4201E+03  7.7322E+03  5.3841E+03  3.1400E+03  1.4995E+03  5.6253E+02  1.4727E+02  2.5699E+01
  1.0855E+04  8.9083E+03  6.2007E+03  3.6137E+03  1.7236E+03  6.5034E+02  1.8026E+02  3.0104E+01
  1.2451E+04  1.0217E+04  7.1090E+03  4.1401E+03  1.9727E+03  7.3201E+02  2.1320E+02  2.8715E+01
  1.4219E+04  1.1665E+04  8.1135E+03  4.7218E+03  2.2466E+03  8.4532E+02  2.3731E+02  2.5559E+01
  1.6163E+04  1.3258E+04  9.2179E+03  5.3606E+03  2.5494E+03  9.5469E+02  2.4916E+02  1.9966E+01
  1.8290E+04  1.5000E+04  1.0425E+04  6.0580E+03  2.8736E+03  1.0614E+03  2.6888E+02  1.5870E+01
  2.0603E+04  1.6893E+04  1.1735E+04  6.8143E+03  3.2368E+03  1.1930E+03  3.2713E+02  1.4758E+01
  2.3101E+04  1.8937E+04  1.3149E+04  7.6293E+03  3.6033E+03  1.3317E+03  3.9055E+02  2.0117E+01
  2.5783E+04  2.1131E+04  1.4665E+04  8.5015E+03  4.0370E+03  1.5138E+03  4.0208E+02  2.3353E+01
  2.8642E+04  2.3469E+04  1.6279E+04  9.4277E+03  4.4311E+03  1.6659E+03  3.6039E+02  2.6785E+01
  3.1670E+04  2.5943E+04  1.7985E+04  1.0406E+04  4.9314E+03  1.7674E+03  2.8167E+02  3.3017E+01
  3.4853E+04  2.8541E+04  1.9773E+04  1.1424E+04  5.3508E+03  1.8774E+03  2.7065E+02  3.4235E+01
  3.8174E+04  3.1249E+04  2.1634E+04  1.2491E+04  5.8784E+03  2.1635E+03  3.0310E+02  4.1546E+01
  4.1609E+04  3.4048E+04  2.3552E+04  1.3558E+04  6.3077E+03  2.4157E+03  3.8420E+02  4.9168E+01
  4.5132E+04  3.6914E+04  2.5511E+04  1.4699E+04  6.8244E+03  2.2588E+03  4.3686E+02  5.6052E+01
  4.8710E+04  3.9821E+04  2.7490E+04  1.5734E+04  7.2210E+03  1.9096E+03  4.7374E+02  7.0738E+01
  5.2305E+04  4.2735E+04  2.9464E+04  1.6931E+04  7.6360E+03  2.0890E+03  5.5385E+02  7.9274E+01
  5.5875E+04  4.5620E+04  3.1403E+04  1.7846E+04  8.1202E+03  2.6311E+03  6.1645E+02  9.1314E+01
  5.9370E+04  4.8434E+04  3.3281E+04  1.8962E+04  8.4921E+03  2.9560E+03  7.0806E+02  1.0708E+02
  6.2738E+04  5.1130E+04  3.5039E+04  1.9662E+04  7.9049E+03  3.2579E+03  8.4246E+02  1.1353E+02
  6.5916E+04  5.3654E+04  3.6684E+04  2.0405E+04  8.4791E+03  3.6616E+03  9.3575E+02  1.3795E+02
  6.8839E+04  5.5948E+04  3.8042E+04  2.0861E+04  1.1355E+04  4.0275E+03  1.0522E+03  1.4847E+02
  7.1434E+04  5.7943E+04  3.9293E+04  2.0981E+04  1.2718E+04  4.5463E+03  1.2014E+03  1.7185E+02
  7.3623E+04  5.9564E+04  3.9917E+04  1.9891E+04  1.3635E+04  5.1898E+03  1.2792E+03  1.9384E+02
  7.5316E+04  6.0723E+04  4.0431E+04  2.1930E+04  1.5162E+04  5.6725E+03  1.4876E+03  2.0602E+02
  7.6417E+04  6.1312E+04  3.9887E+04  3.1780E+04  1.6369E+04  6.1332E+03  1.6244E+03  2.3434E+02
  7.6819E+04  6.1220E+04  3.8150E+04  3.7673E+04  1.8049E+04  6.9026E+03  1.7693E+03  2.4176E+02
  7.6400E+04  6.0233E+04  3.4710E+04  3.6963E+04  1.9797E+04  7.3855E+03  1.9774E+03  2.6656E+02
  7.5020E+04  5.8309E+04  4.1346E+04  4.0154E+04  2.1142E+04  8.0995E+03  2.0414E+03  2.8430E+02
  7.2520E+04  5.4775E+04  6.3879E+04  4.4842E+04  2.2525E+04  8.8758E+03  2.2286E+03  3.0261E+02
  6.8727E+04  4.8801E+04  7.3473E+04  4.6413E+04  2.4455E+04  9.1476E+03  2.3574E+03  3.2546E+02
  6.3489E+04  4.3037E+04  6.9544E+04  4.9585E+04  2.6234E+04  9.8149E+03  2.4845E+03  3.4467E+02
  5.6897E+04  6.6320E+04  7.6322E+04  5.2337E+04  2.6905E+04  1.0332E+04  2.6211E+03  3.4398E+02
  5.0084E+04  1.0182E+05  8.3510E+04  5.4534E+04  2.8182E+04  1.0744E+04  2.7711E+03  3.7817E+02
  4.9336E+04  1.0352E+05  8.1775E+04  5.6550E+04  2.9521E+04  1.0925E+04  2.6466E+03  3.4108E+02
  8.3958E+04  9.7049E+04  8.7702E+04  5.7688E+04  3.0349E+04  1.1650E+04  2.9559E+03  3.9901E+02
  1.5403E+05  1.1113E+05  9.0155E+04  5.9572E+04  2.9125E+04  1.0683E+04  2.6725E+03  3.6277E+02
  1.3699E+05  1.1317E+05  9.1682E+04  6.1544E+04  3.2251E+04  1.2436E+04  3.2264E+03  4.5084E+02
  1.1159E+05  1.2361E+05  9.9992E+04  6.6815E+04  3.6418E+04  1.4810E+04  4.0784E+03  6.0515E+02
  1.8464E+05  1.3039E+05  1.0099E+05  5.9604E+04  2.7566E+04  9.3278E+03  2.0450E+03  2.2370E+02
  2.5285E+05  1.4738E+05  1.0093E+05  6.2370E+04  3.1131E+04  1.1476E+04  2.8142E+03  3.6382E+02
  2.7525E+05  1.5451E+05  1.0294E+05  6.4765E+04  3.3654E+04  1.2865E+04  3.2693E+03  4.3794E+02
  2.4051E+05  1.5188E+05  1.0474E+05  6.2584E+04  3.0783E+04  1.1352E+04  2.8440E+03  3.8314E+02
  2.0036E+05  1.6075E+05  1.0029E+05  6.3506E+04  3.0197E+04  1.1424E+04  2.9869E+03  4.1859E+02
  1.7633E+05  1.5773E+05  1.0255E+05  5.9416E+04  2.9645E+04  1.0857E+04  2.6711E+03  3.5652E+02
  1.5957E+05  1.5241E+05  9.4620E+04  5.6587E+04  2.8913E+04  1.0423E+04  2.6078E+03  3.6297E+02
  1.4577E+05  1.4007E+05  8.8892E+04  5.4601E+04  2.6546E+04  9.9833E+03  2.5091E+03  3.3262E+02
  1.3375E+05  1.2248E+05  8.8832E+04  5.0485E+04  2.4859E+04  9.5356E+03  2.3712E+03  3.1866E+02
  1.2297E+05  1.0877E+05  8.0576E+04  4.8134E+04  2.3374E+04  8.5455E+03  2.2159E+03  3.0618E+02
  1.1311E+05  9.8487E+04  7.5112E+04  4.2889E+04  2.1093E+04  7.9761E+03  2.0953E+03  2.8578E+02
  1.0397E+05  8.9701E+04  7.1697E+04  3.9134E+04  1.9553E+04  7.3162E+03  1.8420E+03  2.6419E+02
  9.5446E+04  8.1840E+04  6.4389E+04  3.8151E+04  1.7741E+04  6.5053E+03  1.7261E+03  2.4797E+02
  8.7454E+04  7.4638E+04  5.6931E+04  3.2846E+04  1.6012E+04  6.0491E+03  1.5490E+03  2.1546E+02
  7.9949E+04  6.8000E+04  5.1217E+04  2.9675E+04  1.4269E+04  5.3522E+03  1.3761E+03  2.0386E+02
  7.2901E+04  6.1840E+04  4.6004E+04  3.0171E+04  1.2436E+04  4.7073E+03  1.2891E+03  1.7740E+02
  6.6288E+04  5.6113E+04  4.1665E+04  2.7727E+04  1.1628E+04  4.2417E+03  1.0939E+03  1.6206E+02
  6.0095E+04  5.0785E+04  3.7403E+04  2.4218E+04  1.0245E+04  3.7421E+03  9.9010E+02  1.4917E+02
  5.4311E+04  4.5832E+04  3.3709E+04  2.1535E+04  8.3724E+03  3.1988E+03  8.7043E+02  1.2627E+02
  4.8924E+04  4.1239E+04  3.0202E+04  1.9081E+04  9.4454E+03  2.8623E+03  7.4434E+02  1.1906E+02
  4.3925E+04  3.6988E+04  2.7041E+04  1.7153E+04  9.5899E+03  2.5242E+03  6.7496E+02  9.7347E+01
  3.9302E+04  3.3067E+04  2.4119E+04  1.5016E+04  8.1491E+03  2.1185E+03  5.8289E+02  8.7686E+01
  3.5043E+04  2.9462E+04  2.1454E+04  1.3504E+04  7.0794E+03  1.7591E+03  4.8871E+02  7.6523E+01
  3.1136E+04  2.6159E+04  1.9020E+04  1.1769E+04  6.3184E+03  1.6315E+03  4.3924E+02  6.4625E+01
  2.7565E+04  2.3146E+04  1.6806E+04  1.0477E+04  5.5927E+03  2.1637E+03  3.6696E+02  6.0201E+01
  2.4316E+04  2.0407E+04  1.4799E+04  9.1399E+03  4.7384E+03  2.2460E+03  3.1605E+02  5.0391E+01
  2.1372E+04  1.7927E+04  1.2986E+04  8.0335E+03  4.1658E+03  1.8653E+03  2.7537E+02  4.3593E+01
  1.8716E+04  1.5692E+04  1.1355E+04  6.9959E+03  3.5530E+03  1.4871E+03  1.8603E+02  3.8542E+01
  1.6329E+04  1.3685E+04  9.8931E+03  6.0893E+03  3.1616E+03  1.3447E+03  1.8158E+02  2.9930E+01
  1.4195E+04  1.1890E+04  8.5879E+03  5.2743E+03  2.6618E+03  1.2232E+03  2.5808E+02  2.8034E+01
  1.2293E+04  1.0293E+04  7.4276E+03  4.5546E+03  2.3408E+03  1.0325E+03  3.2683E+02  2.3623E+01
  1.0607E+04  8.8777E+03  6.4002E+03  3.9179E+03  1.9720E+03  8.0933E+02  3.0011E+02  1.9070E+01
  9.1182E+03  7.6282E+03  5.4944E+03  3.3580E+03  1.7056E+03  6.7167E+02  2.4784E+02  1.6985E+01
  7.8090E+03  6.5301E+03  4.6991E+03  2.8673E+03  1.4412E+03  5.6179E+02  1.8628E+02  8.4621E+00
  6.6628E+03  5.5690E+03  4.0037E+03  2.4390E+03  1.2278E+03  4.9191E+02  1.5758E+02  8.3343E+00
  5.6636E+03  4.7316E+03  3.3983E+03  2.0668E+03  1.0355E+03  4.1976E+02  1.4961E+02  1.3786E+01
  4.7962E+03  4.0049E+03  2.8735E+03  1.7447E+03  8.7264E+02  3.4271E+02  1.2352E+02  1.9596E+01
  4.0464E+03  3.3770E+03  2.4204E+03  1.4671E+03  7.3152E+02  2.9500E+02  9.0861E+01  1.9196E+01
  3.4010E+03  2.8367E+03  2.0309E+03  1.2288E+03  6.1117E+02  2.3751E+02  6.6267E+01  1.8339E+01
  2.8477E+03  2.3738E+03  1.6975E+03  1.0252E+03  5.0846E+02  1.9923E+02  5.4144E+01  1.3037E+01
  2.3755E+03  1.9788E+03  1.4133E+03  8.5189E+02  4.2135E+02  1.6274E+02  4.4025E+01  1.0332E+01
  1.9740E+03  1.6433E+03  1.1721E+03  7.0508E+02  3.4772E+02  1.3393E+02  3.9801E+01  8.3016E+00
  1.6342E+03  1.3593E+03  9.6823E+02  5.8121E+02  2.8579E+02  1.0924E+02  2.9636E+01  6.7289E+00
  1.3476E+03  1.1201E+03  7.9663E+02  4.7715E+02  2.3390E+02  8.9155E+01  3.0067E+01  6.1757E+00
  1.1071E+03  9.1933E+02  6.5283E+02  3.9012E+02  1.9063E+02  7.2349E+01  2.1438E+01  4.1059E+00
  9.0590E+02  7.5158E+02  5.3282E+02  3.1763E+02  1.5470E+02  5.8462E+01  2.5854E+01  2.9766E+00
  7.3838E+02  6.1199E+02  4.3310E+02  2.5753E+02  1.2501E+02  4.6971E+01  1.3038E+01  2.0942E+00
  5.9945E+02  4.9632E+02  3.5059E+02  2.0792E+02  1.0057E+02  3.7641E+01  1.4846E+01  1.7065E+00
  4.8470E+02  4.0087E+02  2.8261E+02  1.6714E+02  8.0560E+01  3.0014E+01  8.2688E+00  1.5314E+00
  3.9032E+02  3.2243E+02  2.2684E+02  1.3377E+02  6.4242E+01  2.3809E+01  6.9275E+00  2.5163E+00
  3.1302E+02  2.5826E+02  1.8130E+02  1.0660E+02  5.0998E+01  1.8814E+01  5.4856E+00  2.0849E+00
  2.4997E+02  2.0597E+02  1.4427E+02  8.4564E+01  4.0301E+01  1.4794E+01  3.7472E+00  2.0045E+00
  1.9877E+02  1.6355E+02  1.1429E+02  6.6779E+01  3.1702E+01  1.1584E+01  2.7687E+00  2.2877E+00
  1.5736E+02  1.2930E+02  9.0132E+01  5.2492E+01  2.4820E+01  9.0205E+00  2.8091E+00  2.2169E+00
  1.2402E+02  1.0175E+02  7.0753E+01  4.1070E+01  1.9344E+01  7.0033E+00  1.9464E+00  2.0384E+00
  9.7299E+01  7.9707E+01  5.5281E+01  3.1980E+01  1.4999E+01  5.3980E+00  1.2533E+00  2.2961E+00
  7.5978E+01  6.2143E+01  4.2987E+01  2.4784E+01  1.1584E+01  4.1465E+00  1.1889E+00  1.8062E+00
  5.9046E+01  4.8217E+01  3.3265E+01  1.9113E+01  8.8945E+00  3.1722E+00  9.2803E-01  1.8304E+00
  4.5664E+01  3.7228E+01  2.5614E+01  1.4667E+01  6.7886E+00  2.3792E+00  5.4676E-01  1.2099E+00
  3.5138E+01  2.8600E+01  1.9629E+01  1.1215E+01  5.1915E+00  1.8550E+00  5.0670E-01  4.4926E-01
  2.6901E+01  2.1858E+01  1.4948E+01  8.4490E+00  3.7900E+00  1.2940E+00  3.6076E-01  3.8654E-01
  2.0491E+01  1.6645E+01  1.1421E+01  6.5500E+00  3.0802E+00  1.1294E+00  2.8361E-01  5.7871E-01
  1.5529E+01  1.2449E+01  8.1637E+00  4.2776E+00  1.8064E+00  6.1211E-01  1.4872E-01  5.3191E-01
  1.1701E+01  9.7763E+00  7.0627E+00  4.3096E+00  2.1177E+00  7.7736E-01  2.1422E-01  3.5356E-01
