# CREATED BY GENE DIAGNOSTICS TOOL on Sat May 17 18:09:28 2025 /home/unix/ottink/gene/diagnostics
# diag: vsp1, run(s): vim010vep020, time window: 253.19-253.1946(1 steps), species: i
# original data path: /Differ/Data/IMT/lottink/Tokamak_ITG/vres_scan/v1/
# normalization: L_ref=1.65m
#
# vpar
 -3.0000E+00
 -2.9528E+00
 -2.9055E+00
 -2.8583E+00
 -2.8110E+00
 -2.7638E+00
 -2.7165E+00
 -2.6693E+00
 -2.6220E+00
 -2.5748E+00
 -2.5276E+00
 -2.4803E+00
 -2.4331E+00
 -2.3858E+00
 -2.3386E+00
 -2.2913E+00
 -2.2441E+00
 -2.1969E+00
 -2.1496E+00
 -2.1024E+00
 -2.0551E+00
 -2.0079E+00
 -1.9606E+00
 -1.9134E+00
 -1.8661E+00
 -1.8189E+00
 -1.7717E+00
 -1.7244E+00
 -1.6772E+00
 -1.6299E+00
 -1.5827E+00
 -1.5354E+00
 -1.4882E+00
 -1.4409E+00
 -1.3937E+00
 -1.3465E+00
 -1.2992E+00
 -1.2520E+00
 -1.2047E+00
 -1.1575E+00
 -1.1102E+00
 -1.0630E+00
 -1.0157E+00
 -9.6850E-01
 -9.2126E-01
 -8.7402E-01
 -8.2677E-01
 -7.7953E-01
 -7.3228E-01
 -6.8504E-01
 -6.3780E-01
 -5.9055E-01
 -5.4331E-01
 -4.9606E-01
 -4.4882E-01
 -4.0157E-01
 -3.5433E-01
 -3.0709E-01
 -2.5984E-01
 -2.1260E-01
 -1.6535E-01
 -1.1811E-01
 -7.0866E-02
 -2.3622E-02
  2.3622E-02
  7.0866E-02
  1.1811E-01
  1.6535E-01
  2.1260E-01
  2.5984E-01
  3.0709E-01
  3.5433E-01
  4.0157E-01
  4.4882E-01
  4.9606E-01
  5.4331E-01
  5.9055E-01
  6.3780E-01
  6.8504E-01
  7.3228E-01
  7.7953E-01
  8.2677E-01
  8.7402E-01
  9.2126E-01
  9.6850E-01
  1.0157E+00
  1.0630E+00
  1.1102E+00
  1.1575E+00
  1.2047E+00
  1.2520E+00
  1.2992E+00
  1.3465E+00
  1.3937E+00
  1.4409E+00
  1.4882E+00
  1.5354E+00
  1.5827E+00
  1.6299E+00
  1.6772E+00
  1.7244E+00
  1.7717E+00
  1.8189E+00
  1.8661E+00
  1.9134E+00
  1.9606E+00
  2.0079E+00
  2.0551E+00
  2.1024E+00
  2.1496E+00
  2.1969E+00
  2.2441E+00
  2.2913E+00
  2.3386E+00
  2.3858E+00
  2.4331E+00
  2.4803E+00
  2.5276E+00
  2.5748E+00
  2.6220E+00
  2.6693E+00
  2.7165E+00
  2.7638E+00
  2.8110E+00
  2.8583E+00
  2.9055E+00
  2.9528E+00
  3.0000E+00


# mu
  1.3581E-02
  7.1692E-02
  1.7680E-01
  3.2992E-01
  5.3256E-01
  7.8681E-01
  1.0955E+00
  1.4624E+00
  1.8925E+00
  2.3926E+00
  2.9718E+00
  3.6436E+00
  4.4281E+00
  5.3585E+00
  6.4984E+00
  8.0108E+00


# trapped boundary
#  mu         vpar      
  1.3581E-02 -6.4579E-02
  1.3581E-02  7.6321E-02
  7.1692E-02 -1.5851E-01
  7.1692E-02  1.7025E-01
  1.7680E-01 -2.5245E-01
  1.7680E-01  2.6419E-01
  3.2992E-01 -3.4638E-01
  3.2992E-01  3.5812E-01
  5.3256E-01 -4.4031E-01
  5.3256E-01  4.5205E-01
  7.8681E-01 -5.3425E-01
  7.8681E-01  5.4599E-01
  1.0955E+00 -6.2818E-01
  1.0955E+00  6.3992E-01
  1.4624E+00 -7.3386E-01
  1.4624E+00  7.4560E-01
  1.8925E+00 -8.2779E-01
  1.8925E+00  8.3953E-01
  2.3926E+00 -9.3346E-01
  2.3926E+00  9.4521E-01
  2.9718E+00 -1.0509E+00
  2.9718E+00  1.0626E+00
  3.6436E+00 -1.1566E+00
  3.6436E+00  1.1683E+00
  4.4281E+00 -1.2740E+00
  4.4281E+00  1.2857E+00
  5.3585E+00 -1.4031E+00
  5.3585E+00  1.4149E+00
  6.4984E+00 -1.5440E+00
  6.4984E+00  1.5558E+00
  8.0108E+00 -1.7202E+00
  8.0108E+00  1.7319E+00


# , time = 253.1946, var = <|f|^2>^(1/2) , z = 0
  2.8428E+04  2.7167E+04  2.5089E+04  2.2335E+04  1.9096E+04  1.5596E+04  1.2096E+04  8.8510E+03  6.0736E+03  3.8869E+03  2.3134E+03  1.2777E+03  6.4908E+02  3.0054E+02  1.1577E+02  4.2111E+01
  3.8598E+04  3.6528E+04  3.3146E+04  2.8802E+04  2.3948E+04  1.9040E+04  1.4450E+04  1.0431E+04  7.1258E+03  4.5716E+03  2.7318E+03  1.5160E+03  7.7496E+02  3.5323E+02  1.4603E+02  5.0607E+01
  5.1392E+04  4.8683E+04  4.4246E+04  3.8514E+04  3.2035E+04  2.5384E+04  1.9105E+04  1.3626E+04  9.1926E+03  5.8435E+03  3.4805E+03  1.9291E+03  9.7232E+02  4.3868E+02  1.7288E+02  4.6901E+01
  6.8321E+04  6.4729E+04  5.8844E+04  5.1256E+04  4.2716E+04  3.3995E+04  2.5772E+04  1.8553E+04  1.2636E+04  8.1049E+03  4.8721E+03  2.7178E+03  1.3724E+03  6.2083E+02  2.3736E+02  8.8651E+01
  9.0435E+04  8.5692E+04  7.7909E+04  6.7873E+04  5.6569E+04  4.4989E+04  3.4018E+04  2.4354E+04  1.6444E+04  1.0423E+04  6.1829E+03  3.4251E+03  1.7227E+03  7.8400E+02  3.1192E+02  8.2468E+01
  1.1914E+05  1.1292E+05  1.0268E+05  8.9482E+04  7.4615E+04  5.9411E+04  4.5040E+04  3.2395E+04  2.2011E+04  1.4048E+04  8.3782E+03  4.6501E+03  2.3313E+03  1.0466E+03  3.8441E+02  1.3911E+02
  1.5609E+05  1.4800E+05  1.3466E+05  1.1741E+05  9.7957E+04  7.8033E+04  5.9171E+04  4.2539E+04  2.8868E+04  1.8383E+04  1.0920E+04  6.0093E+03  2.9880E+03  1.3392E+03  5.4904E+02  1.4029E+02
  2.0319E+05  1.9280E+05  1.7559E+05  1.5326E+05  1.2798E+05  1.0204E+05  7.7454E+04  5.5773E+04  3.7937E+04  2.4232E+04  1.4452E+04  7.9605E+03  3.9200E+03  1.7517E+03  6.5407E+02  1.9718E+02
  2.6248E+05  2.4932E+05  2.2742E+05  1.9883E+05  1.6630E+05  1.3276E+05  1.0087E+05  7.2681E+04  4.9463E+04  3.1612E+04  1.8878E+04  1.0356E+04  5.0429E+03  2.2367E+03  8.8463E+02  2.4092E+02
  3.3609E+05  3.1968E+05  2.9223E+05  2.5614E+05  2.1476E+05  1.7180E+05  1.3073E+05  9.4310E+04  6.4261E+04  4.1135E+04  2.4647E+04  1.3505E+04  6.5177E+03  2.9393E+03  1.1148E+03  3.1516E+02
  4.2603E+05  4.0594E+05  3.7212E+05  3.2727E+05  2.7534E+05  2.2092E+05  1.6849E+05  1.2173E+05  8.3028E+04  5.3210E+04  3.1987E+04  1.7453E+04  8.3456E+03  3.7037E+03  1.3959E+03  3.7285E+02
  5.3408E+05  5.0996E+05  4.6905E+05  4.1427E+05  3.5012E+05  2.8208E+05  2.1584E+05  1.5629E+05  1.0676E+05  6.8509E+04  4.1339E+04  2.2458E+04  1.0660E+04  4.7112E+03  1.8341E+03  5.6056E+02
  6.6181E+05  6.3335E+05  5.8478E+05  5.1907E+05  4.4111E+05  3.5728E+05  2.7459E+05  1.9946E+05  1.3651E+05  8.7735E+04  5.3155E+04  2.8694E+04  1.3537E+04  5.9610E+03  2.2454E+03  6.4950E+02
  8.1075E+05  7.7765E+05  7.2089E+05  6.4337E+05  5.5022E+05  4.4852E+05  3.4667E+05  2.5289E+05  1.7357E+05  1.1176E+05  6.7977E+04  3.6428E+04  1.7068E+04  7.4136E+03  2.9190E+03  8.5345E+02
  9.8320E+05  9.4490E+05  8.7915E+05  7.8886E+05  6.7920E+05  5.5771E+05  4.3402E+05  3.1835E+05  2.1930E+05  1.4155E+05  8.6426E+04  4.5920E+04  2.1431E+04  9.5595E+03  3.5712E+03  1.0779E+03
  1.1835E+06  1.1387E+06  1.0623E+06  9.5755E+05  8.2981E+05  6.8666E+05  5.3853E+05  3.9765E+05  2.7523E+05  1.7824E+05  1.0917E+05  5.7475E+04  2.6823E+04  1.1826E+04  4.5278E+03  1.3346E+03
  1.4193E+06  1.3655E+06  1.2750E+06  1.1526E+06  1.0042E+06  8.3716E+05  6.6205E+05  4.9263E+05  3.4299E+05  2.2305E+05  1.3694E+05  7.1425E+04  3.3329E+04  1.4912E+04  5.5428E+03  1.5329E+03
  1.7017E+06  1.6353E+06  1.5250E+06  1.3790E+06  1.2054E+06  1.0113E+06  8.0635E+05  6.0506E+05  4.2422E+05  2.7736E+05  1.7045E+05  8.8142E+04  4.1350E+04  1.8226E+04  6.8208E+03  1.9905E+03
  2.0424E+06  1.9595E+06  1.8226E+06  1.6446E+06  1.4381E+06  1.2117E+06  9.7336E+05  7.3669E+05  5.2058E+05  3.4262E+05  2.1047E+05  1.0803E+05  5.0757E+04  2.2229E+04  8.4806E+03  2.3176E+03
  2.4472E+06  2.3461E+06  2.1776E+06  1.9586E+06  1.7091E+06  1.4423E+06  1.1654E+06  8.8931E+05  6.3367E+05  4.2034E+05  2.5767E+05  1.3153E+05  6.2049E+04  2.7311E+04  1.0384E+04  2.8174E+03
  2.9108E+06  2.7938E+06  2.5942E+06  2.3292E+06  2.0262E+06  1.7082E+06  1.3853E+06  1.0649E+06  7.6515E+05  5.1198E+05  3.1273E+05  1.5914E+05  7.5990E+04  3.3491E+04  1.2553E+04  3.5790E+03
  3.4163E+06  3.2895E+06  3.0667E+06  2.7588E+06  2.3964E+06  2.0157E+06  1.6367E+06  1.2657E+06  9.1672E+05  6.1895E+05  3.7622E+05  1.9155E+05  9.2290E+04  4.1271E+04  1.5572E+04  4.2318E+03
  3.9409E+06  3.8119E+06  3.5786E+06  3.2407E+06  2.8221E+06  2.3703E+06  1.9239E+06  1.4941E+06  1.0902E+06  7.4248E+05  4.4865E+05  2.2925E+05  1.1224E+05  5.0509E+04  1.8554E+04  5.2571E+03
  4.4627E+06  4.3380E+06  4.1077E+06  3.7586E+06  3.2984E+06  2.7753E+06  2.2510E+06  1.7527E+06  1.2873E+06  8.8356E+05  5.3057E+05  2.7323E+05  1.3447E+05  6.0603E+04  2.2300E+04  6.4005E+03
  4.9630E+06  4.8475E+06  4.6310E+06  4.2902E+06  3.8118E+06  3.2287E+06  2.6207E+06  2.0438E+06  1.5097E+06  1.0428E+06  6.2256E+05  3.2370E+05  1.6036E+05  7.1980E+04  2.6808E+04  7.5520E+03
  5.4232E+06  5.3218E+06  5.1282E+06  4.8121E+06  4.3419E+06  3.7219E+06  3.0334E+06  2.3692E+06  1.7589E+06  1.2201E+06  7.2539E+05  3.8237E+05  1.9119E+05  8.4815E+04  3.1823E+04  9.0846E+03
  5.8198E+06  5.7395E+06  5.5798E+06  5.3031E+06  4.8656E+06  4.2397E+06  3.4857E+06  2.7294E+06  2.0358E+06  1.4152E+06  8.4006E+05  4.5099E+05  2.2850E+05  1.0048E+05  3.7633E+04  1.0674E+04
  6.1192E+06  6.0715E+06  5.9625E+06  5.7432E+06  5.3603E+06  4.7621E+06  3.9691E+06  3.1235E+06  2.3405E+06  1.6270E+06  9.6811E+05  5.2959E+05  2.7323E+05  1.1996E+05  4.4623E+04  1.2329E+04
  6.2795E+06  6.2792E+06  6.2453E+06  6.1096E+06  5.8055E+06  5.2671E+06  4.4708E+06  3.5482E+06  2.6721E+06  1.8543E+06  1.1108E+06  6.1908E+05  3.2385E+05  1.4378E+05  5.2405E+04  1.4361E+04
  6.2569E+06  6.3197E+06  6.3898E+06  6.3738E+06  6.1805E+06  5.7333E+06  4.9740E+06  3.9973E+06  3.0277E+06  2.0962E+06  1.2704E+06  7.1855E+05  3.7744E+05  1.7245E+05  6.0998E+04  1.6431E+04
  6.0231E+06  6.1571E+06  6.3568E+06  6.5017E+06  6.4622E+06  6.1409E+06  5.4598E+06  4.4620E+06  3.4023E+06  2.3525E+06  1.4487E+06  8.3368E+05  4.3677E+05  2.0258E+05  7.1672E+04  1.8740E+04
  5.5991E+06  5.7877E+06  6.1194E+06  6.4586E+06  6.6231E+06  6.4706E+06  5.9093E+06  4.9308E+06  3.7890E+06  2.6243E+06  1.6498E+06  9.7186E+05  5.0499E+05  2.3460E+05  8.2757E+04  2.1622E+04
  5.1287E+06  5.2896E+06  5.6892E+06  6.2204E+06  6.6341E+06  6.7027E+06  6.3042E+06  5.3904E+06  4.1793E+06  2.9135E+06  1.8760E+06  1.1323E+06  5.8948E+05  2.6778E+05  9.5384E+04  2.4620E+04
  5.0047E+06  4.9280E+06  5.1717E+06  5.7942E+06  6.4707E+06  6.8157E+06  6.6278E+06  5.8259E+06  4.5658E+06  3.2241E+06  2.1248E+06  1.3041E+06  6.9689E+05  3.0011E+05  1.1017E+05  2.8132E+04
  5.8270E+06  5.2387E+06  4.8707E+06  5.2601E+06  6.1249E+06  6.7885E+06  6.8641E+06  6.2216E+06  4.9434E+06  3.5595E+06  2.3979E+06  1.4805E+06  8.2076E+05  3.3713E+05  1.2600E+05  3.2155E+04
  7.8889E+06  6.7042E+06  5.3212E+06  4.8509E+06  5.6263E+06  6.6049E+06  6.9984E+06  6.5625E+06  5.3118E+06  3.9252E+06  2.7092E+06  1.6705E+06  9.5414E+05  3.7994E+05  1.4653E+05  3.6150E+04
  1.1052E+07  9.3241E+06  6.8998E+06  5.0140E+06  5.0821E+06  6.2616E+06  7.0173E+06  6.8357E+06  5.6750E+06  4.3248E+06  3.0759E+06  1.9100E+06  1.0849E+06  4.3047E+05  1.7206E+05  4.1203E+04
  1.5132E+07  1.2892E+07  9.5274E+06  6.1609E+06  4.7443E+06  5.7806E+06  6.9111E+06  7.0334E+06  6.0399E+06  4.7595E+06  3.4840E+06  2.2312E+06  1.2022E+06  4.9126E+05  2.0310E+05  4.7011E+04
  2.0016E+07  1.7259E+07  1.2993E+07  8.2939E+06  5.0075E+06  5.2292E+06  6.6764E+06  7.1544E+06  6.4119E+06  5.2278E+06  3.8853E+06  2.6216E+06  1.3055E+06  5.5697E+05  2.4095E+05  5.4480E+04
  2.5628E+07  2.2327E+07  1.7147E+07  1.1201E+07  6.1371E+06  4.7534E+06  6.3218E+06  7.2041E+06  6.7926E+06  5.7378E+06  4.2637E+06  3.0390E+06  1.3994E+06  6.2338E+05  2.8158E+05  6.4425E+04
  3.1887E+07  2.8009E+07  2.1881E+07  1.4703E+07  8.0543E+06  4.6012E+06  5.8687E+06  7.1899E+06  7.1776E+06  6.3059E+06  4.7275E+06  3.4272E+06  1.4980E+06  6.8594E+05  3.2290E+05  7.6350E+04
  3.8694E+07  3.4205E+07  2.7093E+07  1.8672E+07  1.0553E+07  5.0292E+06  5.3504E+06  7.1153E+06  7.5595E+06  6.9130E+06  5.4499E+06  3.7544E+06  1.6134E+06  7.4105E+05  3.6130E+05  9.0430E+04
  4.5916E+07  4.0789E+07  3.2670E+07  2.3002E+07  1.3467E+07  6.0965E+06  4.8123E+06  6.9775E+06  7.9301E+06  7.4773E+06  6.4876E+06  4.0320E+06  1.7529E+06  7.9207E+05  3.9227E+05  1.0564E+05
  5.3375E+07  4.7605E+07  3.8483E+07  2.7590E+07  1.6684E+07  7.6703E+06  4.3287E+06  6.7687E+06  8.2853E+06  7.9519E+06  7.7356E+06  4.2962E+06  1.9263E+06  8.4683E+05  4.1518E+05  1.2054E+05
  6.0847E+07  5.4469E+07  4.4395E+07  3.2337E+07  2.0123E+07  9.6066E+06  4.0378E+06  6.4823E+06  8.6179E+06  8.4909E+06  9.0296E+06  4.6193E+06  2.1272E+06  9.1630E+05  4.2925E+05  1.3457E+05
  6.8109E+07  6.1210E+07  5.0282E+07  3.7162E+07  2.3729E+07  1.1826E+07  4.1384E+06  6.1107E+06  8.8924E+06  9.3703E+06  1.0246E+07  5.0843E+06  2.3622E+06  1.0082E+06  4.3768E+05  1.4602E+05
  7.5010E+07  6.7706E+07  5.6062E+07  4.2005E+07  2.7461E+07  1.4287E+07  4.7541E+06  5.6396E+06  9.0356E+06  1.0622E+07  1.1352E+07  5.7380E+06  2.6431E+06  1.1287E+06  4.4733E+05  1.5443E+05
  8.1550E+07  7.3923E+07  6.1700E+07  4.6826E+07  3.1273E+07  1.6918E+07  5.8137E+06  5.0742E+06  9.0116E+06  1.1918E+07  1.2364E+07  6.6132E+06  2.9798E+06  1.2752E+06  4.6622E+05  1.6012E+05
  8.7795E+07  7.9863E+07  6.7159E+07  5.1542E+07  3.5040E+07  1.9576E+07  7.1457E+06  4.5140E+06  8.9211E+06  1.2892E+07  1.3288E+07  7.6894E+06  3.4054E+06  1.4422E+06  5.0068E+05  1.6274E+05
  9.3592E+07  8.5342E+07  7.2200E+07  5.5885E+07  3.8484E+07  2.2063E+07  8.6239E+06  4.1282E+06  8.9063E+06  1.3394E+07  1.4116E+07  8.8955E+06  3.9406E+06  1.6328E+06  5.5458E+05  1.6480E+05
  9.8225E+07  8.9674E+07  7.6160E+07  5.9281E+07  4.1214E+07  2.4209E+07  1.0220E+07  3.9103E+06  8.9268E+06  1.3495E+07  1.4791E+07  1.0157E+07  4.5867E+06  1.8422E+06  6.2503E+05  1.6762E+05
  1.0049E+08  9.1735E+07  7.8089E+07  6.1097E+07  4.2976E+07  2.5913E+07  1.1886E+07  3.6439E+06  8.8149E+06  1.3354E+07  1.5237E+07  1.1385E+07  5.3503E+06  2.0769E+06  7.0506E+05  1.7304E+05
  9.9646E+07  9.0881E+07  7.7578E+07  6.1270E+07  4.3874E+07  2.7187E+07  1.3360E+07  3.2767E+06  8.5192E+06  1.3083E+07  1.5436E+07  1.2480E+07  6.1947E+06  2.3458E+06  7.9348E+05  1.8373E+05
  9.6555E+07  8.7949E+07  7.5490E+07  6.0521E+07  4.4140E+07  2.8216E+07  1.4288E+07  2.9863E+06  8.1208E+06  1.2739E+07  1.5409E+07  1.3396E+07  7.0820E+06  2.6419E+06  8.8201E+05  1.9867E+05
  9.3265E+07  8.4845E+07  7.3354E+07  5.9575E+07  4.3849E+07  2.9220E+07  1.4665E+07  2.8492E+06  7.6973E+06  1.2370E+07  1.5186E+07  1.4086E+07  7.9804E+06  2.9715E+06  9.6989E+05  2.1747E+05
  9.1437E+07  8.3072E+07  7.2097E+07  5.8739E+07  4.3182E+07  3.0069E+07  1.4881E+07  2.8056E+06  7.2831E+06  1.2016E+07  1.4846E+07  1.4528E+07  8.8373E+06  3.3282E+06  1.0596E+06  2.3964E+05
  9.1250E+07  8.2881E+07  7.1826E+07  5.8314E+07  4.2480E+07  3.0410E+07  1.5160E+07  2.8170E+06  6.9063E+06  1.1701E+07  1.4474E+07  1.4756E+07  9.6149E+06  3.6887E+06  1.1426E+06  2.6051E+05
  9.1354E+07  8.3321E+07  7.2088E+07  5.8336E+07  4.2041E+07  3.0290E+07  1.5387E+07  2.8609E+06  6.5928E+06  1.1450E+07  1.4119E+07  1.4816E+07  1.0313E+07  4.0610E+06  1.2286E+06  2.8170E+05
  9.1211E+07  8.3799E+07  7.2537E+07  5.8606E+07  4.2083E+07  3.0043E+07  1.5501E+07  2.9382E+06  6.3520E+06  1.1287E+07  1.3820E+07  1.4733E+07  1.0889E+07  4.4156E+06  1.3116E+06  2.9994E+05
  9.1776E+07  8.4505E+07  7.3114E+07  5.8921E+07  4.2516E+07  2.9728E+07  1.5462E+07  3.0074E+06  6.1918E+06  1.1205E+07  1.3631E+07  1.4602E+07  1.1355E+07  4.7361E+06  1.3858E+06  3.1382E+05
  9.2481E+07  8.5107E+07  7.3570E+07  5.9096E+07  4.3020E+07  2.9303E+07  1.5144E+07  2.9308E+06  6.1310E+06  1.1198E+07  1.3573E+07  1.4521E+07  1.1764E+07  5.0431E+06  1.4646E+06  3.2664E+05
  9.2784E+07  8.5387E+07  7.3749E+07  5.9113E+07  4.3295E+07  2.8713E+07  1.4454E+07  2.5342E+06  6.1720E+06  1.1183E+07  1.3525E+07  1.4423E+07  1.2047E+07  5.2783E+06  1.5241E+06  3.3321E+05
  9.2673E+07  8.5239E+07  7.3506E+07  5.8774E+07  4.2898E+07  2.7496E+07  1.3078E+07  1.4594E+06  6.7285E+06  1.1475E+07  1.3698E+07  1.4480E+07  1.2303E+07  5.4722E+06  1.5753E+06  3.3692E+05
  9.2083E+07  8.4475E+07  7.2438E+07  5.7345E+07  4.1003E+07  2.5092E+07  1.0908E+07  9.0496E+05  8.0677E+06  1.2539E+07  1.4614E+07  1.5151E+07  1.2858E+07  5.7767E+06  1.6758E+06  3.5395E+05
  9.1286E+07  8.4397E+07  7.3508E+07  5.9802E+07  4.4772E+07  3.0223E+07  1.7553E+07  7.0168E+06  1.7790E+06  7.3385E+06  1.1019E+07  1.2762E+07  1.1361E+07  5.1423E+06  1.4588E+06  2.8937E+05
  8.9844E+07  8.2835E+07  7.1765E+07  5.7868E+07  4.2487E+07  2.7584E+07  1.5361E+07  5.4093E+06  2.6938E+06  8.3527E+06  1.1979E+07  1.3545E+07  1.1775E+07  5.2986E+06  1.5159E+06  2.9824E+05
  8.8051E+07  8.1112E+07  7.0176E+07  5.6546E+07  4.1360E+07  2.5852E+07  1.3776E+07  4.5298E+06  3.4496E+06  8.8263E+06  1.2361E+07  1.3857E+07  1.1749E+07  5.2151E+06  1.4902E+06  2.8765E+05
  8.6008E+07  7.9197E+07  6.8492E+07  5.5203E+07  4.0675E+07  2.4564E+07  1.2799E+07  4.2774E+06  3.8654E+06  9.1494E+06  1.2657E+07  1.4112E+07  1.1582E+07  5.0491E+06  1.4394E+06  2.7307E+05
  8.4054E+07  7.7309E+07  6.6778E+07  5.3654E+07  4.0003E+07  2.3322E+07  1.2210E+07  4.1525E+06  4.2719E+06  9.5966E+06  1.3065E+07  1.4416E+07  1.1342E+07  4.8433E+06  1.3779E+06  2.5782E+05
  8.2212E+07  7.5500E+07  6.5140E+07  5.2112E+07  3.9295E+07  2.2342E+07  1.1979E+07  3.9891E+06  4.6748E+06  1.0077E+07  1.3479E+07  1.4631E+07  1.0944E+07  4.5593E+06  1.2876E+06  2.3694E+05
  7.9771E+07  7.3009E+07  6.3483E+07  5.1130E+07  3.8689E+07  2.1699E+07  1.1859E+07  3.6779E+06  5.1236E+06  1.0582E+07  1.3908E+07  1.4754E+07  1.0427E+07  4.2392E+06  1.1878E+06  2.1507E+05
  7.8696E+07  7.1400E+07  6.2069E+07  5.0499E+07  3.8153E+07  2.1208E+07  1.1701E+07  3.1580E+06  5.6446E+06  1.1102E+07  1.4364E+07  1.4766E+07  9.8084E+06  3.8885E+06  1.0760E+06  1.9180E+05
  8.0596E+07  7.2856E+07  6.2657E+07  5.0528E+07  3.7526E+07  2.1074E+07  1.1551E+07  2.4396E+06  6.2280E+06  1.1636E+07  1.4810E+07  1.4590E+07  9.0723E+06  3.5038E+06  9.5175E+05  1.6683E+05
  8.3650E+07  7.5820E+07  6.4794E+07  5.1604E+07  3.7197E+07  2.1353E+07  1.1005E+07  1.5771E+06  6.8817E+06  1.2179E+07  1.5184E+07  1.4195E+07  8.2619E+06  3.1138E+06  8.2841E+05  1.4500E+05
  8.5879E+07  7.8063E+07  6.6452E+07  5.2442E+07  3.7096E+07  2.1524E+07  9.5735E+06  8.3019E+05  7.5873E+06  1.2698E+07  1.5438E+07  1.3576E+07  7.4012E+06  2.7165E+06  7.0085E+05  1.2586E+05
  8.6196E+07  7.8471E+07  6.6558E+07  5.1963E+07  3.6313E+07  2.0983E+07  7.6403E+06  9.6657E+05  8.2654E+06  1.3168E+07  1.5521E+07  1.2727E+07  6.5085E+06  2.3200E+06  5.7779E+05  1.1303E+05
  8.3759E+07  7.6287E+07  6.4509E+07  4.9863E+07  3.4304E+07  1.9434E+07  5.9947E+06  1.9049E+06  8.7786E+06  1.3549E+07  1.5365E+07  1.1676E+07  5.6263E+06  1.9419E+06  4.6559E+05  1.0857E+05
  7.8679E+07  7.1595E+07  6.0301E+07  4.6190E+07  3.1176E+07  1.7021E+07  4.6866E+06  3.3840E+06  8.9960E+06  1.3766E+07  1.4965E+07  1.0497E+07  4.7795E+06  1.5805E+06  3.6688E+05  1.1008E+05
  7.2023E+07  6.5371E+07  5.4692E+07  4.1412E+07  2.7315E+07  1.4135E+07  3.3967E+06  5.0239E+06  8.9854E+06  1.3698E+07  1.4353E+07  9.2485E+06  3.9837E+06  1.2514E+06  2.9684E+05  1.1550E+05
  6.4809E+07  5.8577E+07  4.8533E+07  3.6158E+07  2.3145E+07  1.1154E+07  2.5658E+06  6.3922E+06  9.0911E+06  1.3174E+07  1.3576E+07  8.0150E+06  3.2672E+06  9.6630E+05  2.6273E+05  1.2158E+05
  5.7483E+07  5.1654E+07  4.2279E+07  3.0850E+07  1.8998E+07  8.3777E+06  3.0086E+06  7.3649E+06  9.4851E+06  1.2090E+07  1.2671E+07  6.8876E+06  2.6356E+06  7.3305E+05  2.6374E+05  1.2488E+05
  5.0101E+07  4.4700E+07  3.6077E+07  2.5671E+07  1.5069E+07  6.0734E+06  4.1722E+06  8.0387E+06  9.8509E+06  1.0609E+07  1.1637E+07  5.9246E+06  2.0948E+06  5.7270E+05  2.8498E+05  1.2543E+05
  4.2677E+07  3.7774E+07  3.0002E+07  2.0716E+07  1.1483E+07  4.5675E+06  5.3774E+06  8.5038E+06  9.8621E+06  9.1999E+06  1.0421E+07  5.1650E+06  1.6618E+06  4.9242E+05  3.0958E+05  1.2198E+05
  3.5351E+07  3.1015E+07  2.4176E+07  1.6096E+07  8.3799E+06  4.1837E+06  6.4207E+06  8.7841E+06  9.5423E+06  8.2829E+06  9.0168E+06  4.6101E+06  1.3312E+06  4.7607E+05  3.2588E+05  1.1486E+05
  2.8353E+07  2.4619E+07  1.8756E+07  1.1953E+07  6.0005E+06  4.7510E+06  7.2548E+06  8.8929E+06  9.0787E+06  7.7881E+06  7.5110E+06  4.1983E+06  1.1045E+06  4.8947E+05  3.3033E+05  1.0529E+05
  2.1920E+07  1.8785E+07  1.3913E+07  8.4771E+06  4.7410E+06  5.6971E+06  7.8754E+06  8.8525E+06  8.5739E+06  7.3384E+06  6.0703E+06  3.8571E+06  9.7394E+05  5.0084E+05  3.2184E+05  9.3142E+04
  1.6244E+07  1.3692E+07  9.8298E+06  5.9657E+06  4.7869E+06  6.6394E+06  8.2909E+06  8.6878E+06  8.0377E+06  6.7403E+06  4.9130E+06  3.5166E+06  9.1266E+05  4.9427E+05  3.0089E+05  8.0401E+04
  1.1482E+07  9.5146E+06  6.7610E+06  4.8428E+06  5.5912E+06  7.4138E+06  8.5118E+06  8.4212E+06  7.4722E+06  6.0607E+06  4.1723E+06  3.1241E+06  9.0118E+05  4.6455E+05  2.7208E+05  6.7417E+04
  7.8213E+06  6.5099E+06  5.1114E+06  5.0969E+06  6.5276E+06  7.9607E+06  8.5506E+06  8.0714E+06  6.8936E+06  5.4199E+06  3.7430E+06  2.6788E+06  9.1210E+05  4.1784E+05  2.3783E+05  5.5017E+04
  5.5973E+06  5.0800E+06  5.0377E+06  5.9655E+06  7.3076E+06  8.2692E+06  8.4233E+06  7.6528E+06  6.3197E+06  4.8473E+06  3.3956E+06  2.2145E+06  9.1506E+05  3.5907E+05  2.0173E+05  4.4221E+04
  5.0844E+06  5.2110E+06  5.8195E+06  6.8420E+06  7.8378E+06  8.3530E+06  8.1511E+06  7.1773E+06  5.7610E+06  4.3197E+06  3.0038E+06  1.7927E+06  8.9121E+05  2.9988E+05  1.6825E+05  3.4708E+04
  5.7050E+06  6.0395E+06  6.6994E+06  7.4950E+06  8.1041E+06  8.2390E+06  7.7584E+06  6.6567E+06  5.2238E+06  3.8273E+06  2.5887E+06  1.4763E+06  8.2812E+05  2.5079E+05  1.3744E+05  2.7042E+04
  6.5647E+06  6.8679E+06  7.3660E+06  7.8661E+06  8.1269E+06  7.9600E+06  7.2715E+06  6.1050E+06  4.7104E+06  3.3748E+06  2.2190E+06  1.2683E+06  7.3072E+05  2.1397E+05  1.1199E+05  2.1190E+04
  7.2399E+06  7.4429E+06  7.7390E+06  7.9643E+06  7.9425E+06  7.5493E+06  6.7169E+06  5.5383E+06  4.2212E+06  2.9634E+06  1.9153E+06  1.1189E+06  6.1145E+05  1.9128E+05  9.1508E+04  1.6552E+04
  7.6142E+06  7.7119E+06  7.8248E+06  7.8259E+06  7.5928E+06  7.0385E+06  6.1206E+06  4.9726E+06  3.7560E+06  2.5895E+06  1.6536E+06  9.7643E+05  4.9141E+05  1.7650E+05  7.3929E+04  1.3531E+04
  7.6875E+06  7.6962E+06  7.6637E+06  7.4988E+06  7.1184E+06  6.4568E+06  5.5073E+06  4.4219E+06  3.3152E+06  2.2508E+06  1.4158E+06  8.2461E+05  3.9124E+05  1.6151E+05  6.0328E+04  1.1378E+04
  7.5039E+06  7.4459E+06  7.3094E+06  7.0320E+06  6.5556E+06  5.8324E+06  4.8988E+06  3.8969E+06  2.9006E+06  1.9449E+06  1.2028E+06  6.8146E+05  3.1794E+05  1.4605E+05  4.8709E+04  9.8452E+03
  7.1232E+06  7.0206E+06  6.8169E+06  6.4695E+06  5.9357E+06  5.1931E+06  4.3131E+06  3.4046E+06  2.5143E+06  1.6702E+06  1.0174E+06  5.6365E+05  2.6989E+05  1.2687E+05  3.8876E+04  8.9819E+03
  6.6067E+06  6.4776E+06  6.2348E+06  5.8479E+06  5.2879E+06  4.5653E+06  3.7630E+06  2.9491E+06  2.1590E+06  1.4248E+06  8.5753E+05  4.7193E+05  2.3450E+05  1.0501E+05  3.1710E+04  8.1574E+03
  6.0077E+06  5.8649E+06  5.6021E+06  5.1976E+06  4.6412E+06  3.9708E+06  3.2559E+06  2.5324E+06  1.8366E+06  1.2067E+06  7.1933E+05  3.9615E+05  1.9944E+05  8.4107E+04  2.5938E+04  7.4303E+03
  5.3675E+06  5.2192E+06  4.9495E+06  4.5470E+06  4.0226E+06  3.4238E+06  2.7948E+06  2.1556E+06  1.5484E+06  1.0144E+06  5.9933E+05  3.2882E+05  1.6430E+05  6.5188E+04  2.1581E+04  6.7855E+03
  4.7169E+06  4.5690E+06  4.3044E+06  3.9241E+06  3.4532E+06  2.9306E+06  2.3796E+06  1.8187E+06  1.2943E+06  8.4602E+05  4.9652E+05  2.6847E+05  1.3073E+05  5.0711E+04  1.8532E+04  6.0083E+03
  4.0809E+06  3.9398E+06  3.6932E+06  3.3522E+06  2.9435E+06  2.4912E+06  2.0091E+06  1.5209E+06  1.0730E+06  6.9984E+05  4.0880E+05  2.1842E+05  1.0340E+05  4.0940E+04  1.5968E+04  5.1409E+03
  3.4835E+06  3.3558E+06  3.1378E+06  2.8441E+06  2.4940E+06  2.1018E+06  1.6812E+06  1.2608E+06  8.8251E+05  5.7408E+05  3.3441E+05  1.7759E+05  8.3428E+04  3.4728E+04  1.3444E+04  4.4690E+03
  2.9449E+06  2.8349E+06  2.6495E+06  2.4002E+06  2.0995E+06  1.7583E+06  1.3939E+06  1.0361E+06  7.2013E+05  4.6702E+05  2.7169E+05  1.4383E+05  6.8741E+04  2.9852E+04  1.1431E+04  3.5839E+03
  2.4752E+06  2.3827E+06  2.2264E+06  2.0135E+06  1.7531E+06  1.4569E+06  1.1447E+06  8.4417E+05  5.8305E+05  3.7689E+05  2.1919E+05  1.1578E+05  5.6150E+04  2.4855E+04  9.4450E+03  2.8385E+03
  2.0711E+06  1.9930E+06  1.8595E+06  1.6756E+06  1.4498E+06  1.1950E+06  9.3115E+05  6.8196E+05  4.6854E+05  3.0188E+05  1.7557E+05  9.2209E+04  4.5159E+04  2.0045E+04  7.1871E+03  2.2694E+03
  1.7224E+06  1.6552E+06  1.5398E+06  1.3805E+06  1.1862E+06  9.7018E+05  7.5051E+05  5.4653E+05  3.7390E+05  2.4008E+05  1.3964E+05  7.3128E+04  3.4963E+04  1.5309E+04  5.7168E+03  1.5968E+03
  1.4193E+06  1.3612E+06  1.2615E+06  1.1248E+06  9.6010E+05  7.7994E+05  5.9977E+05  4.3479E+05  2.9643E+05  1.8963E+05  1.1025E+05  5.7691E+04  2.7352E+04  1.1379E+04  4.2702E+03  1.2013E+03
  1.1565E+06  1.1067E+06  1.0217E+06  9.0636E+05  7.6919E+05  6.2141E+05  4.7563E+05  3.4357E+05  2.3354E+05  1.4877E+05  8.6423E+04  4.5231E+04  2.1371E+04  8.7661E+03  3.2880E+03  9.3165E+02
  9.3137E+05  8.8940E+05  8.1830E+05  7.2283E+05  6.1062E+05  4.9119E+05  3.7460E+05  2.6979E+05  1.8283E+05  1.1595E+05  6.7263E+04  3.5224E+04  1.6875E+04  7.0047E+03  2.6252E+03  6.7059E+02
  7.4187E+05  7.0723E+05  6.4891E+05  5.7129E+05  4.8091E+05  3.8556E+05  2.9317E+05  2.1055E+05  1.4222E+05  8.9777E+04  5.1983E+04  2.7238E+04  1.3270E+04  5.7903E+03  2.2447E+03  6.3470E+02
  5.8535E+05  5.5727E+05  5.1026E+05  4.4808E+05  3.7617E+05  3.0076E+05  2.2806E+05  1.6330E+05  1.0991E+05  6.9045E+04  3.9893E+04  2.0931E+04  1.0127E+04  4.7841E+03  1.8376E+03  5.7770E+02
  4.5825E+05  4.3582E+05  3.9842E+05  3.4917E+05  2.9245E+05  2.3321E+05  1.7632E+05  1.2583E+05  8.4344E+04  5.2734E+04  3.0403E+04  1.5981E+04  7.7296E+03  3.5945E+03  1.5392E+03  4.9190E+02
  3.5642E+05  3.3868E+05  3.0920E+05  2.7049E+05  2.2602E+05  1.7973E+05  1.3543E+05  9.6274E+04  6.4252E+04  3.9990E+04  2.3008E+04  1.2120E+04  5.8616E+03  2.7716E+03  1.1710E+03  4.0813E+02
  2.7562E+05  2.6169E+05  2.3859E+05  2.0830E+05  1.7360E+05  1.3758E+05  1.0327E+05  7.3099E+04  4.8568E+04  3.0103E+04  1.7288E+04  9.1251E+03  4.4607E+03  1.9030E+03  9.1316E+02  3.8431E+02
  2.1193E+05  2.0103E+05  1.8299E+05  1.5938E+05  1.3240E+05  1.0453E+05  7.8123E+04  5.5050E+04  3.6415E+04  2.2487E+04  1.2894E+04  6.8260E+03  3.3980E+03  1.5044E+03  5.8401E+02  2.3449E+02
  1.6194E+05  1.5343E+05  1.3938E+05  1.2105E+05  1.0019E+05  7.8755E+04  5.8592E+04  4.1098E+04  2.7073E+04  1.6664E+04  9.5421E+03  5.0687E+03  2.5442E+03  1.1622E+03  4.7610E+02  1.8599E+02
  1.2284E+05  1.1622E+05  1.0532E+05  9.1156E+04  7.5135E+04  5.8794E+04  4.3538E+04  3.0403E+04  1.9950E+04  1.2244E+04  7.0060E+03  3.7437E+03  1.8973E+03  9.2893E+02  3.1318E+02  1.0093E+02
  9.2366E+04  8.7238E+04  7.8838E+04  6.7985E+04  5.5795E+04  4.3461E+04  3.2039E+04  2.2277E+04  1.4563E+04  8.9111E+03  5.0944E+03  2.7401E+03  1.4109E+03  7.4228E+02  2.8915E+02  6.2979E+01
  6.8750E+04  6.4811E+04  5.8397E+04  5.0168E+04  4.0998E+04  3.1795E+04  2.3337E+04  1.6159E+04  1.0525E+04  6.4269E+03  3.6853E+03  2.0125E+03  1.0574E+03  5.2326E+02  2.4813E+02  1.8705E+01
  5.0586E+04  4.7596E+04  4.2760E+04  3.6601E+04  2.9790E+04  2.3007E+04  1.6815E+04  1.1590E+04  7.5128E+03  4.5661E+03  2.6157E+03  1.4436E+03  7.7459E+02  3.8680E+02  1.8391E+02  5.7892E+01
  3.6755E+04  3.4517E+04  3.0925E+04  2.6382E+04  2.1393E+04  1.6456E+04  1.1976E+04  8.2214E+03  5.3193E+03  3.2517E+03  1.9045E+03  1.0870E+03  5.9558E+02  2.8340E+02  1.6665E+02  3.2774E+01
  2.6348E+04  2.4700E+04  2.2074E+04  1.8774E+04  1.5169E+04  1.1617E+04  8.4037E+03  5.7166E+03  3.6477E+03  2.1908E+03  1.2683E+03  7.2735E+02  4.0734E+02  2.0154E+02  8.1362E+01  6.1749E+01
  1.8623E+04  1.7427E+04  1.5539E+04  1.3178E+04  1.0611E+04  8.0988E+03  5.8508E+03  4.0083E+03  2.6296E+03  1.6741E+03  1.0398E+03  6.1962E+02  3.4793E+02  1.8575E+02  8.2154E+01  3.7465E+01
  1.2967E+04  1.2112E+04  1.0774E+04  9.1048E+03  7.2885E+03  5.4983E+03  3.8771E+03  2.5316E+03  1.5303E+03  8.7773E+02  5.1172E+02  3.1803E+02  1.9736E+02  1.1227E+02  2.9852E+01  3.6648E+01
  8.9091E+03  8.2984E+03  7.3563E+03  6.2013E+03  4.9831E+03  3.8443E+03  2.8805E+03  2.1142E+03  1.5120E+03  1.0319E+03  6.6331E+02  4.0096E+02  2.2332E+02  1.1409E+02  4.2685E+01  3.5021E+01
  5.8965E+03  5.5300E+03  4.9775E+03  4.2877E+03  3.5137E+03  2.7072E+03  1.9275E+03  1.2428E+03  7.1706E+02  3.7854E+02  2.1211E+02  1.4608E+02  1.0319E+02  6.2363E+01  4.8855E+01  2.8973E+01
