# CREATED BY GENE DIAGNOSTICS TOOL on Sat May 17 18:21:09 2025 /home/unix/ottink/gene/diagnostics
# diag: vsp1, run(s): vip010vem020, time window: 281.2-281.29511(2 steps), species: e
# original data path: /Differ/Data/IMT/lottink/RFP_nTEM/vres_scan/v2/
# normalization: L_ref=1.5m
#
# vpar
 -3.0000E+00
 -2.9048E+00
 -2.8095E+00
 -2.7143E+00
 -2.6190E+00
 -2.5238E+00
 -2.4286E+00
 -2.3333E+00
 -2.2381E+00
 -2.1429E+00
 -2.0476E+00
 -1.9524E+00
 -1.8571E+00
 -1.7619E+00
 -1.6667E+00
 -1.5714E+00
 -1.4762E+00
 -1.3810E+00
 -1.2857E+00
 -1.1905E+00
 -1.0952E+00
 -1.0000E+00
 -9.0476E-01
 -8.0952E-01
 -7.1429E-01
 -6.1905E-01
 -5.2381E-01
 -4.2857E-01
 -3.3333E-01
 -2.3810E-01
 -1.4286E-01
 -4.7619E-02
  4.7619E-02
  1.4286E-01
  2.3810E-01
  3.3333E-01
  4.2857E-01
  5.2381E-01
  6.1905E-01
  7.1429E-01
  8.0952E-01
  9.0476E-01
  1.0000E+00
  1.0952E+00
  1.1905E+00
  1.2857E+00
  1.3810E+00
  1.4762E+00
  1.5714E+00
  1.6667E+00
  1.7619E+00
  1.8571E+00
  1.9524E+00
  2.0476E+00
  2.1429E+00
  2.2381E+00
  2.3333E+00
  2.4286E+00
  2.5238E+00
  2.6190E+00
  2.7143E+00
  2.8095E+00
  2.9048E+00
  3.0000E+00


# mu
  1.8108E-02
  9.5589E-02
  2.3573E-01
  4.3989E-01
  7.1007E-01
  1.0491E+00
  1.4607E+00
  1.9499E+00
  2.5234E+00
  3.1901E+00
  3.9625E+00
  4.8582E+00
  5.9041E+00
  7.1447E+00
  8.6646E+00
  1.0681E+01


# trapped boundary
#  mu         vpar      
  1.8108E-02 -7.6321E-02
  1.8108E-02  8.8062E-02
  9.5589E-02 -1.8200E-01
  9.5589E-02  1.9374E-01
  2.3573E-01 -2.8767E-01
  2.3573E-01  2.9941E-01
  4.3989E-01 -4.0509E-01
  4.3989E-01  4.1683E-01
  7.1007E-01 -5.1076E-01
  7.1007E-01  5.2250E-01
  1.0491E+00 -6.1644E-01
  1.0491E+00  6.2818E-01
  1.4607E+00 -7.3386E-01
  1.4607E+00  7.4560E-01
  1.9499E+00 -8.5127E-01
  1.9499E+00  8.6301E-01
  2.5234E+00 -9.6869E-01
  2.5234E+00  9.8043E-01
  3.1901E+00 -1.0861E+00
  3.1901E+00  1.0978E+00
  3.9625E+00 -1.2153E+00
  3.9625E+00  1.2270E+00
  4.8582E+00 -1.3444E+00
  4.8582E+00  1.3562E+00
  5.9041E+00 -1.4736E+00
  5.9041E+00  1.4853E+00
  7.1447E+00 -1.6262E+00
  7.1447E+00  1.6380E+00
  8.6646E+00 -1.7906E+00
  8.6646E+00  1.8023E+00
  1.0681E+01 -1.9902E+00
  1.0681E+01  2.0020E+00


# , time = 281.28353, var = <|f|^2>^(1/2) , z = 0
  1.7817E-01  1.7228E-01  1.6208E-01  1.4821E-01  1.3154E-01  1.1308E-01  9.3927E-02  7.5137E-02  5.7657E-02  4.2229E-02  2.9333E-02  1.9160E-02  1.1628E-02  6.4793E-03  3.2029E-03  1.2090E-03
  2.9989E-01  2.8847E-01  2.6887E-01  2.4263E-01  2.1172E-01  1.7837E-01  1.4478E-01  1.1295E-01  8.4415E-02  6.0195E-02  4.0723E-02  2.5924E-02  1.5356E-02  8.2402E-03  3.9888E-03  1.8544E-03
  4.9625E-01  4.7755E-01  4.4551E-01  4.0266E-01  3.5227E-01  2.9791E-01  2.4312E-01  1.9102E-01  1.4403E-01  1.0377E-01  7.1028E-02  4.5801E-02  2.7442E-02  1.5199E-02  7.3158E-03  2.9376E-03
  8.0621E-01  7.7581E-01  7.2370E-01  6.5399E-01  5.7195E-01  4.8340E-01  3.9409E-01  3.0912E-01  2.3252E-01  1.6698E-01  1.1379E-01  7.2957E-02  4.3607E-02  2.3418E-02  1.1512E-02  4.7593E-03
  1.2860E+00  1.2374E+00  1.1543E+00  1.0430E+00  9.1213E-01  7.7088E-01  6.2846E-01  4.9303E-01  3.7098E-01  2.6658E-01  1.8185E-01  1.1683E-01  6.9491E-02  3.8549E-02  1.8214E-02  7.6154E-03
  2.0139E+00  1.9378E+00  1.8075E+00  1.6332E+00  1.4281E+00  1.2068E+00  9.8366E-01  7.7150E-01  5.8032E-01  4.1680E-01  2.8413E-01  1.8211E-01  1.0928E-01  5.8299E-02  2.8610E-02  1.0586E-02
  3.0963E+00  2.9793E+00  2.7788E+00  2.5106E+00  2.1951E+00  1.8547E+00  1.5115E+00  1.1853E+00  8.9135E-01  6.4004E-01  4.3612E-01  2.8015E-01  1.6559E-01  9.1681E-02  4.3807E-02  1.6320E-02
  4.6736E+00  4.4969E+00  4.1940E+00  3.7889E+00  3.3123E+00  2.7982E+00  2.2801E+00  1.7875E+00  1.3439E+00  9.6460E-01  6.5722E-01  4.2019E-01  2.5287E-01  1.3512E-01  6.4810E-02  2.7052E-02
  6.9253E+00  6.6632E+00  6.2140E+00  5.6133E+00  4.9066E+00  4.1443E+00  3.3762E+00  2.6462E+00  1.9888E+00  1.4270E+00  9.7114E-01  6.2445E-01  3.6750E-01  2.0212E-01  9.4141E-02  4.4843E-02
  1.0074E+01  9.6920E+00  9.0379E+00  8.1633E+00  7.1345E+00  6.0250E+00  4.9071E+00  3.8449E+00  2.8887E+00  2.0717E+00  1.4108E+00  8.9899E-01  5.4009E-01  2.9069E-01  1.5163E-01  7.1160E-02
  1.4384E+01  1.3838E+01  1.2903E+01  1.1653E+01  1.0183E+01  8.5973E+00  7.0003E+00  5.4832E+00  4.1179E+00  2.9522E+00  2.0052E+00  1.2895E+00  7.6230E-01  4.0979E-01  2.5856E-01  1.1043E-01
  2.0158E+01  1.9393E+01  1.8081E+01  1.6327E+01  1.4264E+01  1.2040E+01  9.8008E+00  7.6739E+00  5.7604E+00  4.1259E+00  2.8084E+00  1.7875E+00  1.0611E+00  6.2019E-01  4.0035E-01  1.6633E-01
  2.7728E+01  2.6673E+01  2.4866E+01  2.2450E+01  1.9610E+01  1.6548E+01  1.3465E+01  1.0538E+01  7.9060E+00  5.6622E+00  3.8377E+00  2.4590E+00  1.4593E+00  9.8808E-01  5.8157E-01  2.4741E-01
  3.7428E+01  3.6002E+01  3.3559E+01  3.0293E+01  2.6454E+01  2.2316E+01  1.8151E+01  1.4198E+01  1.0645E+01  7.6108E+00  5.1738E+00  3.2909E+00  2.1178E+00  1.4716E+00  8.1981E-01  4.3255E-01
  4.9575E+01  4.7682E+01  4.4440E+01  4.0106E+01  3.5013E+01  2.9525E+01  2.4003E+01  1.8764E+01  1.4056E+01  1.0052E+01  6.8038E+00  4.3963E+00  3.1759E+00  2.0629E+00  1.1520E+00  7.8714E-01
  6.4421E+01  6.1956E+01  5.7733E+01  5.2090E+01  4.5458E+01  3.8315E+01  3.1131E+01  2.4318E+01  1.8202E+01  1.2985E+01  8.7939E+00  6.1474E+00  4.5131E+00  2.7997E+00  2.0159E+00  1.2480E+00
  8.2113E+01  7.8962E+01  7.3565E+01  6.6353E+01  5.7881E+01  4.8759E+01  3.9587E+01  3.0895E+01  2.3090E+01  1.6465E+01  1.1434E+01  8.7775E+00  6.0712E+00  4.1995E+00  3.8027E+00  1.8453E+00
  1.0264E+02  9.8685E+01  9.1916E+01  8.2874E+01  7.2255E+01  6.0825E+01  4.9338E+01  3.8457E+01  2.8711E+01  2.0551E+01  1.5571E+01  1.1831E+01  8.3301E+00  8.0119E+00  6.1891E+00  2.6912E+00
  1.2576E+02  1.2090E+02  1.1257E+02  1.0145E+02  8.8390E+01  7.4342E+01  6.0231E+01  4.6874E+01  3.4955E+01  2.6128E+01  2.0847E+01  1.5269E+01  1.4586E+01  1.4251E+01  9.1903E+00  3.7967E+00
  1.5099E+02  1.4512E+02  1.3507E+02  1.2165E+02  1.0590E+02  8.8962E+01  7.1954E+01  5.5899E+01  4.2271E+01  3.3786E+01  2.5927E+01  2.3896E+01  2.6987E+01  2.1712E+01  1.3210E+01  5.2154E+00
  1.7750E+02  1.7055E+02  1.5866E+02  1.4278E+02  1.2415E+02  1.0412E+02  8.4042E+01  6.5379E+01  5.1612E+01  4.1187E+01  3.6222E+01  4.3927E+01  4.2104E+01  3.0961E+01  1.8205E+01  7.0672E+00
  2.0413E+02  1.9607E+02  1.8227E+02  1.6384E+02  1.4223E+02  1.1901E+02  9.5888E+01  7.6027E+01  6.1795E+01  5.2110E+01  6.3309E+01  6.9543E+01  5.8941E+01  4.2545E+01  2.4123E+01  9.3852E+00
  2.2934E+02  2.2017E+02  2.0446E+02  1.8349E+02  1.5889E+02  1.3255E+02  1.0705E+02  8.6825E+01  7.0931E+01  8.2257E+01  1.0062E+02  9.5560E+01  7.9567E+01  5.5540E+01  3.1162E+01  1.2188E+01
  2.5117E+02  2.4094E+02  2.2340E+02  1.9999E+02  1.7256E+02  1.4341E+02  1.1696E+02  9.5204E+01  1.0028E+02  1.3010E+02  1.3546E+02  1.2569E+02  1.0227E+02  7.0041E+01  3.9142E+01  1.5463E+01
  2.6725E+02  2.5603E+02  2.3679E+02  2.1111E+02  1.8094E+02  1.4930E+02  1.2014E+02  1.1337E+02  1.5001E+02  1.7042E+02  1.7292E+02  1.5876E+02  1.2552E+02  8.6040E+01  4.7834E+01  1.9126E+01
  2.7465E+02  2.6257E+02  2.4167E+02  2.1363E+02  1.7998E+02  1.4459E+02  1.2656E+02  1.6103E+02  1.9394E+02  2.1107E+02  2.1438E+02  1.8978E+02  1.5041E+02  1.0241E+02  5.6983E+01  2.3069E+01
  2.6885E+02  2.5619E+02  2.3344E+02  2.0091E+02  1.6029E+02  1.3019E+02  1.5502E+02  1.9789E+02  2.3135E+02  2.5668E+02  2.4986E+02  2.2154E+02  1.7460E+02  1.1875E+02  6.6127E+01  2.7109E+01
  2.4263E+02  2.2918E+02  2.0155E+02  1.5781E+02  1.1994E+02  1.3456E+02  1.7790E+02  2.2405E+02  2.7292E+02  2.9124E+02  2.8385E+02  2.5100E+02  1.9695E+02  1.3405E+02  7.4885E+01  3.1034E+01
  1.8415E+02  1.6569E+02  1.1951E+02  7.6379E+01  8.9520E+01  1.3158E+02  1.8841E+02  2.5579E+02  3.0046E+02  3.2094E+02  3.1368E+02  2.7542E+02  2.1662E+02  1.4755E+02  8.2685E+01  3.4595E+01
  4.8233E+01  5.8953E+01  6.0854E+01  5.4893E+01  6.6029E+01  1.2317E+02  2.0329E+02  2.7132E+02  3.2012E+02  3.4538E+02  3.3474E+02  2.9562E+02  2.3188E+02  1.5858E+02  8.9014E+01  3.7522E+01
  5.5350E+02  3.8966E+02  2.0933E+02  7.3185E+01  4.3555E+01  1.2365E+02  2.0350E+02  2.7817E+02  3.3621E+02  3.5792E+02  3.5156E+02  3.0791E+02  2.4295E+02  1.6598E+02  9.3476E+01  3.9594E+01
  2.0840E+02  2.3488E+02  9.9784E+01  9.6906E+01  1.0446E+02  1.3920E+02  2.1122E+02  2.8853E+02  3.3762E+02  3.6826E+02  3.5607E+02  3.1460E+02  2.4767E+02  1.6971E+02  9.5610E+01  4.0623E+01
  9.7432E+02  9.8543E+02  6.7855E+02  4.4779E+02  2.9886E+02  2.2211E+02  2.3294E+02  2.9149E+02  3.3399E+02  3.6586E+02  3.5407E+02  3.1320E+02  2.4678E+02  1.6920E+02  9.5357E+01  4.0534E+01
  1.3638E+03  1.1654E+03  8.9162E+02  6.2417E+02  4.3067E+02  3.0994E+02  2.7080E+02  2.9352E+02  3.3658E+02  3.5402E+02  3.4698E+02  3.0435E+02  2.4053E+02  1.6455E+02  9.2766E+01  3.9341E+01
  8.0769E+02  7.8730E+02  7.4742E+02  6.1796E+02  4.6126E+02  3.4281E+02  2.9119E+02  2.9667E+02  3.2230E+02  3.4148E+02  3.2957E+02  2.9090E+02  2.2853E+02  1.5653E+02  8.7971E+01  3.7145E+01
  5.8672E+02  5.7646E+02  5.6921E+02  5.3069E+02  4.3318E+02  3.3858E+02  2.8282E+02  2.8563E+02  3.0563E+02  3.1640E+02  3.0761E+02  2.7027E+02  2.1276E+02  1.4514E+02  8.1448E+01  3.4142E+01
  4.7680E+02  4.6508E+02  4.4761E+02  4.2506E+02  3.7647E+02  3.0661E+02  2.6494E+02  2.5611E+02  2.7843E+02  2.8751E+02  2.7788E+02  2.4554E+02  1.9300E+02  1.3154E+02  7.3587E+01  3.0555E+01
  3.9548E+02  3.8404E+02  3.6441E+02  3.3989E+02  3.1048E+02  2.6530E+02  2.2896E+02  2.2627E+02  2.3587E+02  2.5340E+02  2.4498E+02  2.1675E+02  1.7087E+02  1.1638E+02  6.4891E+01  2.6651E+01
  3.2748E+02  3.1705E+02  2.9918E+02  2.7558E+02  2.4928E+02  2.1984E+02  1.8502E+02  1.8185E+02  1.9856E+02  2.0911E+02  2.1009E+02  1.8586E+02  1.4733E+02  1.0038E+02  5.5914E+01  2.2668E+01
  2.6876E+02  2.5981E+02  2.4448E+02  2.2397E+02  2.0020E+02  1.7612E+02  1.5195E+02  1.3392E+02  1.5414E+02  1.6854E+02  1.6942E+02  1.5537E+02  1.2309E+02  8.4455E+01  4.6993E+01  1.8808E+01
  2.1802E+02  2.1060E+02  1.9784E+02  1.8073E+02  1.6056E+02  1.3918E+02  1.2010E+02  1.0220E+02  1.0018E+02  1.2649E+02  1.3238E+02  1.2315E+02  1.0037E+02  6.8909E+01  3.8547E+01  1.5237E+01
  1.7454E+02  1.6851E+02  1.5814E+02  1.4420E+02  1.2772E+02  1.0992E+02  9.2689E+01  8.0379E+01  6.9609E+01  8.0364E+01  9.8161E+01  9.3777E+01  7.8378E+01  5.4808E+01  3.0796E+01  1.2050E+01
  1.3772E+02  1.3291E+02  1.2464E+02  1.1353E+02  1.0037E+02  8.6068E+01  7.1630E+01  5.9559E+01  5.2821E+01  4.7388E+01  6.1222E+01  6.8416E+01  5.8341E+01  4.2200E+01  2.3957E+01  9.3221E+00
  1.0702E+02  1.0325E+02  9.6771E+01  8.8067E+01  7.7761E+01  6.6558E+01  5.5169E+01  4.4417E+01  3.8145E+01  3.4675E+01  3.3416E+01  4.3107E+01  4.1871E+01  3.0927E+01  1.8194E+01  7.0613E+00
  8.1838E+01  7.8939E+01  7.3956E+01  6.7261E+01  5.9335E+01  5.0715E+01  4.1957E+01  3.3544E+01  2.6443E+01  2.4574E+01  2.1818E+01  2.2840E+01  2.6943E+01  2.1839E+01  1.3308E+01  5.2461E+00
  6.1565E+01  5.9374E+01  5.5608E+01  5.0548E+01  4.4560E+01  3.8049E+01  3.1420E+01  2.5069E+01  1.9276E+01  1.5757E+01  1.5524E+01  1.3160E+01  1.4450E+01  1.4439E+01  9.3392E+00  3.8458E+00
  4.5545E+01  4.3917E+01  4.1121E+01  3.7364E+01  3.2919E+01  2.8087E+01  2.3174E+01  1.8447E+01  1.4146E+01  1.0508E+01  9.8455E+00  9.2027E+00  7.6071E+00  8.1649E+00  6.3357E+00  2.7439E+00
  3.3125E+01  3.1938E+01  2.9897E+01  2.7157E+01  2.3915E+01  2.0392E+01  1.6809E+01  1.3369E+01  1.0241E+01  7.5057E+00  5.7322E+00  6.1558E+00  4.9887E+00  4.1185E+00  3.9232E+00  1.8868E+00
  2.3682E+01  2.2830E+01  2.1368E+01  1.9404E+01  1.7081E+01  1.4557E+01  1.1992E+01  9.5267E+00  7.2774E+00  5.3653E+00  3.7192E+00  3.4278E+00  3.4368E+00  2.4579E+00  2.0701E+00  1.2718E+00
  1.6639E+01  1.6039E+01  1.5010E+01  1.3627E+01  1.1992E+01  1.0216E+01  8.4106E+00  6.6777E+00  5.0986E+00  3.7199E+00  2.6237E+00  1.7836E+00  2.1013E+00  1.6673E+00  1.0937E+00  7.9843E-01
  1.1488E+01  1.1073E+01  1.0361E+01  9.4047E+00  8.2739E+00  7.0460E+00  5.7983E+00  4.6004E+00  3.5088E+00  2.5721E+00  1.7799E+00  1.1724E+00  1.0284E+00  1.1102E+00  7.1369E-01  4.2898E-01
  7.7937E+00  7.5118E+00  7.0278E+00  6.3780E+00  5.6098E+00  4.7757E+00  3.9285E+00  3.1154E+00  2.3749E+00  1.7304E+00  1.2225E+00  8.0033E-01  4.9464E-01  6.4756E-01  4.7900E-01  2.2602E-01
  5.1948E+00  5.0067E+00  4.6836E+00  4.2499E+00  3.7372E+00  3.1807E+00  2.6155E+00  2.0733E+00  1.5795E+00  1.1537E+00  7.9499E-01  5.4399E-01  3.3283E-01  2.7982E-01  3.0881E-01  1.4189E-01
  3.4017E+00  3.2784E+00  3.0665E+00  2.7822E+00  2.4462E+00  2.0814E+00  1.7110E+00  1.3558E+00  1.0324E+00  7.5206E-01  5.2753E-01  3.3745E-01  2.2417E-01  1.1831E-01  1.7537E-01  8.9040E-02
  2.1884E+00  2.1089E+00  1.9725E+00  1.7894E+00  1.5730E+00  1.3382E+00  1.0997E+00  8.7112E-01  6.6307E-01  4.8325E-01  3.3357E-01  2.2769E-01  1.3272E-01  8.4533E-02  7.1003E-02  5.0206E-02
  1.3829E+00  1.3327E+00  1.2463E+00  1.1305E+00  9.9367E-01  8.4517E-01  6.9442E-01  5.4990E-01  4.1841E-01  3.0463E-01  2.1207E-01  1.3622E-01  9.0779E-02  5.3403E-02  2.4034E-02  2.7170E-02
  8.5846E-01  8.2723E-01  7.7361E-01  7.0165E-01  6.1662E-01  5.2438E-01  4.3076E-01  3.4102E-01  2.5939E-01  1.8882E-01  1.3058E-01  8.7664E-02  5.0433E-02  3.2663E-02  2.2150E-02  1.3337E-02
  5.2345E-01  5.0439E-01  4.7167E-01  4.2776E-01  3.7588E-01  3.1960E-01  2.6249E-01  2.0775E-01  1.5798E-01  1.1495E-01  7.9702E-02  5.1578E-02  3.4352E-02  1.7103E-02  1.2937E-02  4.7769E-03
  3.1351E-01  3.0209E-01  2.8247E-01  2.5615E-01  2.2506E-01  1.9134E-01  1.5712E-01  1.2433E-01  9.4513E-02  6.8746E-02  4.7563E-02  3.1409E-02  1.8391E-02  1.2587E-02  6.0653E-03  5.4067E-03
  1.8443E-01  1.7771E-01  1.6616E-01  1.5067E-01  1.3237E-01  1.1252E-01  9.2382E-02  7.3090E-02  5.5553E-02  4.0400E-02  2.7971E-02  1.8215E-02  1.1703E-02  5.8628E-03  4.1071E-03  3.3723E-03
  1.0657E-01  1.0268E-01  9.6002E-02  8.7045E-02  7.6463E-02  6.4986E-02  5.3342E-02  4.2186E-02  3.2044E-02  2.3282E-02  1.6092E-02  1.0537E-02  6.2897E-03  4.2665E-03  1.7580E-03  1.6386E-03
  6.0479E-02  5.8271E-02  5.4481E-02  4.9399E-02  4.3398E-02  3.6895E-02  3.0302E-02  2.3988E-02  1.8249E-02  1.3288E-02  9.2126E-03  6.0298E-03  3.7749E-03  1.9615E-03  1.4974E-03  1.0648E-03
  3.3708E-02  3.2465E-02  3.0328E-02  2.7459E-02  2.4068E-02  2.0391E-02  1.6668E-02  1.3113E-02  9.8990E-03  7.1425E-03  4.9002E-03  3.1766E-03  1.9073E-03  1.1967E-03  5.2055E-04  2.2250E-04
  1.8474E-02  1.7879E-02  1.6847E-02  1.5440E-02  1.3745E-02  1.1862E-02  9.9006E-03  7.9671E-03  6.1583E-03  4.5512E-03  3.1973E-03  2.1194E-03  1.3236E-03  7.2545E-04  4.9725E-04  8.0859E-04


# trapped boundary
#  mu         vpar      
  1.8108E-02 -7.6321E-02
  1.8108E-02  8.8062E-02
  9.5589E-02 -1.8200E-01
  9.5589E-02  1.9374E-01
  2.3573E-01 -2.8767E-01
  2.3573E-01  2.9941E-01
  4.3989E-01 -4.0509E-01
  4.3989E-01  4.1683E-01
  7.1007E-01 -5.1076E-01
  7.1007E-01  5.2250E-01
  1.0491E+00 -6.1644E-01
  1.0491E+00  6.2818E-01
  1.4607E+00 -7.3386E-01
  1.4607E+00  7.4560E-01
  1.9499E+00 -8.5127E-01
  1.9499E+00  8.6301E-01
  2.5234E+00 -9.6869E-01
  2.5234E+00  9.8043E-01
  3.1901E+00 -1.0861E+00
  3.1901E+00  1.0978E+00
  3.9625E+00 -1.2153E+00
  3.9625E+00  1.2270E+00
  4.8582E+00 -1.3444E+00
  4.8582E+00  1.3562E+00
  5.9041E+00 -1.4736E+00
  5.9041E+00  1.4853E+00
  7.1447E+00 -1.6262E+00
  7.1447E+00  1.6380E+00
  8.6646E+00 -1.7906E+00
  8.6646E+00  1.8023E+00
  1.0681E+01 -1.9902E+00
  1.0681E+01  2.0020E+00


# , time = 281.29511, var = <|f|^2>^(1/2) , z = 0
  1.7856E-01  1.7266E-01  1.6244E-01  1.4854E-01  1.3183E-01  1.1333E-01  9.4133E-02  7.5302E-02  5.7783E-02  4.2322E-02  2.9397E-02  1.9202E-02  1.1654E-02  6.4935E-03  3.2100E-03  1.2117E-03
  3.0055E-01  2.8910E-01  2.6946E-01  2.4316E-01  2.1219E-01  1.7876E-01  1.4510E-01  1.1320E-01  8.4601E-02  6.0327E-02  4.0812E-02  2.5981E-02  1.5390E-02  8.2583E-03  3.9976E-03  1.8585E-03
  4.9734E-01  4.7860E-01  4.4649E-01  4.0355E-01  3.5304E-01  2.9857E-01  2.4366E-01  1.9144E-01  1.4434E-01  1.0400E-01  7.1184E-02  4.5902E-02  2.7502E-02  1.5233E-02  7.3319E-03  2.9441E-03
  8.0798E-01  7.7751E-01  7.2529E-01  6.5543E-01  5.7320E-01  4.8446E-01  3.9495E-01  3.0980E-01  2.3303E-01  1.6734E-01  1.1404E-01  7.3117E-02  4.3702E-02  2.3469E-02  1.1537E-02  4.7697E-03
  1.2888E+00  1.2402E+00  1.1568E+00  1.0453E+00  9.1413E-01  7.7257E-01  6.2984E-01  4.9411E-01  3.7180E-01  2.6717E-01  1.8225E-01  1.1709E-01  6.9644E-02  3.8634E-02  1.8254E-02  7.6321E-03
  2.0183E+00  1.9421E+00  1.8115E+00  1.6368E+00  1.4312E+00  1.2094E+00  9.8582E-01  7.7319E-01  5.8159E-01  4.1772E-01  2.8476E-01  1.8251E-01  1.0952E-01  5.8427E-02  2.8673E-02  1.0610E-02
  3.1031E+00  2.9858E+00  2.7849E+00  2.5161E+00  2.1999E+00  1.8587E+00  1.5148E+00  1.1879E+00  8.9331E-01  6.4144E-01  4.3708E-01  2.8077E-01  1.6596E-01  9.1882E-02  4.3903E-02  1.6356E-02
  4.6839E+00  4.5067E+00  4.2032E+00  3.7972E+00  3.3196E+00  2.8044E+00  2.2851E+00  1.7914E+00  1.3468E+00  9.6672E-01  6.5866E-01  4.2111E-01  2.5343E-01  1.3541E-01  6.4953E-02  2.7111E-02
  6.9405E+00  6.6778E+00  6.2276E+00  5.6256E+00  4.9173E+00  4.1534E+00  3.3836E+00  2.6520E+00  1.9932E+00  1.4301E+00  9.7327E-01  6.2582E-01  3.6831E-01  2.0256E-01  9.4347E-02  4.4940E-02
  1.0096E+01  9.7132E+00  9.0578E+00  8.1812E+00  7.1502E+00  6.0382E+00  4.9179E+00  3.8534E+00  2.8951E+00  2.0762E+00  1.4139E+00  9.0097E-01  5.4128E-01  2.9133E-01  1.5197E-01  7.1314E-02
  1.4415E+01  1.3868E+01  1.2931E+01  1.1679E+01  1.0205E+01  8.6162E+00  7.0157E+00  5.4953E+00  4.1269E+00  2.9587E+00  2.0096E+00  1.2923E+00  7.6397E-01  4.1069E-01  2.5913E-01  1.1067E-01
  2.0203E+01  1.9435E+01  1.8121E+01  1.6363E+01  1.4296E+01  1.2067E+01  9.8223E+00  7.6907E+00  5.7730E+00  4.1349E+00  2.8146E+00  1.7915E+00  1.0634E+00  6.2155E-01  4.0123E-01  1.6670E-01
  2.7789E+01  2.6732E+01  2.4921E+01  2.2500E+01  1.9653E+01  1.6584E+01  1.3495E+01  1.0561E+01  7.9234E+00  5.6746E+00  3.8461E+00  2.4644E+00  1.4625E+00  9.9026E-01  5.8285E-01  2.4794E-01
  3.7511E+01  3.6082E+01  3.3633E+01  3.0360E+01  2.6512E+01  2.2365E+01  1.8191E+01  1.4229E+01  1.0669E+01  7.6275E+00  5.1851E+00  3.2981E+00  2.1225E+00  1.4749E+00  8.2162E-01  4.3350E-01
  4.9684E+01  4.7787E+01  4.4538E+01  4.0194E+01  3.5089E+01  2.9590E+01  2.4055E+01  1.8805E+01  1.4087E+01  1.0074E+01  6.8188E+00  4.4059E+00  3.1829E+00  2.0675E+00  1.1546E+00  7.8886E-01
  6.4563E+01  6.2092E+01  5.7860E+01  5.2204E+01  4.5558E+01  3.8399E+01  3.1199E+01  2.4371E+01  1.8242E+01  1.3013E+01  8.8132E+00  6.1609E+00  4.5230E+00  2.8058E+00  2.0203E+00  1.2507E+00
  8.2293E+01  7.9136E+01  7.3727E+01  6.6499E+01  5.8008E+01  4.8866E+01  3.9674E+01  3.0963E+01  2.3141E+01  1.6501E+01  1.1459E+01  8.7967E+00  6.0845E+00  4.2087E+00  3.8111E+00  1.8493E+00
  1.0286E+02  9.8901E+01  9.2118E+01  8.3056E+01  7.2413E+01  6.0958E+01  4.9446E+01  3.8541E+01  2.8774E+01  2.0597E+01  1.5605E+01  1.1857E+01  8.3484E+00  8.0295E+00  6.2027E+00  2.6972E+00
  1.2604E+02  1.2116E+02  1.1282E+02  1.0167E+02  8.8584E+01  7.4505E+01  6.0363E+01  4.6977E+01  3.5032E+01  2.6185E+01  2.0893E+01  1.5303E+01  1.4618E+01  1.4282E+01  9.2105E+00  3.8051E+00
  1.5132E+02  1.4544E+02  1.3536E+02  1.2192E+02  1.0613E+02  8.9157E+01  7.2112E+01  5.6021E+01  4.2364E+01  3.3861E+01  2.5984E+01  2.3949E+01  2.7046E+01  2.1759E+01  1.3239E+01  5.2269E+00
  1.7789E+02  1.7093E+02  1.5901E+02  1.4309E+02  1.2442E+02  1.0435E+02  8.4227E+01  6.5523E+01  5.1725E+01  4.1277E+01  3.6302E+01  4.4023E+01  4.2196E+01  3.1029E+01  1.8245E+01  7.0829E+00
  2.0458E+02  1.9650E+02  1.8267E+02  1.6420E+02  1.4254E+02  1.1927E+02  9.6098E+01  7.6194E+01  6.1930E+01  5.2225E+01  6.3447E+01  6.9696E+01  5.9071E+01  4.2638E+01  2.4176E+01  9.4060E+00
  2.2984E+02  2.2065E+02  2.0491E+02  1.8389E+02  1.5924E+02  1.3284E+02  1.0729E+02  8.7015E+01  7.1087E+01  8.2438E+01  1.0084E+02  9.5770E+01  7.9741E+01  5.5662E+01  3.1230E+01  1.2215E+01
  2.5172E+02  2.4147E+02  2.2389E+02  2.0043E+02  1.7294E+02  1.4372E+02  1.1721E+02  9.5413E+01  1.0050E+02  1.3038E+02  1.3575E+02  1.2596E+02  1.0250E+02  7.0195E+01  3.9227E+01  1.5497E+01
  2.6783E+02  2.5660E+02  2.3731E+02  2.1157E+02  1.8133E+02  1.4963E+02  1.2040E+02  1.1362E+02  1.5034E+02  1.7079E+02  1.7330E+02  1.5910E+02  1.2579E+02  8.6229E+01  4.7939E+01  1.9168E+01
  2.7525E+02  2.6315E+02  2.4220E+02  2.1410E+02  1.8037E+02  1.4490E+02  1.2683E+02  1.6138E+02  1.9436E+02  2.1153E+02  2.1486E+02  1.9020E+02  1.5074E+02  1.0263E+02  5.7108E+01  2.3120E+01
  2.6945E+02  2.5675E+02  2.3395E+02  2.0135E+02  1.6064E+02  1.3048E+02  1.5536E+02  1.9832E+02  2.3186E+02  2.5724E+02  2.5041E+02  2.2202E+02  1.7498E+02  1.1901E+02  6.6272E+01  2.7169E+01
  2.4316E+02  2.2968E+02  2.0200E+02  1.5815E+02  1.2020E+02  1.3486E+02  1.7829E+02  2.2454E+02  2.7352E+02  2.9188E+02  2.8447E+02  2.5155E+02  1.9738E+02  1.3434E+02  7.5050E+01  3.1102E+01
  1.8456E+02  1.6606E+02  1.1977E+02  7.6546E+01  8.9717E+01  1.3187E+02  1.8882E+02  2.5635E+02  3.0112E+02  3.2165E+02  3.1436E+02  2.7602E+02  2.1709E+02  1.4788E+02  8.2867E+01  3.4671E+01
  4.8339E+01  5.9083E+01  6.0987E+01  5.5015E+01  6.6175E+01  1.2344E+02  2.0374E+02  2.7192E+02  3.2082E+02  3.4614E+02  3.3547E+02  2.9627E+02  2.3239E+02  1.5893E+02  8.9209E+01  3.7605E+01
  5.5471E+02  3.9052E+02  2.0979E+02  7.3347E+01  4.3650E+01  1.2393E+02  2.0395E+02  2.7878E+02  3.3695E+02  3.5871E+02  3.5233E+02  3.0859E+02  2.4348E+02  1.6634E+02  9.3681E+01  3.9681E+01
  2.0885E+02  2.3540E+02  1.0000E+02  9.7120E+01  1.0469E+02  1.3950E+02  2.1168E+02  2.8916E+02  3.3836E+02  3.6907E+02  3.5685E+02  3.1529E+02  2.4822E+02  1.7009E+02  9.5819E+01  4.0712E+01
  9.7646E+02  9.8759E+02  6.8004E+02  4.4878E+02  2.9952E+02  2.2260E+02  2.3345E+02  2.9213E+02  3.3472E+02  3.6667E+02  3.5485E+02  3.1389E+02  2.4732E+02  1.6957E+02  9.5566E+01  4.0623E+01
  1.3668E+03  1.1680E+03  8.9358E+02  6.2555E+02  4.3161E+02  3.1062E+02  2.7140E+02  2.9417E+02  3.3732E+02  3.5479E+02  3.4774E+02  3.0501E+02  2.4106E+02  1.6491E+02  9.2969E+01  3.9427E+01
  8.0946E+02  7.8903E+02  7.4906E+02  6.1932E+02  4.6228E+02  3.4357E+02  2.9183E+02  2.9732E+02  3.2301E+02  3.4223E+02  3.3029E+02  2.9154E+02  2.2904E+02  1.5687E+02  8.8164E+01  3.7227E+01
  5.8800E+02  5.7773E+02  5.7046E+02  5.3185E+02  4.3413E+02  3.3933E+02  2.8344E+02  2.8626E+02  3.0631E+02  3.1710E+02  3.0829E+02  2.7087E+02  2.1323E+02  1.4546E+02  8.1627E+01  3.4218E+01
  4.7784E+02  4.6610E+02  4.4859E+02  4.2600E+02  3.7730E+02  3.0728E+02  2.6552E+02  2.5667E+02  2.7904E+02  2.8814E+02  2.7849E+02  2.4608E+02  1.9343E+02  1.3183E+02  7.3748E+01  3.0622E+01
  3.9635E+02  3.8488E+02  3.6521E+02  3.4064E+02  3.1116E+02  2.6589E+02  2.2947E+02  2.2676E+02  2.3639E+02  2.5396E+02  2.4551E+02  2.1723E+02  1.7124E+02  1.1664E+02  6.5034E+01  2.6709E+01
  3.2820E+02  3.1775E+02  2.9984E+02  2.7619E+02  2.4983E+02  2.2032E+02  1.8542E+02  1.8225E+02  1.9899E+02  2.0957E+02  2.1055E+02  1.8627E+02  1.4766E+02  1.0060E+02  5.6037E+01  2.2718E+01
  2.6935E+02  2.6038E+02  2.4502E+02  2.2446E+02  2.0064E+02  1.7651E+02  1.5228E+02  1.3421E+02  1.5448E+02  1.6891E+02  1.6979E+02  1.5571E+02  1.2336E+02  8.4640E+01  4.7096E+01  1.8850E+01
  2.1850E+02  2.1106E+02  1.9828E+02  1.8112E+02  1.6092E+02  1.3949E+02  1.2036E+02  1.0243E+02  1.0040E+02  1.2676E+02  1.3267E+02  1.2342E+02  1.0059E+02  6.9060E+01  3.8632E+01  1.5271E+01
  1.7492E+02  1.6888E+02  1.5848E+02  1.4452E+02  1.2800E+02  1.1017E+02  9.2893E+01  8.0555E+01  6.9762E+01  8.0541E+01  9.8376E+01  9.3983E+01  7.8550E+01  5.4928E+01  3.0864E+01  1.2076E+01
  1.3802E+02  1.3320E+02  1.2491E+02  1.1378E+02  1.0059E+02  8.6257E+01  7.1788E+01  5.9690E+01  5.2937E+01  4.7492E+01  6.1356E+01  6.8566E+01  5.8469E+01  4.2293E+01  2.4009E+01  9.3427E+00
  1.0725E+02  1.0347E+02  9.6983E+01  8.8260E+01  7.7932E+01  6.6704E+01  5.5290E+01  4.4515E+01  3.8229E+01  3.4751E+01  3.3489E+01  4.3202E+01  4.1963E+01  3.0995E+01  1.8234E+01  7.0769E+00
  8.2018E+01  7.9112E+01  7.4119E+01  6.7409E+01  5.9466E+01  5.0826E+01  4.2049E+01  3.3617E+01  2.6501E+01  2.4628E+01  2.1865E+01  2.2890E+01  2.7002E+01  2.1887E+01  1.3338E+01  5.2577E+00
  6.1701E+01  5.9504E+01  5.5730E+01  5.0659E+01  4.4657E+01  3.8133E+01  3.1489E+01  2.5124E+01  1.9319E+01  1.5791E+01  1.5558E+01  1.3189E+01  1.4482E+01  1.4471E+01  9.3598E+00  3.8543E+00
  4.5645E+01  4.4014E+01  4.1211E+01  3.7446E+01  3.2991E+01  2.8149E+01  2.3224E+01  1.8488E+01  1.4177E+01  1.0531E+01  9.8671E+00  9.2229E+00  7.6238E+00  8.1828E+00  6.3496E+00  2.7499E+00
  3.3198E+01  3.2008E+01  2.9963E+01  2.7217E+01  2.3968E+01  2.0437E+01  1.6846E+01  1.3398E+01  1.0264E+01  7.5221E+00  5.7448E+00  6.1693E+00  4.9996E+00  4.1275E+00  3.9318E+00  1.8909E+00
  2.3734E+01  2.2880E+01  2.1415E+01  1.9447E+01  1.7118E+01  1.4589E+01  1.2018E+01  9.5476E+00  7.2933E+00  5.3771E+00  3.7274E+00  3.4353E+00  3.4444E+00  2.4633E+00  2.0747E+00  1.2746E+00
  1.6675E+01  1.6075E+01  1.5043E+01  1.3657E+01  1.2018E+01  1.0238E+01  8.4291E+00  6.6923E+00  5.1098E+00  3.7281E+00  2.6295E+00  1.7875E+00  2.1059E+00  1.6710E+00  1.0962E+00  8.0018E-01
  1.1513E+01  1.1098E+01  1.0384E+01  9.4254E+00  8.2920E+00  7.0614E+00  5.8110E+00  4.6105E+00  3.5165E+00  2.5778E+00  1.7838E+00  1.1750E+00  1.0306E+00  1.1127E+00  7.1527E-01  4.2992E-01
  7.8108E+00  7.5283E+00  7.0432E+00  6.3920E+00  5.6221E+00  4.7862E+00  3.9371E+00  3.1223E+00  2.3801E+00  1.7342E+00  1.2251E+00  8.0208E-01  4.9572E-01  6.4898E-01  4.8006E-01  2.2651E-01
  5.2062E+00  5.0177E+00  4.6939E+00  4.2592E+00  3.7454E+00  3.1877E+00  2.6213E+00  2.0778E+00  1.5830E+00  1.1562E+00  7.9673E-01  5.4519E-01  3.3356E-01  2.8044E-01  3.0949E-01  1.4220E-01
  3.4092E+00  3.2856E+00  3.0733E+00  2.7883E+00  2.4515E+00  2.0860E+00  1.7148E+00  1.3588E+00  1.0347E+00  7.5371E-01  5.2869E-01  3.3820E-01  2.2467E-01  1.1857E-01  1.7575E-01  8.9233E-02
  2.1932E+00  2.1135E+00  1.9768E+00  1.7933E+00  1.5764E+00  1.3411E+00  1.1022E+00  8.7303E-01  6.6452E-01  4.8431E-01  3.3430E-01  2.2819E-01  1.3301E-01  8.4718E-02  7.1159E-02  5.0314E-02
  1.3860E+00  1.3356E+00  1.2491E+00  1.1330E+00  9.9585E-01  8.4702E-01  6.9595E-01  5.5111E-01  4.1933E-01  3.0530E-01  2.1254E-01  1.3652E-01  9.0979E-02  5.3521E-02  2.4087E-02  2.7228E-02
  8.6034E-01  8.2905E-01  7.7530E-01  7.0319E-01  6.1798E-01  5.2553E-01  4.3171E-01  3.4177E-01  2.5996E-01  1.8924E-01  1.3087E-01  8.7856E-02  5.0544E-02  3.2734E-02  2.2198E-02  1.3365E-02
  5.2460E-01  5.0550E-01  4.7270E-01  4.2870E-01  3.7670E-01  3.2030E-01  2.6307E-01  2.0821E-01  1.5833E-01  1.1520E-01  7.9877E-02  5.1691E-02  3.4428E-02  1.7141E-02  1.2966E-02  4.7871E-03
  3.1420E-01  3.0275E-01  2.8309E-01  2.5672E-01  2.2556E-01  1.9176E-01  1.5746E-01  1.2460E-01  9.4721E-02  6.8897E-02  4.7668E-02  3.1478E-02  1.8431E-02  1.2614E-02  6.0786E-03  5.4185E-03
  1.8484E-01  1.7810E-01  1.6652E-01  1.5100E-01  1.3266E-01  1.1276E-01  9.2584E-02  7.3250E-02  5.5675E-02  4.0489E-02  2.8032E-02  1.8255E-02  1.1729E-02  5.8757E-03  4.1161E-03  3.3797E-03
  1.0680E-01  1.0290E-01  9.6213E-02  8.7236E-02  7.6631E-02  6.5129E-02  5.3459E-02  4.2278E-02  3.2114E-02  2.3333E-02  1.6127E-02  1.0561E-02  6.3035E-03  4.2759E-03  1.7619E-03  1.6422E-03
  6.0612E-02  5.8399E-02  5.4601E-02  4.9507E-02  4.3494E-02  3.6976E-02  3.0369E-02  2.4041E-02  1.8289E-02  1.3318E-02  9.2328E-03  6.0431E-03  3.7832E-03  1.9658E-03  1.5007E-03  1.0672E-03
  3.3782E-02  3.2536E-02  3.0394E-02  2.7519E-02  2.4120E-02  2.0436E-02  1.6705E-02  1.3142E-02  9.9207E-03  7.1581E-03  4.9110E-03  3.1836E-03  1.9114E-03  1.1993E-03  5.2168E-04  2.2297E-04
  1.8515E-02  1.7918E-02  1.6884E-02  1.5474E-02  1.3775E-02  1.1888E-02  9.9223E-03  7.9846E-03  6.1719E-03  4.5612E-03  3.2043E-03  2.1241E-03  1.3265E-03  7.2704E-04  4.9835E-04  8.1037E-04
