# CREATED BY GENE DIAGNOSTICS TOOL on Sat May 17 17:25:37 2025 /home/unix/ottink/gene/diagnostics
# diag: vsp1, run(s): RFPnTEMv5, time window: 277.34569-277.34642(2 steps), species: e
# original data path: /Differ/Data/IMT/lottink/RFP_nTEM/vgrid/
# normalization: L_ref=1.5m
#
# vpar
 -3.0000E+00
 -2.9048E+00
 -2.8095E+00
 -2.7143E+00
 -2.6190E+00
 -2.5238E+00
 -2.4286E+00
 -2.3333E+00
 -2.2381E+00
 -2.1429E+00
 -2.0476E+00
 -1.9524E+00
 -1.8571E+00
 -1.7619E+00
 -1.6667E+00
 -1.5714E+00
 -1.4762E+00
 -1.3810E+00
 -1.2857E+00
 -1.1905E+00
 -1.0952E+00
 -1.0000E+00
 -9.0476E-01
 -8.0952E-01
 -7.1429E-01
 -6.1905E-01
 -5.2381E-01
 -4.2857E-01
 -3.3333E-01
 -2.3810E-01
 -1.4286E-01
 -4.7619E-02
  4.7619E-02
  1.4286E-01
  2.3810E-01
  3.3333E-01
  4.2857E-01
  5.2381E-01
  6.1905E-01
  7.1429E-01
  8.0952E-01
  9.0476E-01
  1.0000E+00
  1.0952E+00
  1.1905E+00
  1.2857E+00
  1.3810E+00
  1.4762E+00
  1.5714E+00
  1.6667E+00
  1.7619E+00
  1.8571E+00
  1.9524E+00
  2.0476E+00
  2.1429E+00
  2.2381E+00
  2.3333E+00
  2.4286E+00
  2.5238E+00
  2.6190E+00
  2.7143E+00
  2.8095E+00
  2.9048E+00
  3.0000E+00


# mu
  1.8108E-02
  9.5589E-02
  2.3573E-01
  4.3989E-01
  7.1007E-01
  1.0491E+00
  1.4607E+00
  1.9499E+00
  2.5234E+00
  3.1901E+00
  3.9625E+00
  4.8582E+00
  5.9041E+00
  7.1447E+00
  8.6646E+00
  1.0681E+01


# trapped boundary
#  mu         vpar      
  1.8108E-02 -7.6321E-02
  1.8108E-02  8.8062E-02
  9.5589E-02 -1.8200E-01
  9.5589E-02  1.9374E-01
  2.3573E-01 -2.8767E-01
  2.3573E-01  2.9941E-01
  4.3989E-01 -4.0509E-01
  4.3989E-01  4.1683E-01
  7.1007E-01 -5.1076E-01
  7.1007E-01  5.2250E-01
  1.0491E+00 -6.1644E-01
  1.0491E+00  6.2818E-01
  1.4607E+00 -7.3386E-01
  1.4607E+00  7.4560E-01
  1.9499E+00 -8.5127E-01
  1.9499E+00  8.6301E-01
  2.5234E+00 -9.6869E-01
  2.5234E+00  9.8043E-01
  3.1901E+00 -1.0861E+00
  3.1901E+00  1.0978E+00
  3.9625E+00 -1.2153E+00
  3.9625E+00  1.2270E+00
  4.8582E+00 -1.3444E+00
  4.8582E+00  1.3562E+00
  5.9041E+00 -1.4736E+00
  5.9041E+00  1.4853E+00
  7.1447E+00 -1.6262E+00
  7.1447E+00  1.6380E+00
  8.6646E+00 -1.7906E+00
  8.6646E+00  1.8023E+00
  1.0681E+01 -1.9902E+00
  1.0681E+01  2.0020E+00


# , time = 277.34569, var = <|f|^2>^(1/2) , z = 0
  1.5622E-02  1.5115E-02  1.4237E-02  1.3041E-02  1.1600E-02  9.9986E-03  8.3306E-03  6.6875E-03  5.1522E-03  3.7913E-03  2.6489E-03  1.7442E-03  1.0702E-03  6.1465E-04  3.1227E-04  1.0710E-04
  2.7378E-02  2.6351E-02  2.4588E-02  2.2224E-02  1.9436E-02  1.6421E-02  1.3377E-02  1.0480E-02  7.8720E-03  5.6456E-03  3.8450E-03  2.4681E-03  1.4824E-03  8.0233E-04  4.3013E-04  2.7585E-04
  4.7182E-02  4.5431E-02  4.2429E-02  3.8410E-02  3.3674E-02  2.8555E-02  2.3381E-02  1.8444E-02  1.3975E-02  1.0127E-02  6.9791E-03  4.5401E-03  2.7456E-03  1.5845E-03  7.7128E-04  3.5901E-04
  7.9841E-02  7.6879E-02  7.1797E-02  6.4990E-02  5.6963E-02  4.8280E-02  3.9496E-02  3.1111E-02  2.3520E-02  1.6994E-02  1.1668E-02  7.5475E-03  4.5936E-03  2.4723E-03  1.3576E-03  7.1305E-04
  1.3268E-01  1.2776E-01  1.1931E-01  1.0800E-01  9.4666E-02  8.0241E-02  6.5652E-02  5.1728E-02  3.9125E-02  2.8290E-02  1.9443E-02  1.2628E-02  7.5586E-03  4.4164E-03  2.1188E-03  1.3336E-03
  2.1652E-01  2.0849E-01  1.9471E-01  1.7625E-01  1.5449E-01  1.3095E-01  1.0714E-01  8.4413E-02  6.3840E-02  4.6150E-02  3.1716E-02  2.0495E-02  1.2622E-02  6.7285E-03  3.6563E-03  1.6937E-03
  3.4700E-01  3.3413E-01  3.1204E-01  2.8246E-01  2.4759E-01  2.0986E-01  1.7171E-01  1.3529E-01  1.0232E-01  7.3970E-02  5.0807E-02  3.3097E-02  1.9590E-02  1.1405E-02  6.0190E-03  2.1110E-03
  5.4610E-01  5.2584E-01  4.9109E-01  4.4454E-01  3.8966E-01  3.3028E-01  2.7024E-01  2.1292E-01  1.6103E-01  1.1641E-01  8.0057E-02  5.1501E-02  3.2046E-02  1.7329E-02  9.2142E-03  3.5936E-03
  8.4399E-01  8.1268E-01  7.5898E-01  6.8704E-01  6.0222E-01  5.1046E-01  4.1766E-01  3.2907E-01  2.4887E-01  1.7993E-01  1.2344E-01  8.0938E-02  4.7587E-02  2.7750E-02  1.2664E-02  6.6693E-03
  1.2809E+00  1.2334E+00  1.1519E+00  1.0427E+00  9.1400E-01  7.7474E-01  6.3389E-01  4.9944E-01  3.7773E-01  2.7302E-01  1.8812E-01  1.2030E-01  7.5016E-02  4.1691E-02  2.1107E-02  1.1366E-02
  1.9091E+00  1.8383E+00  1.7169E+00  1.5541E+00  1.3623E+00  1.1547E+00  9.4479E-01  7.4439E-01  5.6297E-01  4.0715E-01  2.7863E-01  1.8361E-01  1.1014E-01  5.8677E-02  4.1339E-02  1.9303E-02
  2.7943E+00  2.6906E+00  2.5129E+00  2.2747E+00  1.9939E+00  1.6901E+00  1.3828E+00  1.0895E+00  8.2405E-01  5.9528E-01  4.1137E-01  2.6382E-01  1.6067E-01  9.2600E-02  6.8458E-02  3.1312E-02
  4.0163E+00  3.8673E+00  3.6118E+00  3.2695E+00  2.8659E+00  2.4292E+00  1.9876E+00  1.5660E+00  1.1843E+00  8.5713E-01  5.8576E-01  3.8548E-01  2.2568E-01  1.6328E-01  1.0436E-01  4.8388E-02
  5.6689E+00  5.4587E+00  5.0980E+00  4.6149E+00  4.0452E+00  3.4289E+00  2.8055E+00  2.2105E+00  1.6721E+00  1.2067E+00  8.3666E-01  5.3648E-01  3.4429E-01  2.6101E-01  1.5416E-01  8.9835E-02
  7.8578E+00  7.5664E+00  7.0665E+00  6.3968E+00  5.6071E+00  4.7528E+00  3.8888E+00  3.0638E+00  2.3164E+00  1.6796E+00  1.1522E+00  7.3862E-01  5.6346E-01  3.8602E-01  2.2405E-01  1.7146E-01
  1.0696E+01  1.0299E+01  9.6189E+00  8.7073E+00  7.6324E+00  6.4696E+00  5.2934E+00  4.1709E+00  3.1563E+00  2.2812E+00  1.5554E+00  1.0981E+00  8.6077E-01  5.4598E-01  4.2124E-01  2.7582E-01
  1.4298E+01  1.3767E+01  1.2858E+01  1.1639E+01  1.0203E+01  8.6482E+00  7.0760E+00  5.5745E+00  4.2168E+00  3.0495E+00  2.1111E+00  1.7050E+00  1.2209E+00  8.7470E-01  8.4586E-01  4.0918E-01
  1.8768E+01  1.8072E+01  1.6879E+01  1.5279E+01  1.3393E+01  1.1352E+01  9.2883E+00  7.3209E+00  5.5440E+00  3.9863E+00  3.0867E+00  2.4598E+00  1.7609E+00  1.8369E+00  1.4345E+00  6.0140E-01
  2.4195E+01  2.3297E+01  2.1758E+01  1.9696E+01  1.7265E+01  1.4635E+01  1.1976E+01  9.4386E+00  7.1230E+00  5.3589E+00  4.4592E+00  3.3211E+00  3.4072E+00  3.4561E+00  2.2010E+00  8.6172E-01
  3.0629E+01  2.9493E+01  2.7545E+01  2.4934E+01  2.1856E+01  1.8527E+01  1.5160E+01  1.1946E+01  9.0955E+00  7.4463E+00  5.8549E+00  5.6367E+00  6.7475E+00  5.4611E+00  3.2502E+00  1.2105E+00
  3.8077E+01  3.6665E+01  3.4243E+01  3.0998E+01  2.7171E+01  2.3033E+01  1.8854E+01  1.4854E+01  1.1893E+01  9.7291E+00  8.6807E+00  1.1197E+01  1.0934E+01  7.9906E+00  4.5861E+00  1.6835E+00
  4.6485E+01  4.4762E+01  4.1805E+01  3.7843E+01  3.3172E+01  2.8124E+01  2.3010E+01  1.8483E+01  1.5314E+01  1.2964E+01  1.6439E+01  1.8479E+01  1.5691E+01  1.1193E+01  6.1999E+00  2.2928E+00
  5.5731E+01  5.3664E+01  5.0119E+01  4.5369E+01  3.9771E+01  3.3720E+01  2.7735E+01  2.3023E+01  1.9147E+01  2.2109E+01  2.7303E+01  2.6037E+01  2.1555E+01  1.4851E+01  8.1377E+00  3.0446E+00
  6.5614E+01  6.3180E+01  5.9005E+01  5.3415E+01  4.6834E+01  3.9763E+01  3.3304E+01  2.7794E+01  2.8257E+01  3.6216E+01  3.7785E+01  3.4879E+01  2.8112E+01  1.8975E+01  1.0354E+01  3.9346E+00
  7.5856E+01  7.3043E+01  6.8218E+01  6.1765E+01  5.4190E+01  4.6366E+01  3.9212E+01  3.6260E+01  4.4446E+01  4.9244E+01  4.9289E+01  4.4725E+01  3.4949E+01  2.3549E+01  1.2783E+01  4.9378E+00
  8.6117E+01  8.2927E+01  7.7464E+01  7.0175E+01  6.1758E+01  5.3256E+01  4.7156E+01  5.2407E+01  5.9320E+01  6.2549E+01  6.2143E+01  5.4226E+01  4.2305E+01  2.8273E+01  1.5349E+01  6.0204E+00
  9.6033E+01  9.2485E+01  8.6433E+01  7.8413E+01  6.9324E+01  6.0989E+01  6.1270E+01  6.7504E+01  7.2932E+01  7.7435E+01  7.3627E+01  6.4032E+01  4.9550E+01  3.3015E+01  1.7916E+01  7.1283E+00
  1.0528E+02  1.0139E+02  9.4818E+01  8.6234E+01  7.6938E+01  7.2280E+01  7.4536E+01  7.9889E+01  8.8183E+01  8.9716E+01  8.4855E+01  7.3323E+01  5.6345E+01  3.7480E+01  2.0373E+01  8.2008E+00
  1.1349E+02  1.0928E+02  1.0228E+02  9.3398E+01  8.5520E+01  8.2312E+01  8.4541E+01  9.3522E+01  9.9801E+01  1.0080E+02  9.5040E+01  8.1268E+01  6.2386E+01  4.1444E+01  2.2561E+01  9.1716E+00
  1.2009E+02  1.1567E+02  1.0841E+02  9.9731E+01  9.2271E+01  8.9214E+01  9.4836E+01  1.0286E+02  1.0890E+02  1.1028E+02  1.0269E+02  8.7943E+01  6.7183E+01  4.4712E+01  2.4345E+01  9.9703E+00
  1.2472E+02  1.2017E+02  1.1281E+02  1.0389E+02  9.6319E+01  9.5551E+01  1.0048E+02  1.0886E+02  1.1642E+02  1.1601E+02  1.0888E+02  9.2306E+01  7.0743E+01  4.6959E+01  2.5624E+01  1.0542E+01
  1.2711E+02  1.2245E+02  1.1491E+02  1.0586E+02  9.9140E+01  9.7391E+01  1.0360E+02  1.1366E+02  1.1858E+02  1.2034E+02  1.1119E+02  9.4840E+01  7.2438E+01  4.8172E+01  2.6273E+01  1.0839E+01
  1.2709E+02  1.2233E+02  1.1470E+02  1.0548E+02  9.8464E+01  9.6421E+01  1.0258E+02  1.1277E+02  1.1792E+02  1.1998E+02  1.1099E+02  9.4752E+01  7.2407E+01  4.8164E+01  2.6271E+01  1.0838E+01
  1.2456E+02  1.1991E+02  1.1250E+02  1.0342E+02  9.5583E+01  9.4636E+01  9.9640E+01  1.0829E+02  1.1612E+02  1.1574E+02  1.0862E+02  9.2177E+01  7.0691E+01  4.6943E+01  2.5620E+01  1.0542E+01
  1.1968E+02  1.1526E+02  1.0801E+02  9.9184E+01  9.1467E+01  8.8249E+01  9.3949E+01  1.0218E+02  1.0848E+02  1.1013E+02  1.0267E+02  8.7906E+01  6.7166E+01  4.4704E+01  2.4343E+01  9.9700E+00
  1.1306E+02  1.0892E+02  1.0190E+02  9.2868E+01  8.4806E+01  8.1479E+01  8.3775E+01  9.2959E+01  9.9402E+01  1.0051E+02  9.4911E+01  8.1264E+01  6.2387E+01  4.1445E+01  2.2561E+01  9.1717E+00
  1.0505E+02  1.0121E+02  9.4630E+01  8.5931E+01  7.6460E+01  7.1723E+01  7.4015E+01  7.9486E+01  8.7952E+01  8.9611E+01  8.4767E+01  7.3265E+01  5.6337E+01  3.7480E+01  2.0373E+01  8.2010E+00
  9.5936E+01  9.2408E+01  8.6358E+01  7.8300E+01  6.9122E+01  6.0708E+01  6.0990E+01  6.7301E+01  7.2786E+01  7.7373E+01  7.3652E+01  6.4041E+01  4.9539E+01  3.3012E+01  1.7915E+01  7.1283E+00
  8.6068E+01  8.2880E+01  7.7422E+01  7.0133E+01  6.1671E+01  5.3106E+01  4.7016E+01  5.2327E+01  5.9313E+01  6.2557E+01  6.2134E+01  5.4254E+01  4.2317E+01  2.8274E+01  1.5348E+01  6.0203E+00
  7.5818E+01  7.3005E+01  6.8184E+01  6.1737E+01  5.4163E+01  4.6292E+01  3.9098E+01  3.6198E+01  4.4445E+01  4.9275E+01  4.9309E+01  4.4709E+01  3.4956E+01  2.3553E+01  1.2784E+01  4.9378E+00
  6.5579E+01  6.3147E+01  5.8975E+01  5.3390E+01  4.6812E+01  3.9740E+01  3.3253E+01  2.7703E+01  2.8184E+01  3.6181E+01  3.7780E+01  3.4881E+01  2.8099E+01  1.8976E+01  1.0355E+01  3.9347E+00
  5.5700E+01  5.3636E+01  5.0093E+01  4.5348E+01  3.9756E+01  3.3708E+01  2.7709E+01  2.2981E+01  1.9052E+01  2.2032E+01  2.7257E+01  2.6027E+01  2.1554E+01  1.4848E+01  8.1375E+00  3.0446E+00
  4.6460E+01  4.4737E+01  4.1783E+01  3.7825E+01  3.3158E+01  2.8113E+01  2.3001E+01  1.8453E+01  1.5308E+01  1.2926E+01  1.6416E+01  1.8460E+01  1.5692E+01  1.1193E+01  6.1991E+00  2.2928E+00
  3.8055E+01  3.6645E+01  3.4225E+01  3.0983E+01  2.7160E+01  2.3026E+01  1.8843E+01  1.4842E+01  1.1879E+01  9.7723E+00  8.7059E+00  1.1206E+01  1.0930E+01  7.9924E+00  4.5857E+00  1.6834E+00
  3.0611E+01  2.9476E+01  2.7530E+01  2.4922E+01  2.1847E+01  1.8520E+01  1.5160E+01  1.1942E+01  9.0807E+00  7.4296E+00  5.8789E+00  5.6536E+00  6.7513E+00  5.4599E+00  3.2507E+00  1.2105E+00
  2.4180E+01  2.3284E+01  2.1746E+01  1.9686E+01  1.7257E+01  1.4629E+01  1.1970E+01  9.4387E+00  7.1235E+00  5.3351E+00  4.4224E+00  3.3092E+00  3.4092E+00  3.4555E+00  2.2011E+00  8.6173E-01
  1.8757E+01  1.8062E+01  1.6869E+01  1.5271E+01  1.3387E+01  1.1348E+01  9.2864E+00  7.3178E+00  5.5374E+00  3.9854E+00  3.0748E+00  2.4404E+00  1.7527E+00  1.8380E+00  1.4340E+00  6.0148E-01
  1.4289E+01  1.3759E+01  1.2850E+01  1.1633E+01  1.0198E+01  8.6450E+00  7.0738E+00  5.5744E+00  4.2204E+00  3.0448E+00  2.1163E+00  1.7127E+00  1.2184E+00  8.7416E-01  8.4612E-01  4.0923E-01
  1.0689E+01  1.0293E+01  9.6132E+00  8.7026E+00  7.6289E+00  6.4672E+00  5.2920E+00  4.1696E+00  3.1536E+00  2.2901E+00  1.5570E+00  1.1020E+00  8.6597E-01  5.4471E-01  4.2167E-01  2.7565E-01
  7.8524E+00  7.5614E+00  7.0621E+00  6.3933E+00  5.6045E+00  4.7510E+00  3.8877E+00  3.0634E+00  2.3171E+00  1.6720E+00  1.1562E+00  7.3734E-01  5.6227E-01  3.8645E-01  2.2313E-01  1.7145E-01
  5.6649E+00  5.4550E+00  5.0948E+00  4.6123E+00  4.0432E+00  3.4275E+00  2.8047E+00  2.2100E+00  1.6715E+00  1.2115E+00  8.2851E-01  5.3492E-01  3.4190E-01  2.6128E-01  1.5398E-01  9.0016E-02
  4.0133E+00  3.8646E+00  3.6095E+00  3.2676E+00  2.8645E+00  2.4283E+00  1.9870E+00  1.5657E+00  1.1842E+00  8.5474E-01  5.9295E-01  3.8215E-01  2.2492E-01  1.6275E-01  1.0498E-01  4.8173E-02
  2.7922E+00  2.6887E+00  2.5112E+00  2.2733E+00  1.9929E+00  1.6894E+00  1.3824E+00  1.0893E+00  8.2391E-01  5.9631E-01  4.0693E-01  2.6912E-01  1.6106E-01  9.2449E-02  6.8379E-02  3.1297E-02
  1.9076E+00  1.8369E+00  1.7157E+00  1.5532E+00  1.3616E+00  1.1542E+00  9.4449E-01  7.4423E-01  5.6291E-01  4.0674E-01  2.8116E-01  1.7915E-01  1.1161E-01  5.9009E-02  4.0936E-02  1.9514E-02
  1.2799E+00  1.2325E+00  1.1511E+00  1.0421E+00  9.1352E-01  7.7441E-01  6.3369E-01  4.9933E-01  3.7768E-01  2.7314E-01  1.8701E-01  1.2345E-01  7.2771E-02  4.1474E-02  2.1201E-02  1.1254E-02
  8.4329E-01  8.1204E-01  7.5842E-01  6.8660E-01  6.0189E-01  5.1024E-01  4.1752E-01  3.2899E-01  2.4884E-01  1.7988E-01  1.2390E-01  7.9268E-02  4.9601E-02  2.7476E-02  1.2615E-02  6.5662E-03
  5.4563E-01  5.2541E-01  4.9072E-01  4.4424E-01  3.8944E-01  3.3014E-01  2.7015E-01  2.1287E-01  1.6101E-01  1.1641E-01  7.9896E-02  5.2333E-02  3.0680E-02  1.7864E-02  9.3379E-03  3.6737E-03
  3.4669E-01  3.3384E-01  3.1180E-01  2.8227E-01  2.4745E-01  2.0977E-01  1.7165E-01  1.3525E-01  1.0230E-01  7.3963E-02  5.0859E-02  3.2761E-02  2.0410E-02  1.0827E-02  5.9994E-03  2.1181E-03
  2.1632E-01  2.0831E-01  1.9456E-01  1.7613E-01  1.5440E-01  1.3089E-01  1.0710E-01  8.4393E-02  6.3831E-02  4.6148E-02  3.1700E-02  2.0624E-02  1.2228E-02  7.1904E-03  3.5404E-03  1.8221E-03
  1.3255E-01  1.2764E-01  1.1921E-01  1.0792E-01  9.4609E-02  8.0203E-02  6.5629E-02  5.1716E-02  3.9120E-02  2.8288E-02  1.9448E-02  1.2584E-02  7.7362E-03  4.1238E-03  2.2524E-03  1.2017E-03
  7.9763E-02  7.6807E-02  7.1736E-02  6.4941E-02  5.6928E-02  4.8256E-02  3.9482E-02  3.1104E-02  2.3517E-02  1.6993E-02  1.1667E-02  7.5613E-03  4.5256E-03  2.6324E-03  1.2531E-03  7.0059E-04
  4.7134E-02  4.5387E-02  4.2392E-02  3.8380E-02  3.3653E-02  2.8541E-02  2.3373E-02  1.8440E-02  1.3973E-02  1.0127E-02  6.9793E-03  4.5360E-03  2.7709E-03  1.5081E-03  8.3355E-04  4.7654E-04
  2.7349E-02  2.6325E-02  2.4565E-02  2.2206E-02  1.9423E-02  1.6413E-02  1.3372E-02  1.0479E-02  7.8719E-03  5.6461E-03  3.8455E-03  2.4695E-03  1.4747E-03  8.3393E-04  4.0242E-04  1.5219E-04
  1.5605E-02  1.5101E-02  1.4225E-02  1.3032E-02  1.1594E-02  9.9951E-03  8.3287E-03  6.6865E-03  5.1516E-03  3.7908E-03  2.6486E-03  1.7436E-03  1.0729E-03  6.0018E-04  3.2519E-04  2.6541E-04


# trapped boundary
#  mu         vpar      
  1.8108E-02 -7.6321E-02
  1.8108E-02  8.8062E-02
  9.5589E-02 -1.8200E-01
  9.5589E-02  1.9374E-01
  2.3573E-01 -2.8767E-01
  2.3573E-01  2.9941E-01
  4.3989E-01 -4.0509E-01
  4.3989E-01  4.1683E-01
  7.1007E-01 -5.1076E-01
  7.1007E-01  5.2250E-01
  1.0491E+00 -6.1644E-01
  1.0491E+00  6.2818E-01
  1.4607E+00 -7.3386E-01
  1.4607E+00  7.4560E-01
  1.9499E+00 -8.5127E-01
  1.9499E+00  8.6301E-01
  2.5234E+00 -9.6869E-01
  2.5234E+00  9.8043E-01
  3.1901E+00 -1.0861E+00
  3.1901E+00  1.0978E+00
  3.9625E+00 -1.2153E+00
  3.9625E+00  1.2270E+00
  4.8582E+00 -1.3444E+00
  4.8582E+00  1.3562E+00
  5.9041E+00 -1.4736E+00
  5.9041E+00  1.4853E+00
  7.1447E+00 -1.6262E+00
  7.1447E+00  1.6380E+00
  8.6646E+00 -1.7906E+00
  8.6646E+00  1.8023E+00
  1.0681E+01 -1.9902E+00
  1.0681E+01  2.0020E+00


# , time = 277.34642, var = <|f|^2>^(1/2) , z = 0
  1.5624E-02  1.5117E-02  1.4239E-02  1.3043E-02  1.1601E-02  9.9998E-03  8.3316E-03  6.6883E-03  5.1528E-03  3.7917E-03  2.6492E-03  1.7444E-03  1.0703E-03  6.1472E-04  3.1231E-04  1.0711E-04
  2.7381E-02  2.6354E-02  2.4590E-02  2.2227E-02  1.9438E-02  1.6423E-02  1.3378E-02  1.0481E-02  7.8729E-03  5.6462E-03  3.8454E-03  2.4684E-03  1.4826E-03  8.0243E-04  4.3018E-04  2.7588E-04
  4.7187E-02  4.5436E-02  4.2434E-02  3.8414E-02  3.3678E-02  2.8558E-02  2.3384E-02  1.8446E-02  1.3976E-02  1.0128E-02  6.9799E-03  4.5407E-03  2.7459E-03  1.5847E-03  7.7136E-04  3.5905E-04
  7.9851E-02  7.6888E-02  7.1805E-02  6.4997E-02  5.6970E-02  4.8285E-02  3.9501E-02  3.1115E-02  2.3523E-02  1.6996E-02  1.1669E-02  7.5484E-03  4.5941E-03  2.4726E-03  1.3577E-03  7.1314E-04
  1.3270E-01  1.2777E-01  1.1933E-01  1.0801E-01  9.4677E-02  8.0250E-02  6.5660E-02  5.1734E-02  3.9129E-02  2.8293E-02  1.9446E-02  1.2629E-02  7.5595E-03  4.4169E-03  2.1190E-03  1.3338E-03
  2.1655E-01  2.0851E-01  1.9473E-01  1.7627E-01  1.5451E-01  1.3096E-01  1.0715E-01  8.4422E-02  6.3847E-02  4.6155E-02  3.1719E-02  2.0498E-02  1.2623E-02  6.7292E-03  3.6567E-03  1.6939E-03
  3.4704E-01  3.3416E-01  3.1208E-01  2.8250E-01  2.4762E-01  2.0989E-01  1.7173E-01  1.3530E-01  1.0233E-01  7.3978E-02  5.0812E-02  3.3101E-02  1.9592E-02  1.1406E-02  6.0197E-03  2.1112E-03
  5.4616E-01  5.2590E-01  4.9115E-01  4.4459E-01  3.8970E-01  3.3032E-01  2.7027E-01  2.1294E-01  1.6105E-01  1.1642E-01  8.0066E-02  5.1507E-02  3.2049E-02  1.7331E-02  9.2153E-03  3.5940E-03
  8.4409E-01  8.1278E-01  7.5907E-01  6.8712E-01  6.0229E-01  5.1052E-01  4.1770E-01  3.2910E-01  2.4890E-01  1.7996E-01  1.2346E-01  8.0948E-02  4.7593E-02  2.7753E-02  1.2666E-02  6.6701E-03
  1.2811E+00  1.2336E+00  1.1520E+00  1.0429E+00  9.1411E-01  7.7483E-01  6.3397E-01  4.9949E-01  3.7777E-01  2.7305E-01  1.8814E-01  1.2032E-01  7.5024E-02  4.1696E-02  2.1110E-02  1.1368E-02
  1.9094E+00  1.8385E+00  1.7171E+00  1.5543E+00  1.3624E+00  1.1548E+00  9.4489E-01  7.4447E-01  5.6303E-01  4.0720E-01  2.7867E-01  1.8363E-01  1.1016E-01  5.8684E-02  4.1344E-02  1.9305E-02
  2.7946E+00  2.6909E+00  2.5131E+00  2.2750E+00  1.9941E+00  1.6903E+00  1.3830E+00  1.0897E+00  8.2414E-01  5.9535E-01  4.1142E-01  2.6385E-01  1.6069E-01  9.2611E-02  6.8466E-02  3.1316E-02
  4.0167E+00  3.8678E+00  3.6122E+00  3.2699E+00  2.8662E+00  2.4295E+00  1.9878E+00  1.5662E+00  1.1844E+00  8.5723E-01  5.8582E-01  3.8552E-01  2.2570E-01  1.6330E-01  1.0437E-01  4.8394E-02
  5.6696E+00  5.4593E+00  5.0986E+00  4.6154E+00  4.0456E+00  3.4293E+00  2.8058E+00  2.2107E+00  1.6722E+00  1.2069E+00  8.3675E-01  5.3654E-01  3.4433E-01  2.6104E-01  1.5417E-01  8.9845E-02
  7.8587E+00  7.5672E+00  7.0673E+00  6.3975E+00  5.6078E+00  4.7534E+00  3.8893E+00  3.0642E+00  2.3167E+00  1.6798E+00  1.1524E+00  7.3871E-01  5.6352E-01  3.8607E-01  2.2407E-01  1.7148E-01
  1.0697E+01  1.0300E+01  9.6200E+00  8.7083E+00  7.6333E+00  6.4704E+00  5.2940E+00  4.1713E+00  3.1567E+00  2.2815E+00  1.5556E+00  1.0983E+00  8.6087E-01  5.4604E-01  4.2128E-01  2.7585E-01
  1.4299E+01  1.3769E+01  1.2859E+01  1.1641E+01  1.0204E+01  8.6492E+00  7.0768E+00  5.5752E+00  4.2172E+00  3.0498E+00  2.1113E+00  1.7052E+00  1.2211E+00  8.7480E-01  8.4595E-01  4.0922E-01
  1.8771E+01  1.8075E+01  1.6880E+01  1.5281E+01  1.3394E+01  1.1354E+01  9.2894E+00  7.3217E+00  5.5446E+00  3.9868E+00  3.0870E+00  2.4601E+00  1.7611E+00  1.8371E+00  1.4347E+00  6.0147E-01
  2.4197E+01  2.3300E+01  2.1761E+01  1.9699E+01  1.7267E+01  1.4636E+01  1.1977E+01  9.4397E+00  7.1239E+00  5.3595E+00  4.4598E+00  3.3214E+00  3.4076E+00  3.4565E+00  2.2012E+00  8.6182E-01
  3.0632E+01  2.9496E+01  2.7548E+01  2.4937E+01  2.1859E+01  1.8529E+01  1.5162E+01  1.1947E+01  9.0965E+00  7.4472E+00  5.8556E+00  5.6374E+00  6.7483E+00  5.4617E+00  3.2506E+00  1.2107E+00
  3.8081E+01  3.6669E+01  3.4247E+01  3.1001E+01  2.7175E+01  2.3036E+01  1.8857E+01  1.4855E+01  1.1895E+01  9.7302E+00  8.6817E+00  1.1198E+01  1.0935E+01  7.9915E+00  4.5867E+00  1.6837E+00
  4.6491E+01  4.4767E+01  4.1809E+01  3.7847E+01  3.3176E+01  2.8128E+01  2.3012E+01  1.8485E+01  1.5316E+01  1.2965E+01  1.6441E+01  1.8481E+01  1.5693E+01  1.1194E+01  6.2006E+00  2.2931E+00
  5.5737E+01  5.3670E+01  5.0125E+01  4.5374E+01  3.9776E+01  3.3724E+01  2.7738E+01  2.3026E+01  1.9149E+01  2.2112E+01  2.7306E+01  2.6040E+01  2.1557E+01  1.4853E+01  8.1386E+00  3.0449E+00
  6.5621E+01  6.3187E+01  5.9012E+01  5.3421E+01  4.6840E+01  3.9768E+01  3.3307E+01  2.7797E+01  2.8260E+01  3.6220E+01  3.7789E+01  3.4883E+01  2.8115E+01  1.8977E+01  1.0355E+01  3.9351E+00
  7.5865E+01  7.3051E+01  6.8226E+01  6.1773E+01  5.4197E+01  4.6372E+01  3.9216E+01  3.6265E+01  4.4451E+01  4.9249E+01  4.9295E+01  4.4730E+01  3.4953E+01  2.3552E+01  1.2785E+01  4.9384E+00
  8.6127E+01  8.2936E+01  7.7473E+01  7.0183E+01  6.1765E+01  5.3262E+01  4.7162E+01  5.2414E+01  5.9327E+01  6.2556E+01  6.2150E+01  5.4232E+01  4.2310E+01  2.8277E+01  1.5350E+01  6.0210E+00
  9.6044E+01  9.2496E+01  8.6443E+01  7.8422E+01  6.9332E+01  6.0996E+01  6.1277E+01  6.7511E+01  7.2940E+01  7.7444E+01  7.3635E+01  6.4039E+01  4.9555E+01  3.3019E+01  1.7918E+01  7.1291E+00
  1.0529E+02  1.0140E+02  9.4829E+01  8.6244E+01  7.6946E+01  7.2289E+01  7.4544E+01  7.9898E+01  8.8193E+01  8.9727E+01  8.4864E+01  7.3332E+01  5.6351E+01  3.7484E+01  2.0375E+01  8.2018E+00
  1.1350E+02  1.0930E+02  1.0229E+02  9.3409E+01  8.5529E+01  8.2322E+01  8.4551E+01  9.3533E+01  9.9812E+01  1.0081E+02  9.5051E+01  8.1277E+01  6.2393E+01  4.1449E+01  2.2564E+01  9.1727E+00
  1.2010E+02  1.1568E+02  1.0843E+02  9.9742E+01  9.2282E+01  8.9225E+01  9.4847E+01  1.0287E+02  1.0891E+02  1.1029E+02  1.0270E+02  8.7953E+01  6.7191E+01  4.4717E+01  2.4348E+01  9.9715E+00
  1.2474E+02  1.2019E+02  1.1282E+02  1.0390E+02  9.6330E+01  9.5562E+01  1.0049E+02  1.0887E+02  1.1644E+02  1.1602E+02  1.0889E+02  9.2316E+01  7.0751E+01  4.6964E+01  2.5627E+01  1.0543E+01
  1.2713E+02  1.2247E+02  1.1492E+02  1.0587E+02  9.9152E+01  9.7402E+01  1.0361E+02  1.1367E+02  1.1859E+02  1.2035E+02  1.1121E+02  9.4851E+01  7.2446E+01  4.8178E+01  2.6276E+01  1.0840E+01
  1.2710E+02  1.2234E+02  1.1471E+02  1.0550E+02  9.8475E+01  9.6433E+01  1.0259E+02  1.1279E+02  1.1793E+02  1.1999E+02  1.1101E+02  9.4763E+01  7.2415E+01  4.8169E+01  2.6274E+01  1.0840E+01
  1.2457E+02  1.1993E+02  1.1252E+02  1.0343E+02  9.5594E+01  9.4647E+01  9.9652E+01  1.0830E+02  1.1613E+02  1.1575E+02  1.0864E+02  9.2188E+01  7.0699E+01  4.6949E+01  2.5623E+01  1.0543E+01
  1.1970E+02  1.1527E+02  1.0803E+02  9.9196E+01  9.1478E+01  8.8259E+01  9.3960E+01  1.0219E+02  1.0850E+02  1.1015E+02  1.0269E+02  8.7916E+01  6.7174E+01  4.4710E+01  2.4346E+01  9.9712E+00
  1.1308E+02  1.0893E+02  1.0192E+02  9.2878E+01  8.4816E+01  8.1489E+01  8.3784E+01  9.2970E+01  9.9414E+01  1.0052E+02  9.4921E+01  8.1273E+01  6.2394E+01  4.1450E+01  2.2564E+01  9.1727E+00
  1.0506E+02  1.0122E+02  9.4641E+01  8.5941E+01  7.6469E+01  7.1731E+01  7.4023E+01  7.9495E+01  8.7962E+01  8.9622E+01  8.4777E+01  7.3274E+01  5.6343E+01  3.7484E+01  2.0376E+01  8.2019E+00
  9.5947E+01  9.2419E+01  8.6368E+01  7.8309E+01  6.9130E+01  6.0715E+01  6.0997E+01  6.7308E+01  7.2795E+01  7.7382E+01  7.3661E+01  6.4048E+01  4.9545E+01  3.3015E+01  1.7918E+01  7.1291E+00
  8.6078E+01  8.2890E+01  7.7431E+01  7.0141E+01  6.1678E+01  5.3112E+01  4.7021E+01  5.2333E+01  5.9320E+01  6.2564E+01  6.2141E+01  5.4261E+01  4.2322E+01  2.8277E+01  1.5350E+01  6.0210E+00
  7.5827E+01  7.3014E+01  6.8192E+01  6.1744E+01  5.4169E+01  4.6297E+01  3.9102E+01  3.6202E+01  4.4450E+01  4.9281E+01  4.9315E+01  4.4714E+01  3.4960E+01  2.3555E+01  1.2785E+01  4.9384E+00
  6.5586E+01  6.3154E+01  5.8982E+01  5.3396E+01  4.6817E+01  3.9744E+01  3.3257E+01  2.7706E+01  2.8187E+01  3.6185E+01  3.7785E+01  3.4885E+01  2.8102E+01  1.8978E+01  1.0356E+01  3.9351E+00
  5.5707E+01  5.3642E+01  5.0099E+01  4.5353E+01  3.9761E+01  3.3712E+01  2.7712E+01  2.2983E+01  1.9055E+01  2.2034E+01  2.7261E+01  2.6030E+01  2.1557E+01  1.4849E+01  8.1385E+00  3.0449E+00
  4.6465E+01  4.4743E+01  4.1788E+01  3.7829E+01  3.3162E+01  2.8116E+01  2.3004E+01  1.8455E+01  1.5310E+01  1.2927E+01  1.6418E+01  1.8462E+01  1.5694E+01  1.1194E+01  6.1998E+00  2.2930E+00
  3.8060E+01  3.6649E+01  3.4229E+01  3.0986E+01  2.7163E+01  2.3029E+01  1.8845E+01  1.4844E+01  1.1880E+01  9.7734E+00  8.7069E+00  1.1207E+01  1.0931E+01  7.9933E+00  4.5863E+00  1.6836E+00
  3.0614E+01  2.9480E+01  2.7533E+01  2.4925E+01  2.1849E+01  1.8522E+01  1.5162E+01  1.1943E+01  9.0818E+00  7.4305E+00  5.8795E+00  5.6542E+00  6.7521E+00  5.4605E+00  3.2511E+00  1.2106E+00
  2.4183E+01  2.3287E+01  2.1749E+01  1.9689E+01  1.7259E+01  1.4631E+01  1.1972E+01  9.4397E+00  7.1243E+00  5.3357E+00  4.4229E+00  3.3095E+00  3.4096E+00  3.4558E+00  2.2013E+00  8.6183E-01
  1.8759E+01  1.8064E+01  1.6871E+01  1.5273E+01  1.3389E+01  1.1350E+01  9.2875E+00  7.3187E+00  5.5380E+00  3.9859E+00  3.0752E+00  2.4406E+00  1.7529E+00  1.8382E+00  1.4341E+00  6.0155E-01
  1.4290E+01  1.3761E+01  1.2852E+01  1.1635E+01  1.0199E+01  8.6460E+00  7.0746E+00  5.5750E+00  4.2209E+00  3.0451E+00  2.1165E+00  1.7129E+00  1.2186E+00  8.7426E-01  8.4622E-01  4.0928E-01
  1.0690E+01  1.0294E+01  9.6143E+00  8.7036E+00  7.6298E+00  6.4679E+00  5.2926E+00  4.1701E+00  3.1540E+00  2.2903E+00  1.5571E+00  1.1021E+00  8.6607E-01  5.4477E-01  4.2172E-01  2.7568E-01
  7.8533E+00  7.5623E+00  7.0630E+00  6.3940E+00  5.6051E+00  4.7516E+00  3.8881E+00  3.0637E+00  2.3174E+00  1.6722E+00  1.1563E+00  7.3743E-01  5.6233E-01  3.8649E-01  2.2315E-01  1.7147E-01
  5.6656E+00  5.4556E+00  5.0954E+00  4.6128E+00  4.0437E+00  3.4279E+00  2.8050E+00  2.2102E+00  1.6717E+00  1.2116E+00  8.2861E-01  5.3499E-01  3.4193E-01  2.6131E-01  1.5400E-01  9.0026E-02
  4.0138E+00  3.8651E+00  3.6099E+00  3.2680E+00  2.8648E+00  2.4286E+00  1.9872E+00  1.5659E+00  1.1844E+00  8.5484E-01  5.9302E-01  3.8219E-01  2.2495E-01  1.6277E-01  1.0499E-01  4.8179E-02
  2.7925E+00  2.6890E+00  2.5115E+00  2.2736E+00  1.9931E+00  1.6896E+00  1.3826E+00  1.0894E+00  8.2401E-01  5.9638E-01  4.0697E-01  2.6915E-01  1.6107E-01  9.2459E-02  6.8387E-02  3.1301E-02
  1.9079E+00  1.8372E+00  1.7159E+00  1.5534E+00  1.3617E+00  1.1544E+00  9.4460E-01  7.4432E-01  5.6298E-01  4.0678E-01  2.8120E-01  1.7917E-01  1.1162E-01  5.9016E-02  4.0940E-02  1.9516E-02
  1.2800E+00  1.2326E+00  1.1512E+00  1.0422E+00  9.1362E-01  7.7450E-01  6.3377E-01  4.9939E-01  3.7772E-01  2.7317E-01  1.8703E-01  1.2346E-01  7.2779E-02  4.1479E-02  2.1204E-02  1.1255E-02
  8.4338E-01  8.1213E-01  7.5851E-01  6.8667E-01  6.0196E-01  5.1030E-01  4.1757E-01  3.2903E-01  2.4887E-01  1.7991E-01  1.2392E-01  7.9277E-02  4.9607E-02  2.7479E-02  1.2617E-02  6.5670E-03
  5.4569E-01  5.2547E-01  4.9078E-01  4.4430E-01  3.8948E-01  3.3018E-01  2.7018E-01  2.1289E-01  1.6103E-01  1.1643E-01  7.9905E-02  5.2339E-02  3.0683E-02  1.7866E-02  9.3390E-03  3.6741E-03
  3.4673E-01  3.3388E-01  3.1184E-01  2.8230E-01  2.4748E-01  2.0979E-01  1.7167E-01  1.3527E-01  1.0231E-01  7.3971E-02  5.0865E-02  3.2765E-02  2.0412E-02  1.0828E-02  6.0001E-03  2.1183E-03
  2.1635E-01  2.0833E-01  1.9458E-01  1.7615E-01  1.5442E-01  1.3090E-01  1.0712E-01  8.4403E-02  6.3839E-02  4.6153E-02  3.1704E-02  2.0627E-02  1.2229E-02  7.1912E-03  3.5408E-03  1.8223E-03
  1.3257E-01  1.2766E-01  1.1923E-01  1.0794E-01  9.4620E-02  8.0212E-02  6.5637E-02  5.1722E-02  3.9124E-02  2.8291E-02  1.9450E-02  1.2586E-02  7.7371E-03  4.1243E-03  2.2527E-03  1.2019E-03
  7.9773E-02  7.6816E-02  7.1744E-02  6.4949E-02  5.6934E-02  4.8261E-02  3.9487E-02  3.1107E-02  2.3520E-02  1.6995E-02  1.1668E-02  7.5622E-03  4.5262E-03  2.6327E-03  1.2533E-03  7.0068E-04
  4.7139E-02  4.5393E-02  4.2397E-02  3.8385E-02  3.3656E-02  2.8544E-02  2.3375E-02  1.8442E-02  1.3975E-02  1.0128E-02  6.9801E-03  4.5365E-03  2.7712E-03  1.5083E-03  8.3364E-04  4.7659E-04
  2.7353E-02  2.6328E-02  2.4568E-02  2.2209E-02  1.9426E-02  1.6415E-02  1.3374E-02  1.0480E-02  7.8728E-03  5.6467E-03  3.8459E-03  2.4698E-03  1.4749E-03  8.3403E-04  4.0247E-04  1.5221E-04
  1.5607E-02  1.5102E-02  1.4227E-02  1.3034E-02  1.1595E-02  9.9963E-03  8.3297E-03  6.6873E-03  5.1522E-03  3.7913E-03  2.6489E-03  1.7438E-03  1.0730E-03  6.0025E-04  3.2522E-04  2.6544E-04
